16 1.735908509381545e-06 2.030741680955118e-08 1.694824220521696e-06 1.784667972515308e-06
32 2.423873903367735e-06 3.18353366715762e-08 2.361328142796992e-06 2.515624998977728e-06
64 3.749465934177465e-06 4.511285222645458e-08 3.663085863081506e-06 3.865234361910552e-06
128 6.473236105364322e-06 9.543651525952123e-08 6.292968691923306e-06 6.675781378362444e-06
256 1.188775633664818e-05 1.984424182183947e-07 1.155859399659676e-05 1.267187462872243e-05
512 2.25836182465855e-05 4.435231750384633e-07 2.182031221309444e-05 2.434374982840382e-05
1024 4.442480471311683e-05 2.146576974767741e-06 4.209375038044527e-05 5.959374902886339e-05
2048 8.725683596821909e-05 1.626663490663043e-06 8.434375195065513e-05 9.128125020652078e-05
4096 0.0001737001953188155 4.418030938108322e-06 0.0001648124962230213 0.0001832499983720481
8192 0.0003456152342096175 7.984276619377108e-06 0.0003316250076750293 0.000371375004760921
16384 0.0006927070294295845 1.247271490685335e-05 0.0006679999933112413 0.0007240000122692436
32768 0.001382203126013337 2.902963855141985e-05 0.001323500007856637 0.001454500015825033
65536 0.002781624998533516 5.072098874077205e-05 0.002686000021640211 0.00294550001854077
131072 0.005556109375902452 5.804811125919553e-05 0.00544350000564009 0.005688000004738569
262144 0.0111019531295824 0.0001297299324718234 0.01077649998478591 0.01145049999468029
524288 0.02224608593496669 0.0001778406119272303 0.02175799995893613 0.02270600001793355
1048576 0.04458970312589372 0.0004255848219906225 0.04365450004115701 0.04551850003190339
