16 8.509400939971101e-05 2.166452039927963e-08 8.508227537618041e-05 8.525878908471896e-05
32 8.538806915403541e-05 3.125457216946556e-08 8.536962889138522e-05 8.562695313685253e-05
64 8.597766112572458e-05 2.302798787761794e-08 8.596093744017708e-05 8.613867180429224e-05
128 8.721450805282416e-05 2.089008281705761e-08 8.718359367776429e-05 8.73066405802092e-05
256 8.969781495693496e-05 1.547498849701341e-08 8.966796895037987e-05 8.973437525128247e-05
512 9.460229495061867e-05 3.188587689892846e-08 9.45624997257255e-05 9.481249981035944e-05
1024 0.0001044096679834183 4.5188666872658e-08 0.0001043281245074468 0.0001046093748300336
2048 0.0001241269531533362 1.608813258248592e-07 0.0001240000019606669 0.0001245937528437935
4096 0.0001636513671883222 1.517933922428295e-07 0.0001633749998291023 0.0001641249982640147
8192 0.0002447070314701705 1.825998296682017e-07 0.0002443749981466681 0.0002450000029057264
16384 0.0004053203124385618 4.929456037380225e-07 0.0004047499969601631 0.0004072500159963965
32768 0.0007268984363690834 8.736855164657361e-07 0.0007259999983943999 0.0007309999782592058
65536 0.001370781249534048 8.947552354005972e-07 0.00136900000507012 0.001373999984934926
131072 0.002655671874890686 2.261159409456465e-06 0.002654000010807067 0.002671499969437718
262144 0.005229023440733727 1.820147100966527e-06 0.00522699998691678 0.00523900002008304
524288 0.01037717968847574 3.519071605092466e-06 0.01037350000115111 0.01039100001798943
1048576 0.02071683594022034 5.179369279192845e-06 0.02071100001921877 0.02074649999849498
