16 0.0001053758824127726 2.945794678904955e-08 0.0001053315354511142 0.0001054237072821707
32 0.0001058280995493988 1.791551120626598e-08 0.0001058001653291285 0.0001058581692632288
64 0.0001066351378540276 1.862866133860752e-08 0.0001065954566001892 0.0001066645490936935
128 0.0001082836479326943 2.135947339593413e-08 0.00010825035860762 0.0001083160459529608
256 0.0001115928425861057 3.275223561397885e-08 0.000111519533675164 0.0001116363564506173
512 0.000118180123536149 2.318204379137077e-08 0.000118141615530476 0.0001182232517749071
1024 0.0001313872198807076 1.544789232465985e-07 0.0001312614767812192 0.0001319047878496349
2048 0.0001576844188093673 6.537309529971297e-08 0.0001575984060764313 0.0001578418305143714
4096 0.0002105226667481475 2.905894605747227e-07 0.0002103188307955861 0.0002113649970851839
8192 0.0003161935237585567 5.135467991606472e-07 0.0003156439634039998 0.0003171220887452364
16384 0.000527213400346227 1.678098748367927e-06 0.0005262382328510284 0.0005323146469891071
32768 0.0009482224559178576 9.434806077986808e-07 0.0009475136175751686 0.0009510272648185492
65536 0.001793315605027601 3.964318969690491e-06 0.001790113281458616 0.001800304744392633
131072 0.003482780652120709 3.964003355082507e-06 0.003479187376797199 0.003492593765258789
262144 0.006883207825012505 2.495932073471715e-05 0.006852781400084496 0.006924234330654144
524288 0.01362714311107993 4.926971142474217e-05 0.01359926536679268 0.01375953108072281
1048576 0.02727682609111071 0.0002496667096777022 0.02714093774557114 0.02812743186950684


16 151837.411045718 42.44562672627524 151768.519742674 151901.3269053295
32 302377.1663288114 51.18606993560699 302291.2659714362 302456.994282124
64 600177.4191813465 104.8579135075036 600011.9115844459 600400.8242119242
128 1182080.647566069 233.1690744481509 1181727.036597952 1182444.119783172
256 2294054.123407588 673.4174278328911 2293159.756725332 2295561.966262172
512 4332369.971777704 849.8067842801368 4330789.352460291 4333781.942129645
1024 7793766.579909934 9137.540572735088 7763175.368336977 7801222.606284991
2048 12987968.9148739 5382.129530070359 12975014.24892263 12995055.28632549
4096 19456371.90278522 26789.59355507116 19378799.97391072 19475193.84976517
8192 25908248.03620335 42041.71548685533 25832322.28449761 25953292.15757843
16384 31076893.25164177 98247.08320943508 30778788.62186422 31134187.85867295
32768 34557323.71173866 34323.87349981007 34455373.90166407 34583144.12816387
65536 36544766.3345708 80652.79887848163 36402725.81857234 36609973.61384867
131072 37634342.23286876 42780.73232248901 37528555.79821149 37673164.96780913
262144 38085037.43547201 137939.8287465977 37858915.14957363 38253664.41672395
524288 38474270.27408344 138278.8041312555 38103624.09330437 38552670.74059977
1048576 38444959.18354768 343798.687542888 37279478.7972367 38634479.39160123
