16 1.377925582346506e-05 3.993441742022152e-08 1.369992969557643e-05 1.393334241583943e-05
32 1.498918936704285e-05 4.446946883303655e-08 1.489848364144564e-05 1.510453876107931e-05
64 1.743787652230822e-05 4.574582788843852e-08 1.732236705720425e-05 1.754588447511196e-05
128 2.238468732684851e-05 4.659140062871634e-08 2.228515222668648e-05 2.252170816063881e-05
256 3.217658377252519e-05 5.609408695333141e-08 3.205891698598862e-05 3.232806921005249e-05
512 5.187364877201617e-05 5.660971495753294e-08 5.178153514862061e-05 5.205348134040833e-05
1024 9.123526979237795e-05 7.064958537668355e-08 9.106099605560303e-05 9.143725037574768e-05
2048 0.000169954844750464 1.461543559480834e-07 0.0001697465777397156 0.0001705065369606018
4096 0.0003273440524935722 2.164579751991954e-07 0.0003270506858825684 0.00032825767993927
8192 0.0006421701982617378 4.125848602951023e-07 0.0006414949893951416 0.0006438791751861572
16384 0.001271563582122326 7.990226998203711e-07 0.001270473003387451 0.001275479793548584
32768 0.002530485391616821 2.81364068814407e-06 0.002528071403503418 0.002548098564147949
65536 0.005047483369708061 1.956180453399174e-05 0.005042433738708496 0.005200505256652832
131072 0.01007586345076561 3.212721246484944e-06 0.01007294654846191 0.01008808612823486
262144 0.02013344690203667 5.240420927827534e-06 0.02012789249420166 0.02016043663024902
524288 0.04025712050497532 6.725995887427639e-05 0.04023444652557373 0.0407339334487915
1048576 0.08059900254011154 0.0001959307081899025 0.08053100109100342 0.08175158500671387
