16 5.77688433622825e-06 1.978584645029018e-08 5.745932867284864e-06 5.810135917272419e-06
32 6.44921215098293e-06 1.950435203321598e-08 6.414969902834855e-06 6.48257446300704e-06
64 7.791810276103206e-06 2.336107454519066e-08 7.749145879643038e-06 7.841095793992281e-06
128 1.046780334945652e-05 1.853496313050616e-08 1.044267264660448e-05 1.049856291501783e-05
256 1.582370396135957e-05 1.585172588184091e-08 1.58031252794899e-05 1.58481125254184e-05
512 2.650132364578894e-05 1.160892511343747e-07 2.608252543723211e-05 2.66185961663723e-05
1024 4.795537643076386e-05 4.012669269042835e-08 4.789562080986798e-05 4.805169010069221e-05
2048 9.081811913347337e-05 3.678287005872476e-08 9.076355490833521e-05 9.089184459298849e-05
4096 0.0001765539236657787 7.821072589680994e-08 0.0001764633343555033 0.0001767831854522228
8192 0.0003477323334664106 1.57695540019699e-06 0.0003419008571654558 0.0003490097587928176
16384 0.000691595021635294 1.579922710295533e-07 0.0006914336699992418 0.0006919451989233494
32768 0.001378258864860982 5.102186466173538e-07 0.001377738546580076 0.001379368826746941
65536 0.002751255873590708 6.062130003028696e-06 0.00273051206022501 0.002759949304163456
131072 0.00549969996791333 1.021910452936514e-06 0.00549822673201561 0.005501709878444672
262144 0.01099581271409988 3.367228608845029e-06 0.01099118590354919 0.01100558042526245
524288 0.02198962448164821 1.66471826485701e-05 0.02197790145874023 0.0220467820763588
1048576 0.04399670660495758 6.297384431679279e-05 0.04378680884838104 0.04411230981349945


16 2769689.522201798 9489.226371306208 2753808.211686593 2784578.304264197
32 4961888.938270248 15008.41978270477 4936310.440027914 4988332.055285061
64 8213821.579273754 24628.61862480658 8162124.488905715 8258974.730121888
128 12228007.34113846 21650.07175926046 12192144.87126619 12257398.49669809
256 16178275.415185 16201.82984673978 16153343.15612713 16199327.37812626
512 19320141.96828378 85775.77591515824 19234673.26375453 19630000.98407395
1024 21353198.49504625 17858.9334210232 21310384.66813987 21379825.18412256
2048 22550569.58312896 9132.608251566106 22532274.58603019 22564122.81414424
4096 23199715.23695807 10269.87994218906 23169624.35947835 23211620.78773935
8192 23558811.13131692 108475.1762199909 23472123.03843633 23960162.21753914
16384 23690165.90468283 5410.511724526212 23678175.70740157 23695693.03736389
32768 23774927.22426594 8797.837745527733 23755792.76884124 23783903.03540475
65536 23820503.40173906 52768.75384378521 23745363.692419 24001358.92261888
131072 23832573.59616285 4427.898967680825 23823866.19722193 23838958.70222688
262144 23840349.94522592 7297.414202199787 23819188.98146152 23850383.59831129
524288 23842529.98779178 18012.99824994185 23780704.05849407 23855234.81321733
1048576 23833102.53911592 34213.69366374834 23770598.37567404 23947303.4819885
