16 1.897400125017157e-05 7.92659481899475e-08 1.880741911008954e-05 1.913914456963539e-05
32 1.957202948688064e-05 8.313302855671852e-08 1.941598020493984e-05 1.97611516341567e-05
64 2.103035876643844e-05 9.440286210052677e-08 2.085533924400806e-05 2.136523835361004e-05
128 2.388481516391039e-05 8.5681154641092e-08 2.372637391090393e-05 2.410728484392166e-05
256 2.958330151159316e-05 1.362676808874522e-07 2.937112003564835e-05 3.001932054758072e-05
512 4.088881541974843e-05 1.696971560114137e-07 4.062429070472717e-05 4.140660166740417e-05
1024 6.362126441672444e-05 4.269113744609187e-07 6.318837404251099e-05 6.520375609397888e-05
2048 0.0001089246943593025 6.588184055391933e-07 0.000108279287815094 0.0001112222671508789
4096 0.0001999619416892529 1.653137883038431e-06 0.0001986920833587646 0.0002051293849945068
8192 0.0003820201382040977 3.939052901059861e-06 0.0003793835639953613 0.0003927350044250488
16384 0.0007439823821187019 4.865197254770461e-06 0.0007404685020446777 0.0007627606391906738
32768 0.001471554860472679 1.41288523465565e-05 0.001462936401367188 0.001523017883300781
65536 0.002922486513853073 2.183093065515579e-05 0.002908468246459961 0.003024458885192871
131072 0.005815513432025909 2.334452447558494e-05 0.005801916122436523 0.005927443504333496
262144 0.01159865781664848 1.951252023860054e-05 0.01157999038696289 0.011726975440979
524288 0.02322686277329922 0.0001159287917326348 0.02315092086791992 0.02393257617950439
1048576 0.04652760736644268 0.0002305867502831466 0.04632699489593506 0.04764401912689209
