16 1.104684315578197e-05 1.430382120889063e-08 1.101130692404695e-05 1.106861600419506e-05
32 1.329893302681739e-05 8.585420014783333e-09 1.32790555653628e-05 1.331208841293119e-05
64 1.76893863681471e-05 7.377285469815816e-09 1.767251524142921e-05 1.770440576365218e-05
128 2.647887686180184e-05 5.800868034582213e-09 2.646560460561886e-05 2.64867558144033e-05
256 4.407316737342626e-05 2.172771602689972e-08 4.404192441143095e-05 4.413837450556457e-05
512 7.91851598478388e-05 1.92767213132973e-08 7.91506317909807e-05 7.921899668872356e-05
1024 0.0001496711229265202 4.316650055486167e-08 0.0001495876349508762 0.0001497412449680269
2048 0.0002905893779825419 1.025454325663227e-07 0.0002903778804466128 0.0002908208407461643
4096 0.0005721133202314377 3.530681528592973e-07 0.0005714960861951113 0.000572575256228447
8192 0.001136659062467515 4.835125236276029e-07 0.001135659869760275 0.001137730199843645
16384 0.002259324071928859 1.97226568119459e-06 0.002255507744848728 0.002262030728161335
32768 0.004467739956453443 4.663416435913866e-06 0.004460969939827919 0.004478078335523605
65536 0.009031538618728518 1.655553294916431e-05 0.009003672748804092 0.009057719260454178
131072 0.01818663999438286 2.120864305331552e-05 0.01814274489879608 0.01821821182966232
262144 0.03633448015898466 6.201857553701926e-05 0.03622056543827057 0.03646774590015411
524288 0.07242089696228504 0.0002395311620909782 0.07206550240516663 0.07289037108421326
1048576 0.1446589678525925 0.0005264492505551907 0.1438685059547424 0.1456762552261353


16 1448379.862511022 1877.0699048455 1445528.509972332 1453051.859362719
32 2406209.012640418 1553.968930977302 2403830.188576243 2409809.932829039
64 3617989.290566075 1509.013062213959 3614919.407879504 3621442.625776691
128 4834042.109428792 1059.212518277292 4832603.920877112 4836466.119229506
256 5808524.177902087 2861.367304230749 5799941.72571366 5812643.371540684
512 6465858.36828529 1574.052342578899 6463096.244601652 6468678.624727579
1024 6841667.649955266 1973.353808036449 6838463.245171009 6845485.593353194
2048 7047746.388092092 2487.034712790302 7042136.302011263 7052878.810362875
4096 7159423.348482949 4419.447416066028 7153644.792442395 7167153.194819269
8192 7207087.560526679 3065.721002913438 7200301.091705048 7213427.380972121
16384 7251731.573664898 6331.832401483611 7243049.26366652 7263996.338482464
32768 7334364.529702252 7654.37672343647 7317424.472023793 7345487.739660496
65536 7256372.275158952 13300.5433605198 7235375.497464232 7278807.41875084
131072 7207057.889588948 8412.006284127168 7194559.006421952 7224485.640466548
262144 7214764.450424688 12310.76330212471 7188379.581170992 7237435.33067596
524288 7239531.57244254 23913.78461163599 7192829.343594209 7275159.160791641
1048576 7248696.863747573 26353.52290128209 7197988.43244756 7288433.233120922
