16 1.415443148289341e-05 2.979849553101005e-08 1.406471710652113e-05 1.422758214175701e-05
32 1.67256330314558e-05 2.563574861947912e-08 1.664890442043543e-05 1.677882391959429e-05
64 2.190036684623919e-05 3.780261376872717e-08 2.182228490710258e-05 2.198712900280952e-05
128 3.19981190841645e-05 5.005728197289673e-08 3.191223368048668e-05 3.213062882423401e-05
256 5.21475012646988e-05 8.228170877841746e-08 5.196500569581985e-05 5.236733704805374e-05
512 9.201408829540014e-05 1.630500287765374e-07 9.155459702014923e-05 9.232014417648315e-05
1024 0.0001718277344480157 5.054176437121522e-07 0.0001685135066509247 0.0001729652285575867
2048 0.0003312794724479318 5.531041978076553e-07 0.0003294646739959717 0.0003322511911392212
4096 0.0006506710778921843 1.503369311010131e-06 0.0006449371576309204 0.0006539374589920044
8192 0.001289227046072483 2.979439622205875e-06 0.001283973455429077 0.001298636198043823
16384 0.00256649311631918 5.685490441959405e-06 0.002553761005401611 0.002576768398284912
32768 0.005125114694237709 1.65093926320877e-05 0.005089044570922852 0.005163431167602539
65536 0.01022991165518761 1.988317821649831e-05 0.01018953323364258 0.01027297973632812
131072 0.02045590616762638 3.781745667286431e-05 0.02037453651428223 0.02055943012237549
262144 0.04086165130138397 6.105571025669361e-05 0.04073798656463623 0.04107856750488281
524288 0.08169271424412727 0.0001202626131915842 0.08138799667358398 0.08210897445678711
1048576 0.163384310901165 0.0002392877692653872 0.1626064777374268 0.1646090745925903
