16 1.334652074547193e-05 3.82485644053244e-08 1.326521305600181e-05 1.342138784821145e-05
32 1.387572842759255e-05 2.51601307378623e-08 1.382438495056704e-05 1.392172271152958e-05
64 1.497937819294748e-05 2.956627491412498e-08 1.494563184678555e-05 1.504739338997751e-05
128 1.721783837638213e-05 3.183460566826067e-08 1.71275605680421e-05 1.724987669149414e-05
256 2.165451587643474e-05 6.465017888597948e-08 2.15264008147642e-05 2.180410956498235e-05
512 3.052823876714683e-05 1.169699190940982e-07 3.020370786543936e-05 3.065734927076846e-05
1024 4.797938890988007e-05 2.69831293333387e-07 4.748937499243766e-05 4.846118099521846e-05
2048 8.351932592631783e-05 3.42028949762624e-07 8.271876140497625e-05 8.399048238061368e-05
4096 0.0001552088615426328 1.397544154243459e-06 0.0001527470885775983 0.0001581740798428655
8192 0.0002973565860884264 2.583792340415269e-06 0.0002934365766122937 0.000303877517580986
16384 0.0005739963089581579 2.32311699858716e-06 0.0005703282076865435 0.000576935475692153
32768 0.001133435987867415 5.09808730840871e-06 0.001121736131608486 0.001141894608736038
65536 0.002228921861387789 6.610847242552706e-06 0.002216233871877193 0.002238484099507332
131072 0.004358506295830011 1.435246607330565e-05 0.004343686625361443 0.004387952387332916
262144 0.008553213207051158 7.390094988504026e-06 0.008542392402887344 0.008567281067371368
524288 0.01709721144288778 1.780621339868763e-05 0.01707512885332108 0.01713487505912781
1048576 0.03425880335271358 0.0001156128305595531 0.03416068851947784 0.03450693190097809


16 1198823.531381858 3433.899161842444 1192127.087075587 1206162.308321225
32 2306192.34622041 4184.322269996951 2298566.108740156 2314750.35702673
64 4272556.073135736 8415.72928322878 4253228.339376567 4282187.642255145
128 7434174.296595405 13787.9841621317 7420342.898051928 7473335.125075085
256 11822113.26731388 35299.14821001541 11740905.96256858 11892373.56504198
512 16771589.54040461 64655.35899612643 16700726.32431363 16951561.12226396
1024 21343131.27929114 120161.4752701135 21130314.59346885 21562717.97982316
2048 24521657.79193397 100824.7909852336 24383715.17762244 24758591.22180709
4096 26392248.67526065 237286.4183662836 25895519.69620484 26815568.38917527
8192 27551351.46890034 237729.6295244955 26958229.96453418 27917446.7429252
16384 28544176.49058951 115683.1148857387 28398323.01930128 28727318.37420317
32768 28910871.84024319 130265.1274528632 28696168.41108556 29211861.03991598
65536 29402798.76189863 87282.57513499606 29276955.78200614 29570886.372425
131072 30072992.93674732 98774.58248839148 29870880.18055459 30175289.17365059
262144 30648620.23572952 26468.32216211844 30598272.42021739 30687421.93479602
524288 30665148.78831245 31914.65021413118 30597713.62153644 30704775.61274901
1048576 30607815.90544944 102836.8707917697 30387401.66784513 30695400.04740009
