16 3.665260646812385e-05 2.394157526433884e-08 3.660836955532432e-05 3.677734639495611e-05
32 3.733918674697634e-05 2.730666272525292e-08 3.727688454091549e-05 3.7400983273983e-05
64 3.876008850056678e-05 3.313271581002493e-08 3.868830390274525e-05 3.884360194206238e-05
128 4.154910857323557e-05 6.388748998670289e-08 4.136702045798302e-05 4.166970029473305e-05
256 4.711093788500875e-05 1.535888239156028e-07 4.67933714389801e-05 4.756264388561249e-05
512 5.825082189403474e-05 3.296295648593279e-07 5.768798291683197e-05 5.916506052017212e-05
1024 8.057127706706524e-05 9.936333240478659e-07 7.939338684082031e-05 8.33459198474884e-05
2048 0.0001252730144187808 2.491794908246364e-06 0.0001226216554641724 0.0001325979828834534
4096 0.0002140805590897799 3.585590314948309e-06 0.0002088099718093872 0.0002292543649673462
8192 0.0003928570076823235 9.462798812198478e-06 0.0003769993782043457 0.0004273653030395508
16384 0.0007506208494305611 1.432703205013195e-05 0.0007269978523254395 0.0008044838905334473
32768 0.001467417925596237 3.565194420841672e-05 0.001421570777893066 0.001610517501831055
65536 0.00288824737071991 6.290145596446348e-05 0.002809524536132812 0.00318443775177002
131072 0.005741732195019722 6.800633244297464e-05 0.005679965019226074 0.006034970283508301
262144 0.01141207851469517 3.381671857620338e-05 0.01120245456695557 0.01144242286682129
524288 0.02277227118611336 8.303753502443694e-05 0.02253544330596924 0.02286446094512939
1048576 0.04545289278030396 0.0002843037061772588 0.04450547695159912 0.04634249210357666
