16 3.590719018120581e-06 2.983787383828899e-08 3.560508048394695e-06 3.656269655039068e-06
32 4.648406729756971e-06 6.590669002390431e-08 4.572784746414982e-06 4.813171472051181e-06
64 6.581314551112882e-06 1.359759928811392e-07 6.415366442524828e-06 6.856163963675499e-06
128 1.035955233419372e-05 2.620129233169657e-07 1.013873043120839e-05 1.112750032916665e-05
256 1.795571051843581e-05 7.047132523706345e-07 1.739623985486105e-05 2.000903623411432e-05
512 3.361500967002939e-05 1.374182768957073e-06 3.204864333383739e-05 3.6244498915039e-05
1024 6.381571984093171e-05 2.767820470652739e-06 6.180649506859481e-05 6.997230229899287e-05
2048 0.000126767243273207 5.028918862880787e-06 0.0001210896007250994 0.0001376899890601635
4096 0.0002472628984833136 7.799047215485932e-06 0.0002379721845500171 0.0002696025185286999
8192 0.0004978963843313977 2.075965750987835e-05 0.0004790439270436764 0.0005356669425964355
16384 0.0009667551494203508 2.32626669790712e-05 0.0009414209052920341 0.001038514776155353
32768 0.001937223423738033 3.57283366217481e-05 0.001902787014842033 0.002029470633715391
65536 0.003896937821991742 9.703624513764096e-05 0.003782219253480434 0.004123812541365623
131072 0.007698256522417068 0.0001204743103576286 0.007569883018732071 0.008080992847681046
262144 0.01547257439233363 0.0002959983781877811 0.01520981267094612 0.01620771735906601
524288 0.03090818272903562 0.0006248617899011304 0.03017953038215637 0.0326160341501236
1048576 0.06166892219334841 0.0008900192459931669 0.06098049879074097 0.06415200233459473


16 4456217.766005449 36674.68335445838 4376044.851601361 4493740.719730664
32 6885356.578797952 96111.37010263663 6648423.017092903 6997923.972933055
64 9728352.810096499 198890.6601909702 9334665.906340204 9976047.443801541
128 12362850.30237324 299724.2299831627 11503032.68601081 12624854.84435
256 14276517.77733011 522615.8839952251 12794219.42189969 14715823.77202425
512 15254501.51313427 605782.8031603361 14126281.65173929 15975715.24843373
1024 16072826.79304645 654937.7790484113 14634361.9740341 16567838.03811448
2048 16178927.61100607 627784.2737081188 14873993.48332527 16913095.65591367
4096 16580143.72443965 500218.5347736524 15192736.41193367 17212095.63943428
8192 16479168.71223938 663942.8987753779 15293084.84166018 17100728.21621033
16384 16956253.01650788 392060.0436320074 15776376.39461867 17403480.10958774
32768 16920203.75112979 305017.9253403797 16146082.36040892 17221055.08625218
65536 16826864.71322141 409523.9188473629 15892089.98775133 17327393.15408358
131072 17029978.88337543 258106.9278680999 16219789.13613479 17314930.71632091
262144 16948153.17878582 315581.7368084853 16174023.41072823 17235189.26046664
524288 16969075.92650438 333470.9183534 16074547.80022706 17372304.78278035
1048576 17006557.0180433 239769.3285042631 16345179.60220461 17195267.68054596
