16 7.102202289388515e-06 3.717143537750484e-08 7.022463250905275e-06 7.230730261653662e-06
32 8.055074431467801e-06 6.588594911592038e-08 7.952679879963398e-06 8.234870620071888e-06
64 9.980136383092031e-06 1.209441328250227e-07 9.760726243257523e-06 1.033698208630085e-05
128 1.385806535836309e-05 2.59427201017797e-07 1.332443207502365e-05 1.439638435840607e-05
256 2.164079342037439e-05 5.736510395563002e-07 2.063997089862823e-05 2.295710146427155e-05
512 3.776609082706273e-05 1.499099475476673e-06 3.462471067905426e-05 4.1203573346138e-05
1024 7.011269917711616e-05 2.597567128315743e-06 6.492063403129578e-05 7.478147745132446e-05
2048 0.0001330432714894414 6.228459421826103e-06 0.0001174658536911011 0.0001475661993026733
4096 0.0002639859449118376 1.12621535228309e-05 0.0002411901950836182 0.0002928227186203003
8192 0.000522073358297348 2.180663112499636e-05 0.0004642307758331299 0.0005693733692169189
16384 0.001057740300893784 4.968114225959131e-05 0.0009219646453857422 0.001139998435974121
32768 0.002146504819393158 8.474286114130918e-05 0.001946568489074707 0.002341985702514648
65536 0.00429072417318821 0.0001534942070859605 0.003893017768859863 0.004611968994140625
131072 0.008549703285098076 0.0002540547685720864 0.007686972618103027 0.009009480476379395
262144 0.01714102178812027 0.0003420531196218891 0.01624703407287598 0.01784741878509521
524288 0.03405869752168655 0.0005165582259285974 0.03270947933197021 0.03535342216491699
1048576 0.06816872954368591 0.0007639611722496535 0.06615102291107178 0.06999492645263672
