16 4.971768021277967e-06 2.186506597388099e-08 4.932471711072139e-06 5.006439096177928e-06
32 5.513388600775215e-06 1.705444108652736e-08 5.472764314617962e-06 5.536187018151395e-06
64 6.612541369577229e-06 1.670924205323734e-08 6.582962669199333e-06 6.645241228397936e-06
128 8.804863000477781e-06 2.07536861566373e-08 8.768445695750415e-06 8.837068889988586e-06
256 1.318705744779436e-05 1.981894970164636e-08 1.314976179855876e-05 1.323680044151843e-05
512 2.199444043071708e-05 4.253757836974426e-08 2.191103703808039e-05 2.205297641921788e-05
1024 3.965278028772445e-05 9.995205865521222e-08 3.945422940887511e-05 3.985455259680748e-05
2048 7.474147787434049e-05 1.940806254677063e-07 7.447341340593994e-05 7.509620627388358e-05
4096 0.0001457485996070318 2.092151793681013e-07 0.0001453569275327027 0.0001461433130316436
8192 0.000289896153844893 5.92983090405194e-07 0.0002889004535973072 0.0002908549504354596
16384 0.0005736104503739625 5.297704185232902e-07 0.0005728702526539564 0.0005750742275267839
32768 0.00114261606358923 1.133102592573336e-06 0.001141132786870003 0.001144427340477705
65536 0.00227702094707638 1.334552249781018e-06 0.002275210805237293 0.002279144711792469
131072 0.004546012380160391 2.127978755091458e-06 0.004542142152786255 0.004549358040094376
262144 0.009085950208827853 5.57503622377731e-06 0.009079281240701675 0.009096313267946243
524288 0.01819693064317107 3.826493887774061e-05 0.01814712584018707 0.01826418191194534
1048576 0.03642463590949774 9.727513765545464e-05 0.03633338212966919 0.03664307296276093


16 3218229.486566948 14169.25739585308 3195884.278751119 3243809.784876026
32 5804105.26199373 17999.82811247585 5780151.554685958 5847136.503672702
64 9678636.331482206 24458.77666987009 9630952.10547073 9722066.37285764
128 14537496.71742957 34279.85538277949 14484440.66618172 14597798.10942258
256 19413014.82803382 29158.56542051037 19340021.11243082 19468033.25578553
512 23278691.64637644 45054.41894189017 23216820.72601419 23367218.95500277
1024 25824320.26680999 65072.84999604449 25693426.05246124 25954124.95294242
2048 27401290.26460868 71063.63928122987 27271683.90545234 27499746.63893482
4096 28103240.26699417 40345.54990625222 28027283.04861349 28178911.52162991
8192 28258505.76037188 57802.0167687316 28165241.77338283 28355787.94700915
16384 28562961.28899976 26354.07801191397 28490235.20052795 28599844.24762372
32768 28678075.90577736 28431.93632908183 28632660.93094388 28715326.01379274
65536 28781474.84269127 16868.22868196495 28754646.27625956 28804363.90735447
131072 28832307.51821435 13497.07557432248 28811097.927408 28856868.76171355
262144 28851588.05368317 17698.20828315812 28818708.44573349 28872770.10704657
524288 28812011.30816884 60531.4702117119 28705802.56633884 28890966.2398966
1048576 28787741.34977164 76729.08126391677 28615940.61899861 28859851.14894525
