16 5.591409717453644e-06 5.407231159422577e-08 5.476293154060841e-06 5.766807589679956e-06
32 6.911042873980477e-06 8.399227895470126e-08 6.727525033056736e-06 7.105525583028793e-06
64 9.551287803333253e-06 1.4042966063547e-07 9.24314372241497e-06 9.852694347500801e-06
128 1.468506525270641e-05 3.637323253633466e-07 1.390045508742332e-05 1.563085243105888e-05
256 2.48421129072085e-05 7.002460646180554e-07 2.307817339897156e-05 2.72504985332489e-05
512 4.535337211564183e-05 1.525800137599695e-06 4.058517515659332e-05 4.833564162254333e-05
1024 8.616404375061393e-05 3.68465172203019e-06 7.859617471694946e-05 9.431317448616028e-05
2048 0.0001681488938629627 7.026664525699554e-06 0.0001512542366981506 0.0001846253871917725
4096 0.0003348961472511292 1.196450056374361e-05 0.0003042519092559814 0.0003543198108673096
8192 0.0006725499406456947 2.465832378252511e-05 0.0006105005741119385 0.0007188916206359863
16384 0.001351106911897659 4.286174921175922e-05 0.00121152400970459 0.00143200159072876
32768 0.002749709412455559 8.038313348593615e-05 0.002488017082214355 0.002898573875427246
65536 0.005483942106366158 0.0001343043939423842 0.005017995834350586 0.005741000175476074
131072 0.01089793257415295 0.00029074740316269 0.01025593280792236 0.01166558265686035
262144 0.02141144126653671 0.0006768324041019648 0.02023899555206299 0.02270746231079102
524288 0.04278121702373028 0.001266052674667288 0.03987646102905273 0.04545748233795166
1048576 0.08545337244868279 0.002512516089735956 0.08017897605895996 0.09106540679931641
