16 0.0001359941379632801 9.344091104384501e-07 0.0001341174356639385 0.0001376281725242734
32 0.0001358151130261831 1.401668944994908e-06 0.0001322372700087726 0.0001370597747154534
64 0.0001373122067889199 1.246225885581e-06 0.0001330873928964138 0.000137989001814276
128 0.0001385143877996597 1.690868052677542e-06 0.0001347053330391645 0.0001399284810759127
256 0.0001425621521775611 1.711368704258599e-06 0.0001389809767715633 0.0001449631527066231
512 0.0001505845866631716 1.50243902011356e-06 0.0001478295889683068 0.0001519196666777134
1024 0.0001658660294197034 1.383331473194813e-06 0.0001621396513655782 0.000167142366990447
2048 0.0001976129096874502 1.592310496798648e-06 0.0001935497857630253 0.0001998908701352775
4096 0.0002610264346003532 1.458009357179331e-06 0.0002585249021649361 0.0002635209821164608
8192 0.0003913978289347142 4.481332463344116e-06 0.0003846782492473722 0.000398223171941936
16384 0.0006431728252209723 5.811529653497745e-06 0.0006351885385811329 0.0006593349389731884
32768 0.00115499334060587 1.299372415531144e-05 0.001127949450165033 0.001178232487291098
65536 0.002170837135054171 2.999617795597715e-05 0.00210335198789835 0.002217764966189861
131072 0.004208968486636877 6.288392172177505e-05 0.004105865955352783 0.004311945289373398
262144 0.008252628496848047 0.0001780376785088087 0.007939845323562622 0.008519891649484634
524288 0.01628638198599219 0.0004092050674543097 0.01568009704351425 0.01687337458133698
1048576 0.03274957090616226 0.0006549736916947869 0.03169356286525726 0.03367950022220612


16 117657.3609455735 812.0888073542942 116255.2674102978 119298.4336510251
32 235638.2472742025 2462.116475303448 233474.774538587 241989.2667012645
64 466127.9738032532 4331.819483203877 463805.0798145474 480887.0217317523
128 924222.2403405266 11404.89627938816 914753.0153676049 950222.2154989586
256 1795952.764821298 21748.64619361531 1765966.007362531 1841978.707782257
512 3400402.307573244 34203.22747402017 3370202.233830404 3463447.362420576
1024 6174064.749205136 52131.71897620417 6126513.69271638 6315543.368791236
2048 10364331.42407773 84201.98612997738 10245590.49952608 10581256.86849114
4096 15692356.45510179 87687.27773041819 15543354.33597393 15843734.84217314
8192 20932681.05477414 239442.5929371318 20571379.51076955 21295719.2563597
16384 25475643.04513383 227854.4063564021 24849282.25632261 25793916.30176158
32768 28374097.80319166 319692.6787695234 27811149.62747097 29050947.27002671
65536 30194716.18533279 420068.4127083438 29550471.30742235 31157885.30738641
131072 31147647.0588846 465919.7479397838 30397417.22211116 31923107.43343253
262144 31778850.65859492 689426.9387725737 30768466.40600846 33016260.30699242
524288 32210862.01547546 809276.1887229494 31071911.39938871 33436527.75521953
1048576 32030043.47358385 642042.7084296249 31133953.6834527 33084825.59874824
