16 4.948883542965632e-06 1.150771260023811e-07 4.796364009962417e-06 5.12408405484166e-06
32 5.745346925323247e-06 1.332993223455296e-07 5.537665856536478e-06 5.958710971754044e-06
64 7.242308356580907e-06 1.08877585121431e-07 7.045333404676057e-06 7.426056981785223e-06
128 1.026561653816316e-05 1.405862652975177e-07 9.978346497518942e-06 1.051477011060342e-05
256 1.633534338907339e-05 1.854888760992284e-07 1.581811375217512e-05 1.659106783336028e-05
512 2.831145093296072e-05 1.871455452666431e-07 2.794402826111764e-05 2.857721119653434e-05
1024 5.272457565297373e-05 3.266824331581297e-07 5.205487832427025e-05 5.32308331457898e-05
2048 0.0001009326733765192 6.464986192892737e-07 9.953760309144855e-05 0.0001021589268930256
4096 0.0001978985092137009 9.944900415911533e-07 0.0001965126721188426 0.0001998245134018362
8192 0.0003921012612408958 2.063554332436924e-06 0.0003873062087222934 0.0003958744928240776
16384 0.0007792012329446152 3.228232483208058e-06 0.0007743760943412781 0.000785766402259469
32768 0.001550933840917423 9.183595054251895e-06 0.001533078029751778 0.001563355326652527
65536 0.0031024165218696 1.517806539335787e-05 0.003070308826863766 0.003128476440906525
131072 0.00617348391097039 4.002506104098876e-05 0.006104748696088791 0.006254374980926514
262144 0.01235786941833794 9.015235853526371e-05 0.0121917836368084 0.01255820319056511
524288 0.02472732169553638 0.0001781487288036612 0.02452309429645538 0.02518203109502792
1048576 0.04936928115785122 0.000212285210840519 0.049041748046875 0.04986536502838135


16 3234687.337552779 75011.30022748675 3122509.277513095 3335860.240541954
32 5572537.742038997 129360.0549655353 5370289.002384734 5778607.960288586
64 8838840.308917178 133324.951990632 8618301.765927793 9084027.160094732
128 12471005.93521362 171229.1349570113 12173352.21346597 12827776.62930692
256 15673464.59489385 180740.1866054373 15429989.35157454 16183977.68601189
512 18085297.15264668 119712.2955569383 17916373.87143264 18322340.47345335
1024 19422384.34225991 120724.4903820037 19236971.12151985 19671547.27787668
2048 20291535.26718105 130185.2798709926 20047195.70071968 20575138.80576804
4096 20697967.20095364 103883.3136090177 20497985.60881852 20843439.53922173
8192 20893105.47482767 110108.7463983995 20693427.20608281 21151223.02589741
16384 21026998.27669537 86894.8717523868 20850980.58772665 21157677.92901333
32768 21128611.5526384 125288.5308163795 20960046.28081781 21373993.60246882
65536 21124653.27316478 103543.1967551456 20948215.92487682 21345084.06014101
131072 21232283.42711106 137521.3523072608 20956850.2687671 21470498.87311096
262144 21213771.27553251 154002.5357901521 20874323.8202219 21501693.91200129
524288 21203806.14380244 151703.4906799941 20819925.04979149 21379357.50121801
1048576 21239809.18679217 91005.84598610068 21028142.46728552 21381293.32171749
