16 2.245189534733072e-05 5.258562145766322e-08 2.227956429123878e-05 2.254685387015343e-05
32 2.307486829522531e-05 7.143780590596531e-08 2.290378324687481e-05 2.334325108677149e-05
64 2.425895945634693e-05 7.598564758567222e-08 2.4022301658988e-05 2.44074035435915e-05
128 2.667682565515861e-05 1.07024600185057e-07 2.637319266796112e-05 2.686725929379463e-05
256 3.139000909868628e-05 2.062338749697589e-07 3.090221434831619e-05 3.187917172908783e-05
512 4.095310578122735e-05 5.347803598910148e-07 3.974325954914093e-05 4.216469824314117e-05
1024 5.96900936216116e-05 1.139990207988684e-06 5.729496479034424e-05 6.243586540222168e-05
2048 9.735382627695799e-05 1.988242190441702e-06 9.221583604812622e-05 0.000102311372756958
4096 0.0001735095866024494 2.833727902109059e-06 0.0001661181449890137 0.0001807510852813721
8192 0.0003256108611822128 7.334925792772864e-06 0.0003065168857574463 0.0003457367420196533
16384 0.0006250375881791115 1.243024874335399e-05 0.000593721866607666 0.0006495118141174316
32768 0.001220155507326126 4.050084234248829e-05 0.00111699104309082 0.001303553581237793
65536 0.002387585118412971 6.759824618332145e-05 0.002235531806945801 0.002539515495300293
131072 0.004705710336565971 0.0001503251887617449 0.004446029663085938 0.005025982856750488
262144 0.009376401081681252 0.0002277215591185631 0.008777976036071777 0.009830474853515625
524288 0.01876530796289444 0.0004129804365314549 0.01790344715118408 0.01982951164245605
1048576 0.03831053711473942 0.001135039983073067 0.03572690486907959 0.04187405109405518
