16 7.893494694144465e-05 4.335773953138053e-07 7.824596832506359e-05 7.963049574755132e-05
32 8.254159001808148e-05 4.481203918427798e-07 8.158679702319205e-05 8.319166954606771e-05
64 8.985378735815175e-05 5.002453932188706e-07 8.882788824848831e-05 9.047557250596583e-05
128 0.000104356153315166 3.955917879342978e-07 0.0001036595494952053 0.0001049328420776874
256 0.0001333515756414272 2.985201984223069e-07 0.000132882094476372 0.0001338557340204716
512 0.0001904556957015302 6.895256268240598e-07 0.0001885998644866049 0.0001912941806949675
1024 0.000305898574879393 1.08170956303859e-06 0.0003040126757696271 0.0003077236469835043
2048 0.0005343498341972008 4.033255718593157e-06 0.0005258622113615274 0.0005445603746920824
4096 0.0009939268638845533 5.875609241423332e-06 0.0009805276058614254 0.00100040202960372
8192 0.00191252984222956 9.70655003715946e-06 0.001885972451418638 0.001928566489368677
16384 0.003749242052435875 5.623846847826725e-05 0.003607516176998615 0.003863171674311161
32768 0.00736272253561765 8.366679487306585e-05 0.007258975878357887 0.007575975731015205
65536 0.01471958705224097 0.0002393582908383379 0.01416647061705589 0.01509357988834381
131072 0.02954153018072248 0.0002310749828506214 0.02880062162876129 0.02976103127002716
262144 0.05892252735793591 0.0006398609056181756 0.05747956037521362 0.05986450612545013
524288 0.1179259512573481 0.0007628466751607102 0.1154811084270477 0.1184359788894653
1048576 0.2370092980563641 0.003482517096234681 0.2324647903442383 0.2493107318878174


16 202704.2982621561 1114.530205699266 200928.0470979864 204483.3790481051
32 387694.0889171088 2110.277605440182 384653.8983362977 392220.3244589147
64 712289.0272281008 3980.589465360025 707373.2525514545 720494.4445033474
128 1226585.321313332 4653.564635724041 1219827.820018777 1234811.463327077
256 1919746.366091286 4297.654537769322 1912506.788546301 1926519.904798158
512 2688322.444161896 9778.989060440803 2676505.882928144 2714742.141484222
1024 3347554.03086336 11840.47355540643 3327661.068747479 3368280.606746676
2048 3832899.46596005 28881.13119766113 3760831.847447634 3894556.322458415
4096 4121163.468824901 24523.2417229143 4094353.948504595 4177342.866753385
8192 4283435.803638209 21847.3429071489 4247714.58238999 4343647.752562841
16384 4370883.062913031 66377.86285962144 4241074.79068256 4541628.975765585
32768 4451061.404268576 50110.4699696175 4325251.4479226 4514135.40272195
65536 4453421.830402041 73679.24125160917 4341978.542188717 4626134.60836866
131072 4437131.399192596 35320.13430853195 4404148.458793659 4551012.88053821
262144 4449458.36767417 48900.83194509331 4378955.360471185 4560647.26815555
524288 4446085.610745317 29189.69704750997 4426762.922180183 4540032.626472456
1048576 4425058.68813448 62513.32246979094 4205899.970931972 4510687.396776298
