16 3.609242412494496e-06 1.509290241081904e-08 3.579130861908197e-06 3.657478373497725e-06
32 5.020488970330916e-06 2.186586316696661e-08 4.975125193595886e-06 5.068839527666569e-06
64 7.909973646746948e-06 9.387066760770738e-08 7.816590368747711e-06 8.428702130913734e-06
128 1.364511263091117e-05 1.539400394328369e-07 1.344736665487289e-05 1.404900103807449e-05
256 2.513547951821238e-05 3.251755207506078e-07 2.473406493663788e-05 2.621486783027649e-05
512 4.819271271117032e-05 1.234980768176219e-06 4.727393388748169e-05 5.629658699035645e-05
1024 9.410129860043526e-05 1.750949407999761e-06 9.239092469215393e-05 0.0001037344336509705
2048 0.0001856392482295632 2.869507241684417e-06 0.0001825317740440369 0.0001927465200424194
4096 0.0003738254308700562 1.659623210315256e-05 0.0003630518913269043 0.0004404932260513306
8192 0.0007403800264000893 1.621847105188324e-05 0.0007238686084747314 0.0008222460746765137
16384 0.00146720465272665 2.300921790520784e-05 0.001436471939086914 0.0015297532081604
32768 0.002936618402600288 4.942493511367183e-05 0.002864480018615723 0.003118515014648438
65536 0.005800437182188034 2.149051593568196e-05 0.005757927894592285 0.005892038345336914
131072 0.01157932355999947 1.073774086697728e-05 0.01156497001647949 0.0116114616394043
262144 0.02315394580364227 2.101982021612126e-05 0.02314400672912598 0.02326703071594238
524288 0.04631541669368744 0.0001021921199421316 0.04628896713256836 0.04696500301361084
1048576 0.09264950640499592 0.0001153282551669741 0.09253203868865967 0.09350705146789551
