16 3.618353730416857e-06 3.906722806414109e-08 3.541761543601751e-06 3.753695636987686e-06
32 5.001014869776554e-06 8.30416592425641e-08 4.840781912207603e-06 5.199224688112736e-06
64 7.777620339766145e-06 1.96478354365636e-07 7.344875484704971e-06 8.233357220888138e-06
128 1.3368007785175e-05 4.774617942948484e-07 1.271255314350128e-05 1.46329402923584e-05
256 2.45150295086205e-05 9.845959725766989e-07 2.196524292230606e-05 2.692174166440964e-05
512 4.700422869063914e-05 2.083193795835799e-06 4.297681152820587e-05 5.198270082473755e-05
1024 9.123433846980333e-05 3.956462299527404e-06 7.993727922439575e-05 0.0001001879572868347
2048 0.0001794842537492514 8.878727283625207e-06 0.0001703798770904541 0.000204719603061676
4096 0.0003600611817091703 1.778918510705365e-05 0.0003326982259750366 0.0004038214683532715
8192 0.0007173824124038219 3.282958291859464e-05 0.0006641149520874023 0.0008132457733154297
16384 0.001408947631716728 5.945655469030963e-05 0.001272261142730713 0.001557230949401855
32768 0.00282459519803524 0.0001380958014799788 0.002521991729736328 0.003269433975219727
65536 0.005525410175323486 0.0001292881067542497 0.005159974098205566 0.005893945693969727
131072 0.01112194918096066 0.0002065905051957369 0.01081240177154541 0.01162254810333252
262144 0.02244758233428001 0.0003557797563621678 0.02169501781463623 0.02304649353027344
524288 0.0447421669960022 0.0006577881647035465 0.04329347610473633 0.04643392562866211
1048576 0.08899189904332161 0.001490660978675793 0.08534598350524902 0.09294402599334717
