16 1.399441589455819e-05 2.098430496585107e-07 1.351925311610103e-05 1.483788946643472e-05
32 1.688686279521789e-05 1.534462726572305e-07 1.63661316037178e-05 1.714599784463644e-05
64 2.28970602620393e-05 2.117067794562931e-07 2.211215905845165e-05 2.321577630937099e-05
128 3.500728053040802e-05 2.222181807220865e-07 3.451947122812271e-05 3.573251888155937e-05
256 5.908367165829986e-05 4.164138536080256e-07 5.789846181869507e-05 6.023049354553223e-05
512 0.0001074367319233716 5.521210362591627e-07 0.0001064147800207138 0.0001102667301893234
1024 0.0002044264110736549 9.342932626853868e-07 0.0002033896744251251 0.000209122896194458
2048 0.0003995625302195549 1.56261382310994e-06 0.0003964975476264954 0.0004047825932502747
4096 0.0007912770379334688 3.594256493250817e-06 0.00078544020652771 0.0008041262626647949
8192 0.001574420370161533 1.043279064217607e-05 0.001560479402542114 0.001608133316040039
16384 0.003155048936605453 1.817150603647056e-05 0.003124773502349854 0.003211498260498047
32768 0.006308291107416153 5.500869298454635e-05 0.00621950626373291 0.006492972373962402
65536 0.01262827403843403 0.0001220425551316473 0.01241910457611084 0.01293849945068359
131072 0.02542308531701565 0.0002745582498201267 0.02487397193908691 0.02584099769592285
262144 0.05092980898916721 0.0004259393511067669 0.05010497570037842 0.05155789852142334
524288 0.1015290059149265 0.0005906056518180814 0.1002604961395264 0.1028310060501099
1048576 0.2034640721976757 0.0009556278583764793 0.2009879350662231 0.2052974700927734
