16 1.910733590193558e-05 4.382440013226789e-07 1.769606024026871e-05 1.969264121726155e-05
32 2.339508500881493e-05 4.288719680143412e-07 2.224172931164503e-05 2.416211646050215e-05
64 3.106859367107973e-05 1.141814482068055e-06 2.902327105402946e-05 3.275973722338676e-05
128 4.765522317029536e-05 1.572570425701334e-06 4.512118175625801e-05 5.006417632102966e-05
256 8.145521860569715e-05 2.195645307232021e-06 7.794052362442017e-05 8.489098399877548e-05
512 0.0001490110298618674 3.860042822578275e-06 0.0001437962055206299 0.0001538116484880447
1024 0.0002836878411471844 7.025761727801814e-06 0.0002749823033809662 0.0002938136458396912
2048 0.0005512400530278683 1.32483746633398e-05 0.0005322843790054321 0.0005699098110198975
4096 0.001088299788534641 2.760026487802261e-05 0.001047059893608093 0.001131504774093628
8192 0.002153124660253525 5.619858628551778e-05 0.002054393291473389 0.002243012189865112
16384 0.004288829863071442 0.0001190792144686745 0.004096746444702148 0.004485487937927246
32768 0.008640479296445847 0.0002374515636761084 0.008126020431518555 0.00905001163482666
65536 0.01736441999673843 0.0004801904756001425 0.01663148403167725 0.01828646659851074
131072 0.03492600098252296 0.000896454631911721 0.03352344036102295 0.03623700141906738
262144 0.06986641511321068 0.001624967358848914 0.06707990169525146 0.0720745325088501
524288 0.1390757914632559 0.002541155494447651 0.1346524953842163 0.1433775424957275
1048576 0.2780699841678143 0.004074198534669929 0.2710330486297607 0.284756064414978
