16 8.337181839124241e-06 3.453915246756348e-07 7.38908420316875e-06 8.795479516265914e-06
32 9.63755962857249e-06 4.958804602615189e-07 8.73168210091535e-06 1.015709131024778e-05
64 1.121423770200636e-05 6.956648212388797e-07 9.99424810288474e-06 1.206025626743212e-05
128 1.623960019969672e-05 4.56642958612926e-07 1.468425034545362e-05 1.675175371929072e-05
256 2.518580004107207e-05 5.732549048527681e-07 2.334564487682655e-05 2.587115886854008e-05
512 4.240698035573587e-05 7.165128440338821e-07 4.120258381590247e-05 4.350628296379e-05
1024 7.814916352799628e-05 7.342315236089676e-07 7.691895007155836e-05 7.884498336352408e-05
2048 0.0001493913696322124 2.428445441290975e-06 0.0001475629978813231 0.0001580476528033614
4096 0.0002919473990914412 2.139941638336447e-06 0.0002896820660680532 0.0002986508188769221
8192 0.0005758753250120208 1.111005717924449e-06 0.0005741699133068323 0.0005780791398137808
16384 0.001152360317064449 1.348670642179449e-05 0.001143376808613539 0.001193878706544638
32768 0.002284779271576554 4.716799012629498e-06 0.002279144711792469 0.002298468723893166
65536 0.004562293062917888 1.298370165847499e-05 0.004554031416773796 0.004609748721122742
131072 0.009121590526774526 1.058521125558831e-05 0.009108327329158783 0.009152233600616455
262144 0.01843834621831775 0.0004706054471963015 0.01821134239435196 0.01963159441947937
524288 0.0365581326186657 0.0005002352649819149 0.03640644252300262 0.0384335070848465
1048576 0.07304491847753525 0.00050572525224062 0.07285499572753906 0.07491537928581238


16 1922369.149962521 83989.39281295927 1819116.282450594 2165356.295863908
32 3329011.180962653 179833.0878435655 3150508.253058067 3664815.052834483
64 5728143.816292474 363513.7929260764 5306686.572890455 6403683.33276888
128 7888269.437406546 239238.0529334855 7640991.035619142 8716822.240750615
256 10169651.69374306 243532.6280490005 9895188.742832152 10965642.68627729
512 12076730.86942456 205000.3160553531 11768415.16031453 12426405.15671712
1024 13104241.06669281 124180.8102391772 12987509.87464513 13312714.21473335
2048 13712201.15798359 212851.580300982 12958117.14804816 13878818.06011488
4096 14030620.49026238 101269.9434884248 13715013.4575322 14139639.55586312
8192 14225350.90388586 27434.83306957554 14171070.07638941 14267553.57629172
16384 14219556.82508145 162383.6646201624 13723337.14487555 14329484.27550081
32768 14341923.92946235 29513.5972513746 14256448.0688244 14377323.13812978
65536 14364814.4054836 40511.3996887258 14216826.98228249 14390765.89560015
131072 14369441.9076513 16645.1171560197 14321312.77671623 14390348.00389693
262144 14225627.32341577 346910.975624416 13353169.10071699 14394545.68056998
524288 14343616.68552204 187306.1979957351 13641430.089702 14400967.62183616
1048576 14355852.23077292 97140.95718453039 13996805.5958115 14392643.764903
