16 5.017817056796048e-05 1.861219719303567e-07 4.974630428478122e-05 5.065748700872064e-05
32 5.107267497805879e-05 3.220729166428041e-07 5.008000880479813e-05 5.175149999558926e-05
64 5.269479879643768e-05 3.659209222995759e-07 5.131424404680729e-05 5.355966277420521e-05
128 5.631183012155816e-05 6.2170717454581e-07 5.40432520210743e-05 5.748821422457695e-05
256 6.365688750520349e-05 8.924272131840927e-07 6.094202399253845e-05 6.569549441337585e-05
512 7.817754521965981e-05 1.370223191369464e-06 7.539056241512299e-05 8.18595290184021e-05
1024 0.0001073948806151748 2.685765452431417e-06 0.000103093683719635 0.0001135021448135376
2048 0.0001657124375924468 6.472852281779764e-06 0.000154249370098114 0.0001775994896888733
4096 0.0002816775813698769 1.24165329771165e-05 0.0002664923667907715 0.0003073066473007202
8192 0.0005129105411469936 2.404041093014121e-05 0.0004819929599761963 0.0005631446838378906
16384 0.0009777508676052094 4.805775672492422e-05 0.0009250044822692871 0.001085460186004639
32768 0.001915270462632179 0.000101026677976062 0.001813530921936035 0.002135992050170898
65536 0.003775980323553085 0.0001876048908001626 0.003568053245544434 0.004186511039733887
131072 0.007617451250553131 0.0004341459523381032 0.00718843936920166 0.008798599243164062
262144 0.01544197462499142 0.0008784095662538689 0.01449596881866455 0.01758193969726562
524288 0.03076330944895744 0.001416293401953002 0.02871549129486084 0.03503406047821045
1048576 0.06111037544906139 0.00146788528717815 0.05779004096984863 0.06541347503662109
