16 0.0007631004591530655 8.358455093892094e-06 0.0007486926042474806 0.0007749421056360006
32 0.0007648527462151833 6.870871446175208e-06 0.0007538198260590434 0.0007744013564661145
64 0.0007674662483623251 5.905674430044313e-06 0.0007579892408102751 0.0007829130627214909
128 0.0007812336116330698 7.431721016552391e-06 0.0007666337769478559 0.0007970009464770555
256 0.0007992835890036076 7.855877685626995e-06 0.0007811749819666147 0.0008186534978449345
512 0.0008357891056220978 8.93478850552636e-06 0.0008203487377613783 0.0008551571518182755
1024 0.0009116121364058927 7.921348104233909e-06 0.0008952568750828505 0.0009243562817573547
2048 0.001060209062416106 8.540078080334615e-06 0.001043767668306828 0.001079791225492954
4096 0.00136115140048787 8.758287636997418e-06 0.001345060300081968 0.001378381159156561
8192 0.001957075175596401 5.66663736089738e-06 0.001948345918208361 0.001971043646335602
16384 0.003165088186506182 3.126190764447462e-05 0.003148074261844158 0.00327921099960804
32768 0.005549505585804582 1.679059550567731e-05 0.005514031276106834 0.005577977746725082
65536 0.01032378827221692 1.504498049178121e-05 0.01030523329973221 0.01034801453351974
131072 0.01994476234540343 0.0001806936554753625 0.01984687149524689 0.02044375240802765
262144 0.03913654200732708 0.0004146633291094523 0.03896118700504303 0.04067499935626984
524288 0.07755189947783947 0.0001044458816340808 0.07736912369728088 0.07776337862014771
1048576 0.1548022665083408 0.0001859818271239094 0.1544152498245239 0.1551507711410522


16 20969.45972389456 230.2722172685012 20646.70364874378 21370.58641854995
32 41841.28845553578 376.3851360481659 41322.24166810357 42450.46215790771
64 83395.88765922849 637.443839241975 81745.98566222544 84433.9161484473
128 163857.3110666219 1555.836503249415 160602.0677463335 166963.684419955
256 320315.7080385401 3135.540559618728 312708.6131970456 327711.4678653915
512 612659.8025540863 6493.809102356771 598720.3625805636 624124.8098914364
1024 1123364.495291285 9791.183056780175 1107797.956490549 1143805.793063846
2048 1931811.435842305 15487.7627660644 1896662.939694691 1962122.474364637
4096 3009333.597392627 19321.41086887132 2971601.848146535 3045216.634340028
8192 4185870.990174098 12085.44365931368 4156173.819504137 4204592.174028887
16384 5176934.034944421 49570.13646225512 4996323.811416332 5204451.559030939
32768 5904720.875100118 17881.83072273844 5874530.42802808 5942657.623649851
65536 6348069.981804103 9247.25167586375 6333195.589135761 6359487.271549982
131072 6572246.368517485 58393.97076489715 6411347.456376548 6604164.290144688
262144 6698870.838877829 68529.04121117396 6444843.371819056 6728337.100357563
524288 6760490.653457205 9105.361926999691 6742093.891791917 6776450.022251266
1048576 6773656.762322562 8140.487479846814 6758432.409251179 6790624.638379902
