16 5.161076842341572e-06 1.444481774375008e-07 4.844448994845152e-06 5.777808837592602e-06
32 5.87011527386494e-06 2.44234897880628e-07 5.288980901241302e-06 6.70459121465683e-06
64 7.335871487157419e-06 3.200265859705259e-07 6.737420335412025e-06 8.56141559779644e-06
128 1.029491249937564e-05 4.54100331589391e-07 9.621027857065201e-06 1.242756843566895e-05
256 1.624025753699243e-05 7.469751013219094e-07 1.558195799589157e-05 2.01324000954628e-05
512 2.807899727486074e-05 1.406132906844236e-06 2.717971801757812e-05 3.549270331859589e-05
1024 5.175417754799128e-05 2.765881057392746e-06 5.057826638221741e-05 6.634369492530823e-05
2048 9.92495333775878e-05 5.304393871249402e-06 9.765475988388062e-05 0.0001282170414924622
4096 0.0001941903028637171 1.047999443038573e-05 0.0001917481422424316 0.0002521127462387085
8192 0.0003846259787678719 1.740153521307454e-05 0.0003805160522460938 0.0005006194114685059
16384 0.0007629953324794769 2.978509805414187e-05 0.0007579922676086426 0.0009974837303161621
32768 0.001522542908787727 5.952367691961175e-05 0.001513481140136719 0.001991033554077148
65536 0.003041302785277367 0.0001190299332597835 0.003023505210876465 0.003978490829467773
131072 0.0061077531427145 0.0002368882562094668 0.006075501441955566 0.007973074913024902
262144 0.01212599873542786 4.95479979539437e-06 0.01212096214294434 0.01215791702270508
524288 0.02426123805344105 0.0002671493452074567 0.02421903610229492 0.02636301517486572
1048576 0.04930564202368259 0.003346509272750596 0.04842793941497803 0.06388449668884277
