16 2.940452577426811e-06 2.477782352661558e-08 2.888916014853748e-06 3.01293945881298e-06
32 4.131416321939696e-06 3.956840991804042e-08 4.061035156155413e-06 4.22558593982103e-06
64 6.516204832607286e-06 9.146940113037982e-08 6.16406248354906e-06 6.702148425574705e-06
128 1.128851316778423e-05 1.919635778590111e-07 1.089648458219017e-05 1.166992183243565e-05
256 2.069049072872531e-05 4.970595673783184e-07 1.971875008166535e-05 2.182031221309444e-05
512 3.970056147295509e-05 8.362846542810081e-07 3.704687424033182e-05 4.147656272834865e-05
1024 7.796191431452826e-05 1.913341561694965e-06 7.045312668196857e-05 8.143749982991721e-05
2048 0.0001539873050546703 4.229865710315534e-06 0.0001385625000693835 0.0001608437523827888
4096 0.0003063798835682974 7.90882583698244e-06 0.0002874374986276962 0.000327875000948552
8192 0.0006103007817728212 1.494206267939698e-05 0.0005651250103255734 0.0006397500110324472
16384 0.001227289062626369 2.31874794768622e-05 0.001162000000476837 0.001294249988859519
32768 0.002466539059241768 5.471211472511071e-05 0.002303999965079129 0.002569000003859401
65536 0.004903851563540229 9.885670711752656e-05 0.004712999972980469 0.005166499991901219
131072 0.009728164060106792 0.0001629420458229262 0.009177500032819808 0.01004149997606874
262144 0.01918965625191049 0.0002805995262103196 0.01866599998902529 0.01980900001944974
524288 0.03792549999889161 0.0004787637479136302 0.03659400000469759 0.03886400000192225
1048576 0.07565016405715141 0.0009659845323200245 0.07281199999852106 0.07743799994932488
