16 0.0006708703622280154 4.493764405799096e-07 0.0006701198872178793 0.0006717441719956696
32 0.0006719306329614483 2.534432738347092e-07 0.0006713339826092124 0.0006722758989781141
64 0.000674026261549443 3.237358908653184e-07 0.0006731564644724131 0.0006745674181729555
128 0.0006781656702514738 5.617250373966553e-07 0.0006772314663976431 0.0006798624526709318
256 0.00068634569470305 3.683694910902324e-07 0.000685651320964098 0.0006868995260447264
512 0.0007029528496786952 4.414402363180017e-07 0.0007018866017460823 0.0007037636823952198
1024 0.000736226633307524 7.14073952501923e-07 0.0007350663654506207 0.0007379676681011915
2048 0.0008019329834496602 9.502664462895994e-07 0.0008002861868590117 0.0008037451189011335
4096 0.0009341480472357944 1.185325553672558e-06 0.0009315488860011101 0.0009361386764794588
8192 0.001197457400849089 2.759393207549778e-06 0.001192935276776552 0.001202496234327555
16384 0.001721348584396765 4.533576874192602e-06 0.001714941114187241 0.001732800621539354
32768 0.002770490886177868 5.379388786776556e-06 0.002761640585958958 0.002780905924737453
65536 0.004886325914412737 9.753850183652825e-06 0.004871703684329987 0.00490938127040863
131072 0.008666702080518007 9.063069717787727e-05 0.008499361574649811 0.008803263306617737
262144 0.01631420059129596 0.0001692124261104699 0.01598721742630005 0.01662750542163849
524288 0.03150667203590274 0.0002999384524399336 0.03099322319030762 0.03216812014579773
1048576 0.06229578610509634 0.0006122140407017689 0.06102137267589569 0.06355413794517517


16 23849.62524774746 15.97226186845087 23818.59146238063 23876.32467740484
32 47623.96994469452 17.96725960773483 47599.50497800273 47666.2895502899
64 94951.81048433577 45.62768433166003 94875.61698924322 95074.47878430471
128 188744.5617506009 156.1399714575834 188273.3772061314 189004.8031596387
256 372989.9832001966 200.1955948173488 372689.1492764416 373367.617289845
512 728356.3749370138 457.5174605768411 727516.9390063395 729462.5637906442
1024 1390877.287237823 1348.174609570426 1387594.666084459 1393071.494125912
2048 2553832.724198349 3025.958184690415 2548071.46175891 2559084.52954568
4096 4384750.575343379 5568.163866586514 4375420.119809436 4396978.045438958
8192 6841196.007298257 15767.61640925766 6812495.346050735 6867095.105222911
16384 9518180.384137584 25017.7050172522 9455213.598345248 9553680.802483322
32768 11827548.65294376 22951.61219945791 11783210.53887993 11865410.78755966
65536 13412172.19518297 26745.45771911777 13349136.35553613 13452378.10969475
131072 15125190.22547628 159101.7133507632 14889024.15328965 15421393.57748178
262144 16070076.92389969 166799.4757740922 15765684.22938864 16397099.82105801
524288 16641948.05961215 157912.8123692294 16298372.35199739 16916214.12786646
1048576 16833740.15079462 165666.4729175706 16498941.43642624 17183749.79155791
