16 0.0009997952001867816 6.377829446090563e-07 0.0009987927041947842 0.001000692427624017
32 0.001001851793262176 1.024890203313459e-06 0.0009999233298003674 0.001003255834802985
64 0.001005391517537646 1.224629751038421e-06 0.001003659097477794 0.001007031183689833
128 0.001011998014291748 1.236150914672894e-06 0.001010027248412371 0.001013695262372494
256 0.001025329169351608 1.277349295769252e-06 0.001023457385599613 0.001027799211442471
512 0.001051451137755066 1.138798238621095e-06 0.001049759797751904 0.001053210813552141
1024 0.001104348426451907 1.060921446029793e-06 0.001102519687265158 0.001105839852243662
2048 0.001209858164656907 8.423086985615965e-07 0.001208574511110783 0.001211009919643402
4096 0.001421446911990643 8.291829936105372e-07 0.001419673673808575 0.001422345638275146
8192 0.001845233084168285 1.264308429190678e-06 0.001843334175646305 0.001847574487328529
16384 0.002684020379092544 6.90698948401071e-06 0.002673461101949215 0.002697769552469254
32768 0.004384918021969497 8.750325399336849e-06 0.004367483779788017 0.004396483302116394
65536 0.007740411325357854 8.694339848024856e-06 0.007724234834313393 0.007748641073703766
131072 0.01418865751475096 2.187294642017447e-05 0.01414423435926437 0.01422542333602905
262144 0.02714418713003397 7.122868361320595e-05 0.02703391015529633 0.02728912234306335
524288 0.0529167540371418 0.0001424660718044746 0.05268174409866333 0.05319961905479431
1048576 0.1045794151723385 0.0006325326554131822 0.1034731268882751 0.1061267256736755


16 16003.28357526537 10.21167313744156 15988.92882400382 16019.34008208342
32 31940.88348987766 32.68275842303147 31896.15140018998 32002.45363450889
64 63656.88182588282 77.53803016150881 63553.1461553152 63766.6715330262
128 126482.6385413348 154.4978850699009 126270.6897735949 126729.2542861582
256 249676.2796724367 311.0137330960307 249075.886758772 250132.5444537363
512 486946.606065952 527.3154263985551 486132.4944748609 487730.6228495943
1024 927244.3928054285 890.9299427065462 925993.0340929428 928781.6007531541
2048 1692761.176990361 1178.723710560288 1691150.474310781 1694558.325673867
4096 2881571.779349165 1681.893868920958 2879750.104178016 2885170.075043805
8192 4439549.493703979 3041.102642628118 4433921.368899768 4444120.93489654
16384 6104313.407547853 15688.32802651346 6073165.139329197 6128385.405740319
32768 7472915.664877774 14942.0158625276 7453229.717539477 7502718.190195648
65536 8466743.540054811 9518.697013035897 8457741.089906298 8484464.986598961
131072 9237821.967642071 14243.79143802519 9213926.145032955 9266814.779136403
262144 9657525.936744085 25326.84455540956 9606171.891659778 9696858.445341924
524288 9907855.661634082 26662.52096911025 9855108.162710641 9951986.384849064
1048576 10026943.25603736 60477.43258843821 9880414.130783804 10133800.25842069
