16 0.001256612504221266 4.471082315549117e-07 0.001255963812582195 0.001257338153664023
32 0.001257000301848166 4.253237521661107e-07 0.001256276853382587 0.001257484895177186
64 0.00125796215434093 8.500253030710068e-07 0.00125708500854671 0.001260037068277597
128 0.001260829856619239 3.635203812637249e-06 0.001258581876754761 0.001273044850677252
256 0.00126222986727953 5.796720588955783e-07 0.001261580269783735 0.00126388855278492
512 0.001268133928533643 4.901560199489639e-07 0.001267359592020512 0.001269273459911346
1024 0.001279751246329397 7.526907693265369e-07 0.00127906259149313 0.001282238401472569
2048 0.001303581637330353 1.840763474422232e-06 0.001301619224250317 0.001309040933847427
4096 0.001349861908238381 5.682114678619851e-07 0.001349052414298058 0.001351437531411648
8192 0.001443429820938036 4.274469116954593e-07 0.001442619133740664 0.001444111112505198
16384 0.001630585029488429 1.046483208590083e-06 0.001629343722015619 0.001633560284972191
32768 0.002004335692618042 1.099723188170813e-06 0.002003039233386517 0.002007151953876019
65536 0.002752285334281623 4.116080017513145e-06 0.002749102190136909 0.002767285332083702
131072 0.004247781704179943 8.771936693352872e-07 0.00424664095044136 0.004249913617968559
262144 0.007233235752210021 4.799775004753384e-06 0.00722292996942997 0.007241023704409599
524288 0.0132157769985497 1.483613904526143e-05 0.01319067180156708 0.01323842257261276
1048576 0.02524154260754585 3.21528197881189e-05 0.02515984326601028 0.02527300268411636


16 12732.6457799818 4.530316262796045 12725.29585885406 12739.22054100018
32 25457.43496495063 8.615173599109706 25447.62177480553 25472.0923288831
64 50875.95612396014 34.3454651884222 50792.15652558899 50911.43364599429
128 101521.2239787546 290.5741578798878 100546.3396925134 101701.7663801473
256 202815.7130658216 93.08304145745433 202549.5044131193 202920.1043575963
512 403742.9014221524 156.0277185330475 403380.3716621957 403989.5253277994
1024 800155.7604167835 469.9954322677357 798603.4413132548 800586.3097009356
2048 1571059.118031812 2212.085235073385 1564504.17022536 1573424.824898058
4096 3034384.965663672 1276.671631481939 3030846.713071163 3036205.233086693
8192 5675371.642395421 1680.775537259268 5672693.693069629 5678560.479617663
16384 10047931.27861033 6442.130591763083 10029626.79169132 10055582.36645843
32768 16348563.44765297 8963.383619478247 16325619.95952603 16359140.37719546
65536 23811534.34570421 35442.53694963669 23682415.12365221 23839055.61427537
131072 30856577.47206896 6371.185289242841 30841097.43921145 30864865.08504503
262144 36241609.87030049 24052.58081070055 36202615.91470291 36293304.94819795
524288 39671418.45473636 44540.92150202303 39603509.94420066 39746876.26885793
1048576 41541739.89771702 53000.9321859844 41489965.12626541 41676571.22954239
