16 0.001007244827633258 3.625358387548422e-07 0.001006926293484867 0.001008384744636714
32 0.001007987837510882 3.732909268386264e-07 0.001007535145618021 0.001009023399092257
64 0.001009484178212006 3.795175314267673e-07 0.001009005820378661 0.001010417938232422
128 0.001012305045151152 4.222987528471609e-07 0.001011714804917574 0.001013447530567646
256 0.001017920905724168 4.503004001133749e-07 0.001017347909510136 0.001019269227981567
512 0.001029197592288256 7.906050428957399e-07 0.001028532162308693 0.001034297049045563
1024 0.001051584666129202 6.633576227246463e-07 0.001050733029842377 0.001054763793945312
2048 0.001096368418075144 1.164299542024367e-06 0.001095280051231384 0.001103125512599945
4096 0.001186089823022485 1.12245639037112e-06 0.001184746623039246 0.001190558075904846
8192 0.001365931238979101 1.113626038979506e-06 0.001364380121231079 0.001371622085571289
16384 0.001724471338093281 9.887765859602565e-07 0.001722455024719238 0.001726984977722168
32768 0.002441395074129105 2.108195224923415e-06 0.002436995506286621 0.002449393272399902
65536 0.003873618319630623 2.825500246376335e-06 0.003865957260131836 0.003883004188537598
131072 0.006740361452102661 4.374772881480837e-06 0.006723999977111816 0.006748557090759277
262144 0.01247589103877544 6.583115351906449e-06 0.01245105266571045 0.01249039173126221
524288 0.02394460700452328 1.795208928769837e-05 0.0238945484161377 0.02396297454833984
1048576 0.04692394472658634 7.711591051186105e-05 0.04680609703063965 0.04746747016906738
