16 0.0006129760076873936 1.083545355817651e-06 0.000610645511187613 0.0006142192287370563
32 0.0006134815648692893 1.274797098821116e-06 0.0006110785761848092 0.0006148227257654071
64 0.0006144287835923024 1.297268322314893e-06 0.0006121036130934954 0.0006158447358757257
128 0.0006164135993458331 1.270256232761274e-06 0.0006140740588307381 0.0006177341565489769
256 0.0006204290257301182 1.2531093546798e-06 0.0006180228665471077 0.0006217146292328835
512 0.0006282787362579256 1.288828107045251e-06 0.0006257891654968262 0.0006296876817941666
1024 0.000644069048576057 1.337825918578043e-06 0.0006416253745555878 0.0006454400718212128
2048 0.000675550545565784 1.395356869621225e-06 0.0006724372506141663 0.0006770268082618713
4096 0.0007387385703623295 1.322360786977756e-06 0.0007356256246566772 0.0007408112287521362
8192 0.0008647982031106949 1.542397296964801e-06 0.0008614957332611084 0.0008677542209625244
16384 0.001116608269512653 1.696238460048841e-06 0.001111209392547607 0.001119494438171387
32768 0.001620523631572723 9.2273352443187e-06 0.001589536666870117 0.001682400703430176
65536 0.00261964276432991 1.555915154659064e-05 0.002530455589294434 0.002630949020385742
131072 0.004622802138328552 2.635625291633681e-05 0.00453948974609375 0.004707574844360352
262144 0.00860610231757164 0.0001060888803126013 0.008344054222106934 0.008824467658996582
524288 0.01655374653637409 0.0002742113864031183 0.01578807830810547 0.01726150512695312
1048576 0.03253968618810177 0.000565641462144956 0.03117549419403076 0.03406357765197754
