16 0.0004523061124928063 5.372821010423222e-07 0.0004517927300184965 0.0004536916385404766
32 0.0004529670404735953 5.250343773233028e-07 0.0004524106625467539 0.0004547046264633536
64 0.0004542137212411035 5.575487923979203e-07 0.0004534921608865261 0.0004559648223221302
128 0.0004565441558952443 5.116188532963433e-07 0.0004559103399515152 0.0004576579667627811
256 0.0004612229240592569 6.006900817612472e-07 0.0004603667184710503 0.0004626326262950897
512 0.0004704752936959267 5.582622905366988e-07 0.0004695393145084381 0.0004719067364931107
1024 0.0004891747375950217 7.110196635328996e-07 0.0004880949854850769 0.0004911422729492188
2048 0.0005265991203486919 1.091279964887026e-06 0.0005253776907920837 0.0005311816930770874
4096 0.0006011831574141979 1.003040843469521e-06 0.0005996227264404297 0.0006042569875717163
8192 0.000750360544770956 8.85534555573995e-07 0.0007488727569580078 0.0007527470588684082
16384 0.001048699021339417 6.781854028974121e-07 0.001047253608703613 0.001049995422363281
32768 0.001645525917410851 1.591733977501602e-06 0.001642465591430664 0.001649022102355957
65536 0.00283844955265522 2.733810859914376e-06 0.00283205509185791 0.002847552299499512
131072 0.00522574782371521 2.867402049555563e-06 0.005218505859375 0.005232453346252441
262144 0.009999418631196022 1.710998870611842e-06 0.00999748706817627 0.01000893115997314
524288 0.01955121383070946 3.91698180665341e-06 0.01953804492950439 0.01956558227539062
1048576 0.03869933448731899 7.537270994748066e-06 0.03866803646087646 0.03872942924499512
