16 0.0008098414182313718 8.817408255293009e-07 0.0008087677997536957 0.0008108769543468952
32 0.0008129166380967945 8.329584970422571e-07 0.0008114995434880257 0.000813858350738883
64 0.0008188286738004535 9.238066093042665e-07 0.000817643478512764 0.0008199813310056925
128 0.0008308462129207328 9.903123422980355e-07 0.0008296533487737179 0.0008321874774992466
256 0.0008546880271751434 9.03126502752348e-07 0.0008535753004252911 0.0008560977876186371
512 0.0009024879982462153 8.13365404220604e-07 0.0009012636728584766 0.0009035125840455294
1024 0.0009982174087781459 1.017289847796224e-06 0.0009966366924345493 0.0009996076114475727
2048 0.001189295202493668 8.903997458937873e-07 0.001188003923743963 0.001190404407680035
4096 0.001571695087477565 7.874174025421571e-07 0.001570425927639008 0.001572783570736647
8192 0.002336555276997387 8.364783069522576e-07 0.00233530905097723 0.002337644807994366
16384 0.00386544648790732 7.38866509784012e-07 0.003864363767206669 0.003867007791996002
32768 0.006922292057424784 1.221375970949901e-06 0.006920617073774338 0.006925188004970551
65536 0.01303425198420882 2.036425492176878e-06 0.01303120329976082 0.01303672045469284
131072 0.02525539556518197 3.004484809884909e-06 0.02525168657302856 0.02526027709245682
262144 0.04970468021929264 5.343116401442295e-06 0.0496976226568222 0.04971407353878021
524288 0.0986093245446682 1.629366810367608e-05 0.09858748316764832 0.09865474700927734
1048576 0.1964877992868423 3.40490509434419e-05 0.196430504322052 0.1965565085411072


16 19756.97639246993 21.51095411834204 19731.72367796157 19783.18128500255
32 39364.46862956058 40.33662893412137 39318.88143796515 39433.17067370869
64 78160.52174653503 88.17462065602936 78050.55747001598 78273.72403973858
128 154060.003486441 183.6019228890474 153811.4949586175 154281.3033771182
256 299524.8087927703 316.4321876265751 299031.2598658875 299914.9575584589
512 567320.9958260703 511.3059697130658 566677.2207062028 568091.2427948243
1024 1025829.632054058 1045.556692696685 1024401.963603602 1027455.649358653
2048 1722029.20848887 1289.260489699197 1720423.737334209 1723900.030183218
4096 2606104.069722321 1305.652850322618 2604299.838967387 2608209.61238074
8192 3506016.34164643 1255.183697951139 3504381.8342225 3507886.888278015
16384 4238579.065165092 810.1200460120136 4236867.594089642 4239766.488609605
32768 4733692.349934495 835.1184778089439 4731712.695233802 4734837.898223593
65536 5027983.314971596 785.5528666573044 5027031.163839134 5029159.50986682
131072 5189861.366481684 617.3706871168318 5188858.361302002 5190623.589475349
262144 5274030.567809457 566.9087821692626 5273033.999024655 5274779.476076496
524288 5316819.842721093 878.3070804951288 5314371.744835519 5317997.611405158
1048576 5336596.131282344 924.7316458896365 5334730.494465942 5338152.56250036
