16 0.000577194624383992 2.384752871678571e-06 0.0005737085011787713 0.0005815407494083047
32 0.0005784670283901505 2.314778239742167e-06 0.0005752504803240299 0.0005828465800732374
64 0.0005809322938148398 2.365237122490165e-06 0.0005777538754045963 0.0005853339098393917
128 0.0005857473806827329 2.434480364705176e-06 0.0005822912789881229 0.0005902010016143322
256 0.0005956121312920004 2.48983454867308e-06 0.0005923043936491013 0.0005999812856316566
512 0.0006150593981146812 2.380995817405393e-06 0.0006115380674600601 0.0006192587316036224
1024 0.0006536940345540643 2.410571230718797e-06 0.0006506070494651794 0.0006580948829650879
2048 0.0007314098766073585 2.68334625364172e-06 0.0007279068231582642 0.0007365047931671143
4096 0.0008872619364410639 2.704805732416932e-06 0.0008836835622787476 0.0008920580148696899
8192 0.001198959536850452 2.626250355785297e-06 0.001194983720779419 0.001203864812850952
16384 0.001821578480303288 2.419928821148831e-06 0.001817524433135986 0.00182652473449707
32768 0.003065833821892738 3.046465727826792e-06 0.003061413764953613 0.003078460693359375
65536 0.005552539601922035 2.667994880925179e-06 0.005545496940612793 0.005559444427490234
131072 0.01052123866975307 6.565327162651683e-06 0.01050949096679688 0.01053047180175781
262144 0.02046402916312218 1.818449816123405e-05 0.02043747901916504 0.02052903175354004
524288 0.04036406427621841 4.571087089876351e-05 0.04030907154083252 0.04052400588989258
1048576 0.08023041859269142 0.000103218462510226 0.08007848262786865 0.08048999309539795
