16 0.00164933630003361 1.097531349120561e-06 0.001646932098083198 0.001652269274927676
32 0.001653921348406584 1.109965484832635e-06 0.001651407219469547 0.001656433683820069
64 0.0016629830643069 1.04175599338696e-06 0.001661328133195639 0.001665466697886586
128 0.001680883957305923 1.217716042753117e-06 0.001677701249718666 0.001683593727648258
256 0.001716747181490064 1.190562807537394e-06 0.001714917831122875 0.001719563268125057
512 0.001788790192222223 1.799077105129157e-06 0.001786656677722931 0.00179673358798027
1024 0.001932488929014653 1.785821475409485e-06 0.001930233091115952 0.001938797533512115
2048 0.002219490939751267 2.682605485500041e-06 0.002216435968875885 0.002233721315860748
4096 0.002793805440887809 3.437311018613379e-06 0.00278937816619873 0.002805441617965698
8192 0.003944193478673697 1.155300096297415e-05 0.00393223762512207 0.003998994827270508
16384 0.006241213530302048 1.933978285156531e-05 0.006217479705810547 0.006308972835540771
32768 0.01082488521933556 2.320561301176362e-05 0.01078140735626221 0.01093852519989014
65536 0.01999021880328655 4.315360138946808e-05 0.01991903781890869 0.02025651931762695
131072 0.03830944374203682 4.960862669549798e-05 0.03820550441741943 0.03848206996917725
262144 0.07496255077421665 0.0001501799180536828 0.07473456859588623 0.07573556900024414
524288 0.1482204031199217 0.000231508361951922 0.1474809646606445 0.1488529443740845
1048576 0.2949839979410172 0.0008109686009596105 0.2927060127258301 0.2987340688705444
