16 0.000699139925018244 3.860572204111814e-07 0.0006984397186897695 0.0007003496284596622
32 0.0007006812575127697 6.642298071305613e-07 0.0006993046263232827 0.0007048872066661716
64 0.0007036394745227881 7.534515170180055e-07 0.0007020605262368917 0.0007083653472363949
128 0.0007092201340128668 5.09117513645729e-07 0.0007081525400280952 0.0007109199650585651
256 0.000720198659109883 7.992150358097051e-07 0.0007188981398940086 0.0007236916571855545
512 0.0007420240435749292 9.174504404961773e-07 0.0007408447563648224 0.0007465928792953491
1024 0.0007859121542423964 1.230693416944306e-06 0.0007845312356948853 0.0007902644574642181
2048 0.0008727536769583821 1.041799445642704e-06 0.0008708089590072632 0.0008774697780609131
4096 0.001045727869495749 1.867560525993107e-06 0.001043692231178284 0.001055434346199036
8192 0.001390431076288223 2.423104903856649e-06 0.001385629177093506 0.001403391361236572
16384 0.002079276368021965 3.231030955007521e-06 0.002070486545562744 0.002089023590087891
32768 0.003458559513092041 9.503927804232778e-06 0.003441929817199707 0.003508567810058594
65536 0.006216920912265778 1.582217011348909e-05 0.006185531616210938 0.006281018257141113
131072 0.0117315910756588 3.942579072286301e-05 0.01167953014373779 0.01200008392333984
262144 0.02274703979492188 5.608121436950834e-05 0.02264547348022461 0.02305293083190918
524288 0.04479889944195747 7.460816699298335e-05 0.04460000991821289 0.04496502876281738
1048576 0.08892890810966492 0.0002456727831970699 0.08851897716522217 0.09040796756744385
