16 0.0004755865647894097 4.777312423546722e-07 0.0004750414518639445 0.0004766405909322202
32 0.0004764291625178885 5.893206535660873e-07 0.0004757354035973549 0.0004778921138495207
64 0.0004779725386470091 5.442137673017165e-07 0.0004770439118146896 0.0004790537059307098
128 0.0004811660837731324 1.05049222834488e-06 0.0004799705930054188 0.0004838849417865276
256 0.0004869660770054907 1.110733384328474e-06 0.0004856400191783905 0.0004903823137283325
512 0.0004988595610484481 1.183098815080923e-06 0.0004975311458110809 0.0005018748342990875
1024 0.0005225071799941361 1.066698213255188e-06 0.0005212202668190002 0.0005269534885883331
2048 0.0005698577733710408 1.130894849978579e-06 0.0005685612559318542 0.0005747154355049133
4096 0.0006651233416050673 1.23469879060584e-06 0.0006637424230575562 0.0006698071956634521
8192 0.0008567646145820618 1.202326044568527e-06 0.0008549988269805908 0.0008606314659118652
16384 0.00124106090515852 1.370142726703396e-06 0.001239478588104248 0.001246273517608643
32768 0.002007121220231056 1.528901924726257e-06 0.002005457878112793 0.002014994621276855
65536 0.003539079800248146 1.607299424163678e-06 0.003536462783813477 0.003545403480529785
131072 0.006601888686418533 2.659180237869864e-06 0.006598949432373047 0.006619453430175781
262144 0.01272711902856827 2.820276937470532e-06 0.01272296905517578 0.01273655891418457
524288 0.02498245984315872 4.348701840413562e-06 0.0249783992767334 0.02500557899475098
1048576 0.04953567683696747 3.064846977385782e-05 0.04952359199523926 0.04977107048034668
