16 9.737890359490242e-07 6.51122327254899e-09 9.653490951055943e-07 9.877414071102208e-07
32 1.433502540226783e-06 5.527272367572604e-09 1.424289840734616e-06 1.442007029117676e-06
64 2.309527220634155e-06 7.128715007924109e-09 2.297817606855546e-06 2.322822980627137e-06
128 4.085876975257197e-06 8.107392566957723e-09 4.065559787491679e-06 4.098824217813046e-06
256 7.612999326889192e-06 3.40702973690363e-08 7.544594216923883e-06 7.66348263958605e-06
512 1.461377825773269e-05 5.202501733493665e-08 1.455880583023372e-05 1.476190283078438e-05
1024 2.869606981170669e-05 1.070281777162937e-07 2.85250530893677e-05 2.893993791275307e-05
2048 5.681917877886633e-05 2.588293104789923e-07 5.624267713955078e-05 5.716315196480082e-05
4096 0.000113384039781117 5.080427568144883e-07 0.0001123881951770045 0.0001142236199314084
8192 0.0002275404898117728 1.000071633958778e-06 0.0002260844761110548 0.0002296274652167085
16384 0.0004550542688015469 1.547541172683531e-06 0.0004529838360554095 0.0004572680155092712
32768 0.0009088730825936864 3.449180987532772e-06 0.0009042070605573826 0.0009153153296210803
65536 0.001823296689366316 5.965273242773724e-06 0.001814277462244718 0.001832580279597096
131072 0.003658762717577702 1.311550791516267e-05 0.003633652699136292 0.003678558226965833
262144 0.00725871085575136 2.720913476313492e-05 0.007183984903349483 0.007297538346392685
524288 0.01449223470240213 6.386472598801806e-05 0.01436206077414681 0.01461240487878968
1048576 0.02928916462246889 0.0001003449856258451 0.02912290972017217 0.02948662615381181


16 16431349.64608362 109455.6596107383 16198571.69581489 16574315.01321276
32 22323257.31400146 86083.3726914898 22191292.65935681 22467337.11411937
64 27711546.76428629 85525.41977673324 27552680.73967509 27852515.27756416
128 31327539.72857535 62266.83436136301 31228467.77466715 31483979.25270014
256 33627326.07266536 150615.8447406182 33405177.78139419 33931579.70321928
512 35035843.51027886 124005.5902802656 34683875.50501135 35167719.52111271
1024 35684793.81196439 132895.4544423984 35383628.08818433 35898267.98189837
2048 36044870.31439576 164560.4131166513 35827275.60686456 36413629.36757882
4096 36125694.88043234 162141.8197350553 35859483.37532692 36445108.79055449
8192 36003034.13292447 157879.6317663472 35675174.97207438 36234243.68144593
16384 36004887.17196502 122417.6009597728 35830190.26981959 36169061.00374825
32768 36053924.81275216 136623.3643074374 35799684.479845 36239486.98188747
65536 35944044.80031254 117638.9127548168 35761598.40288606 36122369.02227484
131072 35824564.50815323 128581.1637798786 35631351.17426467 36071691.72528663
262144 36114879.48845514 135948.5561941894 35922250.42977443 36490054.40946531
524288 36177826.40330338 159527.2956317308 35879651.86764152 36505067.63930232
1048576 35801210.23207448 122672.8093272585 35561070.78952632 36005193.50831544
