16 2.240158083477439e-06 2.70297075330614e-08 2.194335934291303e-06 2.359375002924935e-06
32 2.802368165966129e-06 3.123364842212004e-08 2.736816384185659e-06 2.875488291920192e-06
64 3.879837025877464e-06 6.266844452532756e-08 3.763671884371433e-06 4.012695285382506e-06
128 6.081054710449507e-06 1.278426205112236e-07 5.822265620736289e-06 6.39257791590353e-06
256 1.049285885557083e-05 3.139541476453798e-07 9.875000159809133e-06 1.183593758469215e-05
512 1.933532715270303e-05 6.502082561477349e-07 1.810156209103297e-05 2.122656223946251e-05
1024 3.661865224557914e-05 9.946873844558182e-07 3.481249950709753e-05 3.956250111514237e-05
2048 7.186035139739033e-05 2.786709021135645e-06 6.690625014016405e-05 8.028125012060627e-05
4096 0.0001425849603720053 5.837598306806088e-06 0.0001335624983767048 0.0001574999987496994
8192 0.0002829257805387897 1.275823907311308e-05 0.0002647500077728182 0.0003308750019641593
16384 0.0005710195296160236 1.988136111654825e-05 0.000534249993506819 0.0006242500094231218
32768 0.001150882812908094 3.996751894035821e-05 0.001083499984815717 0.001253000053111464
65536 0.002284921875798318 7.007757463153436e-05 0.002162999997381121 0.002516999957151711
131072 0.004623570310286595 8.528290248901858e-05 0.004398499964736402 0.004778000002261251
262144 0.009238507816917263 0.0001533304173708981 0.00886450003599748 0.009668499988038093
524288 0.01846302343892603 0.0003695865571947094 0.01767349999863654 0.0195464999997057
1048576 0.0369885468726352 0.0007602056582128288 0.03576949995476753 0.03868449997389689
