16 5.069801330304102e-06 2.478141244291611e-08 5.01953124398824e-06 5.171142589688316e-06
32 8.664558413862267e-06 5.179546989969539e-09 8.653808549752284e-06 8.684082047238917e-06
64 1.36606750444912e-05 5.286151427745716e-09 1.364550780635909e-05 1.367578124700231e-05
128 2.35649719151354e-05 1.636043123087128e-08 2.352929686821881e-05 2.362695295232697e-05
256 4.337158208045366e-05 4.405971425495178e-08 4.327343731347355e-05 4.346874993643723e-05
512 8.310961921154103e-05 3.692514597665013e-07 8.27656249384745e-05 8.585156228946289e-05
1024 0.0001624038086731616 3.617793382198165e-07 0.0001617343750694999 0.0001632031253393507
2048 0.0003211962891782605 9.123357630010544e-07 0.0003184062479704153 0.0003230625006835908
4096 0.0006398173824209152 1.959419616813505e-06 0.0006328124945866875 0.0006428124979720451
8192 0.001278087890113966 5.576117196638039e-06 0.001265000013518147 0.001298874994972721
16384 0.002556902344622358 1.319223090809971e-05 0.002520999987609684 0.002605999994557351
32768 0.005096414062791155 3.231437129207529e-05 0.004999500000849366 0.00518849998479709
65536 0.0101933125006326 7.57893115870437e-05 0.01002350001363084 0.01039549999404699
131072 0.02033468749687017 0.0001112495236874793 0.01996000000508502 0.02065650001168251
262144 0.04064217968880257 0.000205926891263458 0.04008050000993535 0.041216500045266
524288 0.08127468749717082 0.0002452177517954239 0.08060549997026101 0.08185099996626377
1048576 0.1625599687495196 0.0003701347639901807 0.16152800002601 0.1634949999861419
