16 1.215837631962646e-05 7.958394717901081e-09 1.214347874523014e-05 1.217901594152693e-05
32 1.264344191309608e-05 1.916111107057161e-08 1.258814984517187e-05 1.266896027729558e-05
64 1.353456857722257e-05 1.735093346822803e-08 1.349908619729945e-05 1.355839638073064e-05
128 1.530364673640872e-05 1.938291255107762e-08 1.52594327893496e-05 1.53235461688439e-05
256 1.884151672726375e-05 5.044009976661154e-08 1.872143304382234e-05 1.888980158781806e-05
512 2.591493394299427e-05 9.344642639346382e-08 2.565914711283312e-05 2.598477122361942e-05
1024 4.019426155466022e-05 1.272264692813239e-08 4.017254698851502e-05 4.022614081122811e-05
2048 6.859758063804122e-05 9.373836732360899e-08 6.8262830581034e-05 6.865431005564915e-05
4096 0.0001254890538628928 5.285479779873638e-07 0.0001235776133228228 0.0001257216671319838
8192 0.0002427805035303265 6.264190433522825e-07 0.0002410197750464249 0.0002436352686743248
16384 0.0004751892602534724 9.386819468991663e-07 0.0004727514364617491 0.0004761835463682473
32768 0.0009388958553273596 2.876627146238892e-06 0.0009302372761794686 0.0009421504937563441
65536 0.001866137889464881 6.436601084380984e-06 0.001845654307317091 0.001872492316806529
131072 0.003718543967210053 1.894150208249002e-05 0.003660409970507317 0.003734054718734114
262144 0.007453068466247714 2.46343085115562e-05 0.007384820863990171 0.007482866843929514
524288 0.01488593089845835 4.930833339227138e-05 0.01475376522466831 0.01492786084781983
1048576 0.02977519925889283 0.0001140905032546488 0.02945599746817607 0.02988065289900987


16 1315965.718017629 860.9293024918835 1313735.040402125 1317579.610890715
32 2530961.842210036 3843.1424759744 2525858.420864114 2542073.330361051
64 4728639.725544595 6064.147358823087 4720322.241866124 4741061.658884991
128 8364032.11140815 10605.9108426297 8353157.851950209 8388254.122351011
256 13587108.1558033 36491.52171186393 13552286.33873493 13674166.89741463
512 19757189.98105475 71608.1780634481 19703848.67328009 19953897.83411504
1024 25476275.88004342 8062.150988835109 25456083.51557742 25490044.24072869
2048 29855332.81211304 40965.73726105577 29830610.75611934 30001685.87455282
4096 32640847.2426131 139326.3932515631 32579905.22588265 33145161.89352182
8192 33742624.27252696 87373.51361281944 33624031.71172443 33988912.31402928
16384 34479020.12358293 68256.79080642067 34406900.71078128 34656690.04122772
32768 34900878.15040852 107476.072933216 34780006.18495069 35225421.34043459
65536 35118914.09612635 122008.8304322465 34999342.54030446 35508274.62119137
131072 35249070.85807118 181322.0785841373 35101788.77197462 35808010.86656258
262144 35172989.19012775 116763.8654395772 35032562.44799607 35497678.93196507
524288 35220734.35774368 117202.685094318 35121442.07028636 35535877.92785192
1048576 35216910.19794981 135738.4257753757 35092138.16525226 35598047.60076008
