16 1.263457515909838e-05 1.664891391985201e-08 1.260171670658394e-05 1.266151309309294e-05
32 1.923509794976574e-05 2.948725276701218e-08 1.919720371290623e-05 1.930944935324419e-05
64 3.246401737477811e-05 6.089673454546381e-08 3.237487968732466e-05 3.257269285938946e-05
128 5.900230428323994e-05 9.559130184001438e-08 5.878289123018021e-05 5.923657333539722e-05
256 0.000112066024468227 2.408266611528965e-07 0.0001114573942260222 0.0001123843963029003
512 0.0002183864231994903 6.953161960083132e-07 0.0002176476890554113 0.000219959963033034
1024 0.0004301745083203912 1.343303883343921e-06 0.0004274452855952404 0.0004331142304181412
2048 0.000854182430927608 3.000252246834873e-06 0.0008496152611314756 0.000859853420138279
4096 0.001700319087817093 3.678557537809836e-06 0.001695115372967848 0.001707704967657264
8192 0.003396049209641205 6.856212508715517e-06 0.003379749769464979 0.003408023687370587
16384 0.006773623604033219 1.430684092894781e-05 0.006746664556885662 0.006798179140787397
32768 0.01349410915543103 4.292463506042742e-05 0.0134049214393599 0.01357260754230083
65536 0.02673312532056116 7.95334136178188e-05 0.02662956007407047 0.02685875019233208
131072 0.05283875280474604 0.0001565324735394111 0.05257493066164898 0.05313174341426929
262144 0.1050411861770044 0.0003426364168603663 0.104650385925197 0.1058946163102519
524288 0.2098315749062749 0.001054024761296088 0.207510741049191 0.2118175018113106
1048576 0.4205179980363027 0.001727497087001577 0.4173820009746123 0.4227480210538488


16 1266368.347281808 1669.801703525798 1263672.033694635 1269668.281912779
32 1663629.189368033 2546.988749467759 1657219.707025134 1666909.435278143
64 1971419.939622255 3698.907707539786 1964836.013905164 1976841.323214465
128 2169412.135598935 3514.314631750655 2160827.218604705 2177504.326876022
256 2284377.550539206 4918.514410457673 2277896.295407634 2296841.782258634
512 2344490.301903896 7442.224976576856 2327696.335915036 2352425.620607665
1024 2380451.035365687 7427.508262583859 2364272.351456567 2395628.246487794
2048 2397642.014068581 8420.34561884339 2381801.307100281 2410502.840159174
4096 2408970.16930396 5208.096476863134 2398540.776993316 2416354.70087716
8192 2412223.975931549 4873.762269849996 2403739.161308595 2423848.083077704
16384 2418804.096152636 5108.564825653937 2410057.113926293 2428459.257438322
32768 2428341.936280102 7732.190674354398 2414274.478789296 2444475.347970761
65536 2451510.724686333 7288.22807580183 2440024.183206779 2461024.508768104
131072 2480624.00348737 7349.46595630204 2466924.508349536 2493051.31458045
262144 2495655.412893193 8109.276728645963 2475517.728228657 2504950.150756039
524288 2498672.665052052 12569.76379731896 2475187.34531692 2526558.371625284
1048576 2493573.714706085 10266.3059527487 2480380.623393704 2512269.330137647
