16 0.0003522572059631024 2.274692289343128e-06 0.0003501396484466568 0.000360756591817335
32 0.0003529568786637682 2.957952085169528e-06 0.0003504165039203144 0.0003669082031478865
64 0.0003532842865023866 3.621549130573617e-06 0.000351324218740956 0.000371775390590301
128 0.0003564494934060747 8.830693638964822e-06 0.0003531660154294514 0.0004144218751207518
256 0.0003601286010948002 8.207160014582276e-06 0.0003570351559574192 0.0004143203127568995
512 0.0003683560790790352 8.066393576932654e-06 0.0003648203128250316 0.0004082421874045394
1024 0.000382429199305534 5.431646294017063e-06 0.0003804687494266545 0.0004196562495053513
2048 0.0004137656251259614 5.544479850437451e-06 0.0004116562486160547 0.0004509062491706572
4096 0.0004762910156159705 3.93700731062537e-06 0.0004741250013466924 0.0004951874943799339
8192 0.0006042890624939901 5.647809538786235e-06 0.0006016249972162768 0.000639749996480532
16384 0.0008583593757975905 5.906658620354526e-06 0.0008545000164303929 0.0008949999755714089
32768 0.001365695312415482 5.952604992060905e-06 0.001361000002361834 0.001402000023517758
65536 0.002380148437623575 4.114125781365342e-06 0.00236449996009469 0.002389499975834042
131072 0.004409195305925095 4.483319109111795e-06 0.004400999983772635 0.004431999986991286
262144 0.008466499996757193 9.516901862605278e-06 0.008411000017076731 0.008488999970722944
524288 0.01659196093442006 1.075127027874702e-05 0.01652899995679036 0.0166060000192374
1048576 0.03288686718769895 1.246558481124941e-05 0.03281399997649714 0.03292599995620549
