16 2.487695036551552e-06 7.40516659015033e-08 2.366676530307643e-06 2.624099796122437e-06
32 3.03643275331722e-06 6.411765735587662e-08 2.877197272432852e-06 3.139065129165175e-06
64 4.115471778920465e-06 7.026051344321351e-08 3.991050774310168e-06 4.288269022545421e-06
128 6.308841643321017e-06 7.335715303076674e-08 6.142211319115631e-06 6.423530666488375e-06
256 1.069390343844123e-05 5.228115348440779e-08 1.062209983970774e-05 1.084350442326354e-05
512 1.954300501383344e-05 9.947154030562316e-08 1.943204044252411e-05 1.975665249176473e-05
1024 3.71883008192242e-05 2.924136857576333e-07 3.67990141825203e-05 3.816247518528826e-05
2048 7.239105240852695e-05 4.18786939205023e-07 7.203235203689928e-05 7.353478410720982e-05
4096 0.0001429217106512226 6.141010958320905e-07 0.0001423774692170809 0.0001446413757548726
8192 0.0002843038005622134 9.604686477900823e-07 0.0002830840113006161 0.0002870980903253439
16384 0.0005687177071962424 3.338045225035645e-06 0.0005659325954638916 0.0005793135583189724
32768 0.001133373664217174 3.148227510854712e-06 0.001130099467900436 0.001142701043136185
65536 0.002266892952889066 7.972730923301143e-06 0.002261644838199572 0.002286464959524892
131072 0.004534523361883203 2.508476698247855e-05 0.004522633499618678 0.004626437501428882
262144 0.009061263669082109 1.725874246265829e-05 0.009028077498442144 0.009102546478970908
524288 0.01805137468932116 4.771282354276258e-05 0.01799593656687648 0.01819955939572537
1048576 0.03607184844804578 3.388826834564568e-05 0.036037561003468 0.03613362213218352


16 6437005.084390774 191765.1532099652 6097329.081631263 6760535.204158284
32 10543155.26978994 226055.4542650194 10194117.89283592 11121934.63639077
64 15555287.30941843 263422.0996992173 14924436.79804655 16035877.17098439
128 20291576.93536405 237701.2930193673 19926736.03440197 20839400.23386068
256 23939406.46845258 116321.0330267819 23608603.82468054 24100696.08299253
512 26199265.9569893 132820.0610448936 25915321.44493708 26348236.64114884
1024 27537110.05990138 212801.6885890177 26832641.09647571 27826832.39613535
2048 28291668.81939383 162198.5653988979 27850765.11565091 28431669.13320964
4096 28659539.61885158 122333.0801919772 28318314.71889203 28768596.76270046
8192 28814553.88312811 96820.88483591599 28533801.77735317 28938405.81939702
16384 28809588.08218771 167090.2084481456 28281747.88027126 28950444.15416668
32768 28912120.42433908 79915.2675681511 28675916.76477954 28995677.75293114
65536 28910388.11993746 101023.8412878031 28662586.63925374 28977140.39493984
131072 28906168.03381346 157090.1013218469 28331086.27524272 28981344.61062371
262144 28930279.53736852 55062.31363883903 28798974.06792882 29036525.22314244
524288 29044403.83820271 76375.45687597321 28807730.37412885 29133687.93291983
1048576 29069119.33146754 27291.03333428962 29019399.05620626 29096752.68809375
