16 0.0007217590655361761 2.009592681028562e-05 0.0006935483500001283 0.0007527375739186937
32 0.0007120837436964678 2.188189915388835e-05 0.0006928515606432484 0.00076296483501892
64 0.0007109290067432994 1.619462437737216e-05 0.0006871913021768705 0.0007465262831374275
128 0.0007118684059435054 1.590545212185124e-05 0.0006900185259155478 0.0007533085184832089
256 0.0007208592001575198 1.460512685996679e-05 0.0007004032853501485 0.0007499667677848265
512 0.0007231523631432424 1.035084859843436e-05 0.0007096250742506527 0.0007497295741814014
1024 0.0007518106777411049 1.793333041343551e-05 0.0007348564366793653 0.000787966895700265
2048 0.0008011510820509216 2.337738619393588e-05 0.0007686152498536103 0.000847488221097592
4096 0.0008778374844524706 2.405424203978158e-05 0.0008603349499480828 0.0009561553528101285
8192 0.001042540593445551 2.005773293407211e-05 0.001016882975591216 0.001094074259981426
16384 0.001372662436224914 1.881029216515838e-05 0.001343170111113068 0.001414997897882131
32768 0.002044306404314966 1.90054952688881e-05 0.002011722533097782 0.002082125424294645
65536 0.003380250056267187 2.987559705995452e-05 0.003320492132843356 0.003430480119732238
131072 0.006074427757084777 5.186975443676626e-05 0.005985977104501217 0.006189875280142587
262144 0.01145669706488661 7.934613506157349e-05 0.01135823552976944 0.01158925070376426
524288 0.02223709217878422 0.0003337226202686223 0.02163109096727567 0.02289040720279445
1048576 0.04370274001394137 0.0002705506809398925 0.04341068299981998 0.04430287839932134


16 22184.17412235879 617.345923731653 21255.7477590832 23069.76867582057
32 44976.84297954862 1330.055663581908 41941.64466204588 46185.93912134797
64 90066.22991631743 2022.276070500453 85730.40420094396 93132.72708380055
128 179890.8088480069 3930.201617743339 169917.1015054081 185502.2657981013
256 355267.6576399117 7155.444755365076 341348.4583538895 365503.7110113203
512 708144.715624133 9948.257992184286 682912.9030411153 721507.7631531833
1024 1362754.681260806 31737.64566487677 1299546.980447666 1393469.4572823
2048 2558332.412531537 73521.91219720042 2416552.760282156 2664532.092474174
4096 4669109.447949983 120652.1896943631 4283822.694671852 4760936.423944157
8192 7860393.331330157 147822.9063438182 7487608.748001326 8055990.902234519
16384 11938009.95586722 162081.5845308914 11578815.788011 12198008.17814714
32768 16030206.06680241 148901.7285774908 15737764.69834938 16288528.5922317
65536 19389337.9461642 171767.1461071619 19104031.42202595 19736833.39038095
131072 21579140.03669346 183592.4477615803 21175224.71260208 21896508.74231361
262144 22882316.03189809 158133.3699758614 22619581.42944081 23079641.13906001
524288 23582140.62609449 352391.8215072649 22904267.07376334 24237704.92173338
1048576 23994226.47795237 147618.3737638794 23668349.278544 24154791.5752523
