16 2.25817859700328e-06 1.053355240746538e-08 2.241836227767635e-06 2.27914824790787e-06
32 2.698720436455915e-06 1.089347081684423e-08 2.675208634173032e-06 2.718841642490588e-06
64 3.70585922837563e-06 1.574387830141189e-08 3.673590981634334e-06 3.737735823960975e-06
128 5.660945248564531e-06 1.732677453862492e-08 5.609086656477302e-06 5.678100933437236e-06
256 9.350989785161801e-06 2.193789648525944e-08 9.322389814769849e-06 9.395294910063967e-06
512 1.676961755947559e-05 3.327711033534518e-08 1.671298377914354e-05 1.681951835053042e-05
1024 3.163086239510449e-05 6.949501277537116e-08 3.152221324853599e-05 3.173365257680416e-05
2048 6.119542831584113e-05 1.968348196612998e-07 6.064557237550616e-05 6.15008466411382e-05
4096 0.000121063914775732 3.87776249342272e-07 0.0001202785642817616 0.0001218076213262975
8192 0.0002419640004518442 5.294950154275064e-07 0.0002406799467280507 0.0002428251900710166
16384 0.00048355374019593 9.082046965268307e-07 0.000481266644783318 0.0004846382653340697
32768 0.0009658248454798013 2.100098843589156e-06 0.0009617647156119347 0.0009698525536805391
65536 0.00192858639638871 4.851648800144121e-06 0.001921586226671934 0.001935699488967657
131072 0.003855828603263944 1.665297361445858e-05 0.003829723224043846 0.00390810240060091
262144 0.007686791010200977 1.545909352924759e-05 0.007658421993255615 0.00771535187959671
524288 0.0154073596931994 4.478742333450138e-05 0.01527559384703636 0.01546098291873932
1048576 0.03100975509732962 7.320078472802786e-05 0.03086984902620316 0.0311308428645134


16 7085500.731658781 33022.68019144247 7020166.421682795 7137006.620654178
32 11857652.6029295 47922.50262822735 11769718.21377816 11961683.8818599
64 17270241.24284358 73368.06526560146 17122665.43550891 17421645.55606765
128 22611264.43818331 69564.52229543787 22542748.27103421 22820114.54613332
256 27376922.15364842 64152.59541080098 27247681.1479095 27460769.72606408
512 30531518.57342619 60581.84716697332 30440824.12644437 30634864.8910277
1024 32373592.08153996 71162.84124678133 32268582.93483987 32485028.63445219
2048 33466878.01500181 108028.6026690192 33300354.57804712 33769983.85503171
4096 33833693.80409005 108443.576879245 33626795.72428116 34054280.78111084
8192 33856428.26406475 74181.78509549882 33736203.38814178 34036902.99656045
16384 33882592.37878253 63741.80295479614 33806657.81457892 34043497.87710015
32768 33927627.155436 73777.06325574267 33786579.07910556 34070703.01924203
65536 33981567.43177497 85453.31863345658 33856494.96397373 34105157.02618467
131072 33993802.23122673 145722.1918223181 33538527.5421254 34224927.58147667
262144 34103306.96029299 68541.39351556399 33976933.79264285 34229505.79516994
524288 34028683.88120106 99372.6526446818 33910392.55108046 34321938.98646486
1048576 33814568.22596777 79845.07056271915 33682865.72141901 33967642.63764104
