16 4.586435352393892e-06 1.288475810095339e-08 4.557368811219931e-06 4.614237695932388e-06
32 5.88429429626558e-06 2.860894661639298e-08 5.82612119615078e-06 5.970709025859833e-06
64 8.509814506396651e-06 7.175890129265964e-08 8.337898179888725e-06 8.702976629137993e-06
128 1.373647683067247e-05 1.352482922266634e-07 1.345295459032059e-05 1.402758061885834e-05
256 2.418761141598225e-05 2.79865243884294e-07 2.362951636314392e-05 2.482812851667404e-05
512 4.502871888689697e-05 6.517852749794762e-07 4.386715590953827e-05 4.644505679607391e-05
1024 8.68425122462213e-05 1.244452596207402e-06 8.440762758255005e-05 8.954480290412903e-05
2048 0.0001701845321804285 2.459300924053519e-06 0.0001659318804740906 0.0001758113503456116
4096 0.0003376353997737169 4.293310512793993e-06 0.0003286153078079224 0.0003485530614852905
8192 0.0006742216646671295 1.023514009933093e-05 0.0006535053253173828 0.00069388747215271
16384 0.001349080353975296 1.712233057997287e-05 0.001311004161834717 0.00138247013092041
32768 0.002694753929972649 3.271297293959909e-05 0.002620458602905273 0.002765059471130371
65536 0.005383685231208801 5.964864325496536e-05 0.005239009857177734 0.005528450012207031
131072 0.01076298020780087 0.0001019283051910385 0.01056456565856934 0.01104545593261719
262144 0.02158001251518726 0.0001573816218713521 0.02108240127563477 0.02209055423736572
524288 0.04314054176211357 0.0002755629839380344 0.04239046573638916 0.04383444786071777
1048576 0.08627778291702271 0.0004216093251755132 0.08477795124053955 0.08690297603607178
