16 7.15485821274342e-05 8.355188614826883e-09 7.153564365580678e-05 7.156399078667164e-05
32 7.181884575402364e-05 1.110636388566065e-08 7.180761895142496e-05 7.184178684838116e-05
64 7.235168595798314e-05 7.67273977474628e-09 7.234385702759027e-05 7.237438694573939e-05
128 7.343491961364634e-05 2.632058319617467e-08 7.341819582507014e-05 7.352881948463619e-05
256 7.560572521470021e-05 7.68229748818654e-09 7.559789810329676e-05 7.562525570392609e-05
512 7.989798905327916e-05 1.857178339566756e-08 7.988378638401628e-05 7.996021304279566e-05
1024 8.846646232996136e-05 5.366323335464581e-09 8.845984120853245e-05 8.847654680721462e-05
2048 0.0001056550718203653 1.23823391637887e-08 0.0001056395412888378 0.000105676765087992
4096 0.0001402589114150032 2.906080647736625e-08 0.0001402270281687379 0.0001403171918354928
8192 0.0002113390146405436 1.218459127417202e-08 0.0002113159280270338 0.0002113659866154194
16384 0.0003519833117024973 2.005841400309194e-08 0.0003519437741488218 0.0003520175814628601
32768 0.0006329948519123718 9.964578068558181e-09 0.0006329785101115704 0.0006330127362161875
65536 0.001195426099002361 2.39864535283072e-08 0.001195384655147791 0.001195474527776241
131072 0.002319977036677301 4.483893456169708e-08 0.002319909632205963 0.002320054918527603
262144 0.004571228986606002 9.579834681867863e-08 0.004571095108985901 0.004571514204144478
524288 0.009072656510397792 2.908708915416339e-07 0.009072203189134598 0.00907309353351593
1048576 0.01811382686719298 1.417477527463587e-06 0.01811184734106064 0.01811578124761581


16 223624.280576788 26.1122160922863 223576.1284986905 223664.7240777462
32 445565.5111324314 68.89338348899928 445423.2196024655 445635.1633333887
64 884568.2008270139 93.79064720736652 884290.7373845136 884663.9179825853
128 1743040.178607909 624.0764909257558 1740814.022272526 1743437.012603513
256 3385986.997025286 344.0139980209903 3385112.521169429 3386337.536133641
512 6408171.619666248 1488.688715521631 6403184.540365988 6409310.614530968
1024 11575007.93592262 702.1173558903332 11573688.58700191 11575874.27255329
2048 19383830.71520596 2271.526693488696 19379851.36368178 19386680.16742324
4096 29203136.70978446 6049.58256645952 29191006.08001142 29209775.41555829
8192 38762365.00610788 2234.772462419685 38757418.50038224 38766599.73758339
16384 46547661.5088245 2652.674072347299 46543129.84003217 46552890.5565237
32768 51766613.75462329 814.9101283478557 51765151.19722492 51767950.21717914
65536 54822293.13834565 1100.019321541904 54820072.26193821 54824193.80052815
131072 56497110.95141882 1091.940221496214 56495214.38190065 56498752.44294143
262144 57346503.7249349 1201.763137354269 57342925.84333294 57348183.25802824
524288 57787705.27731848 1852.688410344171 57784921.76491784 57790592.76669619
1048576 57888154.37553213 4529.908776098316 57881908.90955924 57894480.90271916
