16 7.81449671194423e-07 3.336275077443081e-09 7.739290595054626e-07 7.856287993490696e-07
32 1.181917468784377e-06 1.874524499683586e-08 1.149368472397327e-06 1.222710125148296e-06
64 1.992539182538167e-06 2.163256049700763e-08 1.931795850396156e-06 2.058455720543861e-06
128 3.410386852920055e-06 2.557138813904992e-07 3.331806510686874e-06 5.403999239206314e-06
256 6.290269084274769e-06 7.75151614405301e-08 6.230548024177551e-06 6.820075213909149e-06
512 1.20902550406754e-05 5.999852601250227e-08 1.203082501888275e-05 1.236796379089355e-05
1024 2.372823655605316e-05 1.342811666873949e-07 2.364069223403931e-05 2.439320087432861e-05
2048 4.698080010712147e-05 1.508757171199527e-07 4.684180021286011e-05 4.77135181427002e-05
4096 9.355670772492886e-05 3.688923516293218e-07 9.331107139587402e-05 9.530782699584961e-05
8192 0.0001868070103228092 8.353798771310502e-07 0.0001861155033111572 0.0001899898052215576
16384 0.000378667376935482 1.179991915038969e-06 0.0003772377967834473 0.0003824830055236816
32768 0.0007629487663507462 1.557822222092942e-06 0.0007610321044921875 0.00077056884765625
65536 0.001531576737761497 1.540330189918619e-06 0.00152742862701416 0.001539468765258789
131072 0.003069011494517326 4.273005535771182e-06 0.003056526184082031 0.003090977668762207
262144 0.00614737905561924 3.468269434884564e-06 0.006144523620605469 0.006162405014038086
524288 0.01229842193424702 2.034447961332838e-05 0.01229202747344971 0.01245594024658203
1048576 0.02462739683687687 3.052010445234919e-05 0.02458155155181885 0.02485394477844238
