16 1.751166583852104e-06 6.643311605160357e-09 1.735912294575925e-06 1.764709646856488e-06
32 2.115590486101437e-06 8.589668347558155e-09 2.097564332448343e-06 2.126903964061455e-06
64 2.87722928368761e-06 1.114768346038117e-08 2.85924923959513e-06 2.893051284313941e-06
128 4.343794442362992e-06 1.148619573672788e-08 4.323753304724676e-06 4.363030347676045e-06
256 7.268977731955673e-06 1.059670480723337e-08 7.245879364070618e-06 7.284317813827101e-06
512 1.313071061082027e-05 1.037969189457017e-08 1.311457697283913e-05 1.315357948072915e-05
1024 2.493561445326975e-05 1.493464473416944e-08 2.491525038550435e-05 2.495968779570035e-05
2048 4.836794690898927e-05 1.74910666204015e-08 4.83431360294162e-05 4.839770279829736e-05
4096 9.588787946945843e-05 7.938831986586869e-08 9.575719860777099e-05 9.608130613969479e-05
8192 0.0001924736669813853 9.995508515381831e-08 0.0001923503636191981 0.0001926809067640534
16384 0.0003843444854076949 8.793519081608213e-08 0.0003841850343633268 0.0003844774942649565
32768 0.0007681083901900365 7.813131105646113e-08 0.0007679882681941308 0.0007682471047019135
65536 0.001535220300368678 9.76249189953851e-08 0.001535056670945778 0.001535410112865065
131072 0.00306970637805648 1.0206215604335e-07 0.00306953900053486 0.003069906629662
262144 0.006140714841194495 2.460892361555114e-07 0.006140305336884921 0.006141109633063024
524288 0.01228251822465154 5.429208875031738e-07 0.01228136053578055 0.01228327944045304
1048576 0.02460858969152468 1.310956675854645e-06 0.02460637373951613 0.02461043880612124


16 9136889.792307159 34695.67422305307 9066647.325525258 9217055.521753028
32 15126035.09436211 61586.20342616026 15045343.15639434 15255789.53883555
64 22243935.19580394 86282.48976074901 22121972.17069969 22383498.12731345
128 29467517.50328788 77891.94927903851 29337407.67312765 29603909.14535553
256 35218227.35994112 51380.92059427756 35143991.04251883 35330425.35449877
512 38992581.20657931 30808.12022523496 38924765.74533292 39040527.27437375
1024 41065775.46820088 24590.67232962761 41026154.18837082 41099326.08165806
2048 42342095.99410214 15310.4028081705 42316058.02728408 42363821.79993076
4096 42716583.71480428 35344.83295720875 42630561.1837201 42774852.0168968
8192 42561677.13344446 22097.9474602354 42515888.76956803 42588949.90299032
16384 42628426.90884972 9752.896632691125 42613677.6388509 42646117.19493873
32768 42660646.25297855 4339.251781959657 42652943.04325984 42667318.44361581
65536 42688336.15130256 2714.518147759313 42683058.71563542 42692886.35423604
131072 42698546.37329239 1419.642418349359 42695761.08066556 42700874.6190099
262144 42689492.53857515 1710.772583724814 42686748.10634336 42692339.48763043
524288 42685709.1820249 1886.873037044705 42683063.79755069 42689732.8250024
1048576 42610162.38370495 2269.96337329167 42606960.73973263 42613999.57182881
