16 7.512706392187596e-05 8.696053500130573e-09 7.511280652749974e-05 7.514392180496543e-05
32 7.540585878729189e-05 7.956579057740712e-09 7.53939151962868e-05 7.542223461598496e-05
64 7.60429215427294e-05 1.050328113715624e-08 7.602452961918971e-05 7.606227030976243e-05
128 7.72215672135701e-05 8.694768613674158e-09 7.720398609478707e-05 7.724353370974768e-05
256 7.958540671904046e-05 3.568881767909322e-08 7.955213139609896e-05 7.969236982319217e-05
512 8.425287623037292e-05 8.334359925820346e-09 8.423779455313252e-05 8.426928140181644e-05
1024 9.377025040890885e-05 1.163058366588512e-08 9.37468340111991e-05 9.379003439846656e-05
2048 0.000112568054563944 6.198415820037026e-09 0.0001125586075545471 0.0001125810513116221
4096 0.0001508230636328989 2.186958479062414e-08 0.000150784436897311 0.0001508610858422799
8192 0.0002284911638437137 2.510432447304854e-08 0.0002284480091248042 0.000228529567152691
16384 0.0003818899903720308 1.703105497442414e-08 0.0003818574348315451 0.0003819204538899612
32768 0.0006889255287418905 3.990373372372001e-08 0.0006888682476073882 0.0006890322966910389
65536 0.001302622358565486 3.935782444336589e-08 0.001302556670452759 0.001302687308225359
131072 0.002530277595184316 4.782083479371077e-08 0.002530175389892975 0.00253033626040633
262144 0.004987622159887906 1.185658170413334e-07 0.004987475632333371 0.004987829027413682
524288 0.009904660605002391 2.479214815084626e-07 0.009904297383400262 0.009905188329867087
1048576 0.01980410731698612 9.028594273484657e-07 0.01980256164461025 0.01980550052030594


16 212972.5210292549 24.65092554371592 212924.7398282949 213012.9433273432
32 424370.2127213291 44.77603540987288 424278.0681708671 424437.435258383
64 841629.9616878324 116.2443813916162 841415.8522926148 841833.5545195595
128 1657568.03623566 186.6240847849452 1657096.637771339 1657945.482799919
256 3216670.728625041 1441.164366618293 3212352.707893731 3218015.601937142
512 6076943.928856294 601.1221656859175 6075760.840520989 6078031.870564451
1024 10920307.99004349 1354.478230994045 10918004.31215901 10923035.54355416
2048 18193438.74916105 1001.776004291491 18191338.38367859 18194965.66717493
4096 27157650.70725205 3938.007059024904 27150805.50515345 27164607.19874894
8192 35852590.33610992 3939.173172895208 35846565.07280982 35859362.62427483
16384 42902407.61374218 1913.301026383537 42898985.46444583 42906065.21050909
32768 47563921.98573051 2754.827983244622 47556551.641139 47567876.89636075
65536 50310820.80324502 1520.099089447046 50308312.35262375 50313357.94182388
131072 51801430.91546604 979.0295948307063 51800229.89472239 51803523.39350842
262144 52558913.19256835 1249.409699092638 52556733.31207354 52560457.29838622
524288 52933464.47864758 1324.953435512241 52930644.27852581 52935405.68346765
1048576 52947400.51947624 2413.846837007315 52943675.87049511 52951533.18133442
