16 4.706168406753974e-06 9.016676188674516e-09 4.688744090763919e-06 4.718864795805189e-06
32 7.475550176661017e-06 5.728201951174903e-09 7.469176823704515e-06 7.488312142811537e-06
64 1.256659054738041e-05 1.951378310793685e-09 1.256330954824136e-05 1.257010035260464e-05
128 2.273068062108585e-05 8.07221397891491e-09 2.272293395932934e-05 2.275790600947403e-05
256 4.305592762365862e-05 4.678291553535088e-09 4.304633191054563e-05 4.306310838586569e-05
512 8.376334400672647e-05 1.22514312509292e-08 8.373583099796633e-05 8.378185488311374e-05
1024 0.0001649874875511159 1.396060950216884e-08 0.000164964590027239 0.000165014903473093
2048 0.0003274880943955338 6.180572648840059e-08 0.0003273828136798329 0.0003276279423403139
4096 0.0006533139671773824 1.443845066038571e-07 0.0006530048132162847 0.0006535371298923565
8192 0.001304328955413325 4.439598289610817e-07 0.00130347067852199 0.001305375167930833
16384 0.002602695120003773 1.077313632507473e-06 0.002600668339255208 0.002604816281746025
32768 0.005176270623167056 2.036689757616318e-06 0.005171687444999407 0.00517906282129843
65536 0.01036096759219163 4.793491462656555e-06 0.01035281431177282 0.01037398506196041
131072 0.02072576976297569 1.453557752457356e-05 0.02069665570161305 0.02074649665883044
262144 0.0414586629567566 2.744455618258369e-05 0.0414136885519838 0.04151143728813622
524288 0.08291909311446943 4.886827097052231e-05 0.0828356154524954 0.08300698568928055
1048576 0.166014043838004 0.0001013722216875103 0.165870994242141 0.1662354997242801


16 3399805.048374151 6519.224156347497 3390645.990582972 3412427.654458143
32 4280623.746045137 3277.532941242607 4273326.13674747 4284273.991003046
64 5092869.160131501 790.8276811075017 5091447.021482101 5094199.084584272
128 5631156.288468368 1998.043569890115 5624419.045702803 5633075.386704063
256 5945755.136696879 646.0745485474847 5944763.617761163 5947080.474405864
512 6112459.051645979 894.1585101119613 6111108.434091184 6114467.294322724
1024 6206531.307752072 525.1618836446015 6205500.09997716 6207392.749140389
2048 6253662.66263952 1180.133474769073 6250993.078828119 6255673.52476499
4096 6269573.885395557 1385.777437859595 6267432.732819096 6272541.820673143
8192 6280624.880455189 2137.531963773053 6275590.497852998 6284759.707283128
16384 6295014.15893823 2605.813548650989 6289886.973916525 6299919.044922172
32768 6330427.279054221 2491.1870806357 6327013.425140268 6336036.419154437
65536 6325279.233101573 2925.240285666817 6317340.88766997 6330259.389031542
131072 6324110.609885291 4436.458939669179 6317789.560109232 6333003.838382668
262144 6323023.680982186 4184.240231873039 6314982.499411543 6329887.753681935
524288 6322888.38451658 3726.113236063031 6316191.289761605 6329258.219861587
1048576 6316190.739969912 3855.306151245115 6307774.222348289 6321635.707260985
