16 2.14562696773668e-06 1.065737674958091e-08 2.120487652135239e-06 2.164398390736011e-06
32 3.918484704767966e-06 1.788303857324087e-08 3.894744440735565e-06 3.949066762487519e-06
64 7.539625408503614e-06 3.40729018908681e-08 7.478546305783595e-06 7.600746714686579e-06
128 1.472976302241413e-05 4.206317315158527e-08 1.465422204205424e-05 1.482389656182193e-05
256 2.901296453106106e-05 8.1516960497396e-08 2.887997723988178e-05 2.915188917640421e-05
512 5.777456347511034e-05 1.633564462124353e-07 5.747553038304432e-05 5.811052776039105e-05
1024 0.0001149043726487164 3.054814324063179e-07 0.0001143471739482038 0.0001153731660394897
2048 0.0002297999270712836 7.36915430720114e-07 0.0002286582250121683 0.000231046361591325
4096 0.000458233889229831 1.54869826974631e-06 0.0004553012971086901 0.0004605683819249862
8192 0.0009174487387042518 2.864519497107844e-06 0.0009124668374624889 0.0009231766438233535
16384 0.001839137795329293 5.605953897312167e-06 0.001828763615776552 0.001850488206628143
32768 0.003682044712746801 1.236237321872216e-05 0.003659304260054341 0.003706305055402481
65536 0.007342400012248618 2.314925787295196e-05 0.007301305397959368 0.007374273872301274
131072 0.01459243360739038 6.202888842165131e-05 0.01444615797481674 0.01466696996612882
262144 0.02896578250465609 7.871800156995945e-05 0.02883099775863229 0.02910743734901189
524288 0.05767592232132301 0.0003938804798479426 0.05702281081903493 0.05830212593718898
1048576 0.115256171989131 0.0005879711449460499 0.1141810076369438 0.1163226134085562


16 7457200.836972664 37155.21838600276 7392354.415195784 7545434.175902272
32 8166581.335768885 37223.09380286466 8103180.301728601 8216200.186412347
64 8488647.929438632 38368.73857765291 8420225.328168835 8557812.893463677
128 8689954.968553776 24784.78877312111 8634706.769990319 8734684.081670761
256 8823706.915391028 24806.65647951498 8781592.11057953 8864272.913846934
512 8862097.857316194 25042.68434567134 8810795.904507106 8908138.760752412
1024 8911817.422718488 23709.50022988494 8875547.366443144 8955184.152289102
2048 8912186.25656914 28590.39129651425 8864021.860783527 8956598.871048762
4096 8938762.546284478 30254.59968462049 8893359.077061275 8996240.568632068
8192 8929190.869536908 27891.19463653092 8873708.032812309 8977860.524533056
16384 8908599.838662686 27145.93866940758 8853879.717425501 8959058.381661221
32768 8899497.098867139 29874.88498555299 8841150.285844889 8954707.690667238
65536 8925775.142539861 28177.42104768646 8887112.295376185 8975929.156218637
131072 8982341.894990511 38309.29797933602 8936542.469418786 9073139.046969526
262144 9050189.314662505 24598.47953664323 9006083.113974271 9092435.932832448
524288 9090638.344047472 62154.89727836176 8992605.185012203 9194355.600320321
1048576 9098008.068125745 46411.65259130981 9014377.93799491 9183453.725807969
