16 6.974186046337927e-06 4.735122425714439e-08 6.853217695557134e-06 7.03727698425638e-06
32 7.571116531490674e-06 2.593151768114042e-08 7.525627900406562e-06 7.614700943570085e-06
64 8.66879096361739e-06 4.371728671476321e-08 8.565369528312772e-06 8.731352107105295e-06
128 1.087419031797765e-05 4.715461483984075e-08 1.076756418072478e-05 1.092971920790831e-05
256 1.533315477009189e-05 4.294186296422261e-08 1.5275206298071e-05 1.545724776974566e-05
512 2.416640587266095e-05 5.727300374025557e-08 2.408410301057984e-05 2.432605194613302e-05
1024 4.191890063154347e-05 4.945428812903534e-08 4.185443536641742e-05 4.205102315779641e-05
2048 7.745996747310357e-05 1.446359830931462e-07 7.727086079967194e-05 7.765245585744651e-05
4096 0.0001482618346813069 6.368365778401085e-08 0.0001482006892956633 0.0001484601773711347
8192 0.0002908455205989924 5.26417518928857e-07 0.000290247023599477 0.0002917920360232529
16384 0.0005755513732523809 1.233837869901476e-06 0.000574751986391675 0.0005787919727708868
32768 0.001145339341036333 3.202174263006343e-06 0.00114342788151589 0.001153415895487342
65536 0.002287856094710605 1.276076127946406e-05 0.002280589632391639 0.0023303910516006
131072 0.004558493098386407 5.037318732637265e-06 0.004555398999400495 0.00456889056476939
262144 0.009110297474421714 1.129068800993318e-05 0.009105062323214952 0.009151763848421979
524288 0.01822579845315886 2.946228612057873e-05 0.01820759231850388 0.01828694084542803
1048576 0.03654536687554355 0.0002238322476611709 0.0364474931411678 0.03735218279325636


16 2294274.450428456 15698.5624927056 2273606.685624965 2334669.743582292
32 4226635.838992542 14498.71869844968 4202397.472617892 4252136.887909545
64 7382982.503967517 37380.63259843527 7329907.12262295 7471948.500114143
128 11771200.10323981 51353.54403630619 11711188.32653856 11887553.93992778
256 16695968.92172964 46587.79981516755 16561809.95565501 16759184.45908835
512 21186546.79567962 50079.16786843481 21047394.00926051 21258836.16155789
1024 24428153.38105988 28776.8876905787 24351369.43416196 24465746.36679063
2048 26439550.10750418 49347.50083252349 26373924.39666937 26504169.60294423
4096 27626804.40775892 11856.53945419183 27589890.24888765 27638198.03717916
8192 28166241.39309131 50943.20319726133 28074789.53725516 28224234.30362013
16384 28466738.31762058 60801.76277387178 28307234.32732465 28506208.56982099
32768 28610070.15310457 79578.12468818459 28409526.97825865 28657688.45566201
65536 28645982.55221909 157634.2438657421 28122318.76490747 28736428.10139098
131072 28753394.37654255 31724.95583477837 28687927.22038325 28772891.24778082
262144 28774513.31123554 35516.90916390528 28644095.75485287 28791016.54599529
524288 28766327.20910804 46412.3672866376 28670076.88336667 28795020.82585517
1048576 28693437.24304894 172469.3941157902 28072683.35036398 28769495.7768062
