16 2.045635772690568e-06 1.654561199450769e-08 2.018699894801301e-06 2.080909773827244e-06
32 3.158948197024003e-06 2.094122470587942e-08 3.115986250357139e-06 3.190891474158519e-06
64 5.234663505770953e-06 1.809748148354512e-08 5.202408357440902e-06 5.273384314108398e-06
128 8.89893046629453e-06 8.015883115287164e-08 8.774290819246744e-06 9.128585526596567e-06
256 1.644833951441882e-05 1.065186286809761e-07 1.629733354846508e-05 1.663443154242827e-05
512 3.151645365218059e-05 2.110562317726474e-07 3.117119905482468e-05 3.189221694555044e-05
1024 6.169374635023317e-05 6.890041967207627e-07 6.069427728050414e-05 6.368884736218661e-05
2048 0.0001219091433917185 1.620937246629891e-06 0.0001196171765798226 0.0001253049075842227
4096 0.0002410818317031271 2.077120450843485e-06 0.0002385136964733192 0.0002457022047792634
8192 0.0004800890561789117 3.101492409105214e-06 0.0004764062723552343 0.0004876689079083008
16384 0.0009577088500520858 6.133925459211887e-06 0.000951254901451648 0.0009730233621212392
32768 0.00191262698059802 1.644486775567421e-05 0.00189622834795955 0.001944523534803011
65536 0.003828106490971095 1.492327749551972e-05 0.003798179498971876 0.003848265514534432
131072 0.007674774607551171 4.022689280015593e-05 0.007612969616275223 0.007735633422271349
262144 0.0153504959826023 5.925447412116054e-05 0.015253064195349 0.01546399965809542
524288 0.03075133497850402 0.0002996095572717529 0.03040221928677056 0.03138377922368818
1048576 0.06137034517178108 0.0005678416971777128 0.0605756804216071 0.06311243287200341


16 7822007.402306327 63063.18657809281 7688944.615110598 7925893.314407125
32 10130373.0468883 67424.3655467668 10028545.39527667 10269621.69564526
64 12226328.66857052 42230.40742605618 12136418.6996147 12301994.6922202
128 14384832.50386388 128081.0872067448 14021887.5779896 14588073.5704847
256 15564492.11290081 100648.0350652346 15389765.46009636 15708091.09592721
512 16246164.56267487 108624.6809854961 16054073.65922968 16425418.83292592
1024 16600028.94145248 182666.4830805534 16078168.19445173 16871442.34813919
2048 16802159.31542453 221683.5700069157 16344132.40058816 17121286.91345038
4096 16991257.49109366 145581.681113293 16670587.07788076 17173017.98833255
8192 17064165.42287724 109738.8699489835 16798282.33285766 17195407.52371036
16384 17108148.70392173 108761.1039250009 16838239.07812662 17223564.34116391
32768 17133637.25380696 146391.8152362686 16851428.85314553 17280619.20140591
65536 17119935.48676191 66914.24419221564 17030009.94928195 17254582.10117238
131072 17078726.25142642 89481.81960663981 16943925.96508463 17216934.60063082
262144 17077471.65112807 65885.42875145969 16951888.63139734 17186317.23060168
524288 17050780.24572732 164681.7149856537 16705699.98160936 17245056.85110108
1048576 17087388.68800642 155821.3397367985 16614412.60118411 17310181.12717686
