16 1.240722655282411e-06 1.212327376606356e-08 1.211181626104008e-06 1.267089857037718e-06
32 1.641662599638494e-06 1.323430619581158e-08 1.613281256140908e-06 1.67431642239535e-06
64 2.448593145132349e-06 2.026266426868626e-08 2.401367169113655e-06 2.49707034072344e-06
128 3.978027340423296e-06 2.485680156484206e-08 3.923827989638085e-06 4.0742188502918e-06
256 6.945739741581747e-06 3.872696279749016e-08 6.898437277413905e-06 7.179687600000761e-06
512 1.289807123328046e-05 5.76865208900394e-08 1.279687512578676e-05 1.31015622173436e-05
1024 2.481298841416901e-05 1.377986361783577e-07 2.464062526996713e-05 2.549999953771476e-05
2048 4.852636715213521e-05 2.213366747658324e-07 4.824999996344559e-05 4.896874816040508e-05
4096 9.605078139429679e-05 4.38967855911282e-07 9.556250006426126e-05 9.718749788589776e-05
8192 0.0001912304683173716 8.672325588199837e-07 0.0001899999915622175 0.0001936250046128407
16384 0.000381691404072626 1.674826487636776e-06 0.0003792500065173954 0.0003862500016111881
32768 0.0007614296910105622 3.719178605141508e-06 0.0007570000016130507 0.0007704999879933894
65536 0.001524624999547086 7.451428943426412e-06 0.001515500014647841 0.001553000009153038
131072 0.003051562496693805 1.004454213252804e-05 0.00303000002168119 0.003082499955780804
262144 0.006110929686656164 1.525077576661415e-05 0.00608650001231581 0.006143499980680645
524288 0.01223689062317135 8.947126646817387e-05 0.01218999997945502 0.01293750002514571
1048576 0.02450300781492842 4.579123598777946e-05 0.02439949999097735 0.02470800001174212
