16 1.815641021507552e-05 2.661536484587356e-08 1.812433182735163e-05 1.822475859469819e-05
32 1.862011880549019e-05 2.354507245423771e-08 1.855926705474076e-05 1.866052143384422e-05
64 1.954144870564001e-05 3.82486013051349e-08 1.945977806272481e-05 1.959444849930492e-05
128 2.133998686804084e-05 7.758173054490696e-08 2.119646880771597e-05 2.144385106817026e-05
256 2.495778364353107e-05 1.07619796108634e-07 2.470102111473693e-05 2.508746677420959e-05
512 3.214396677053699e-05 2.059057263437253e-07 3.166027189394072e-05 3.240631263423666e-05
1024 4.668936907714638e-05 3.133823997625413e-07 4.582970559852129e-05 4.712353963753912e-05
2048 7.554777818796765e-05 8.505911824017885e-07 7.340283241319412e-05 7.638171979351682e-05
4096 0.000134151468966337 1.959930735530655e-06 0.0001296350254449408 0.000136043712728906
8192 0.0002534094673798393 2.189227604815812e-06 0.0002486538655830373 0.0002559023911885561
16384 0.0004916507347303423 2.462651754171095e-06 0.0004853544575667001 0.0004961151374800465
32768 0.0009602721868660069 1.197674081984736e-05 0.0009227588024032229 0.0009737930516848792
65536 0.001900768390839858 2.134272842673911e-05 0.001847998189077771 0.001934683595209208
131072 0.003788919387403666 5.21546092593364e-05 0.003686789124458301 0.003842769960556325
262144 0.007532292492612669 0.0001138397440111169 0.007301977258066472 0.007649139834938978
524288 0.0150470334892816 0.0002090871741655173 0.01461998618287907 0.01529728099922067
1048576 0.03025050756536984 0.0005379880350066702 0.02841575241836836 0.03088884473618236


16 881233.2381068738 1289.130934489682 877926.5808576802 882791.1645191922
32 1718573.783639415 2175.796217483553 1714850.258254961 1724206.020939063
64 3275101.610095099 6417.522362130052 3266231.249237267 3288835.04188529
128 5998203.794107546 21863.64486544668 5969077.083826336 6038741.696135973
256 10257500.51143068 44388.76206726946 10204298.51702576 10363944.01716726
512 15928955.05268165 102583.3623185354 15799390.8711194 16171686.76615152
1024 21933121.84451751 148479.3414424148 21730116.36808943 22343586.68961294
2048 27111951.90716628 310678.9533077546 26812698.18925747 27900830.69916895
4096 30538888.12186752 455388.6682755589 30107969.84173821 31596399.08999496
8192 32329411.9817282 282150.7450994852 32012205.75529481 32945395.72425953
16384 33325256.15824814 167489.0349130646 33024591.99939037 33756772.48776152
32768 34128764.45653063 436754.2368872004 33649860.14564804 35510904.81571065
65536 34482808.18644143 391459.2594707187 33874272.85902698 35463238.21491688
131072 34599721.91646817 481818.1478662176 34108729.20975589 35551802.8222616
262144 34810239.07912226 533192.7113781141 34271042.97434919 35900413.09843992
524288 34849668.9550377 490481.0258641577 34273280.33176026 35861046.20358495
1048576 34673848.6337339 645631.6374293946 33946753.55960225 36901222.41219223
