16 7.114639295480174e-07 5.273541045269493e-09 6.931152256584028e-07 7.307128839784127e-07
32 1.212631222990979e-06 1.475295034422161e-08 1.180664071398496e-06 1.263183605715312e-06
64 2.167984014533886e-06 1.433928172497824e-08 2.113281198035111e-06 2.229492110927822e-06
128 4.050048833192932e-06 2.622354602365715e-08 3.943359388358658e-06 4.181640633760253e-06
256 7.878967274166371e-06 4.67067465443639e-08 7.67187520978041e-06 8.132812581607141e-06
512 1.560888675555816e-05 8.9454748887452e-08 1.518749922979623e-05 1.607812464499148e-05
1024 3.089990238436258e-05 1.7374128398622e-07 3.007812483701855e-05 3.192187614331488e-05
2048 6.146777343474241e-05 3.919361400617441e-07 5.978125045658089e-05 6.340625259326771e-05
4096 0.0001226220711032511 6.712486055641539e-07 0.0001196250013890676 0.0001266875042347237
8192 0.0002448105465191475 1.406475140159159e-06 0.0002381249942118302 0.0002526250027585775
16384 0.0004931015614602074 3.275000655419377e-06 0.0004809999954886734 0.0005147499905433506
32768 0.0009933203182299621 7.947931018119179e-06 0.0009665000252425671 0.001037000038195401
65536 0.001988554690797173 1.682193050148543e-05 0.00193500000750646 0.002073500014375895
131072 0.003972203125158558 3.686297363223072e-05 0.003870500018820167 0.004147999978158623
262144 0.00792735937739053 5.606115395948405e-05 0.007711499987635761 0.008039499982260168
524288 0.01587871093670401 8.44302970100699e-05 0.01548850000835955 0.01601050002500415
1048576 0.03178192968516669 0.0002192115361935967 0.03102399996714666 0.032100000011269
