16 5.710430145366985e-05 5.313839855811075e-07 5.569067383248694e-05 5.812304686969583e-05
32 6.036078643933962e-05 7.303639171922133e-07 5.872509763094058e-05 6.330126956299864e-05
64 6.61674194404327e-05 6.756835127183824e-07 6.492382806300157e-05 6.759765631159098e-05
128 7.786959839606311e-05 9.061496990851129e-07 7.593554687446158e-05 8.015429693841725e-05
256 0.0001008138427209815 1.189749425890388e-06 9.689843773230677e-05 0.0001031523433994153
512 0.0001464812012272887 1.67162101116102e-06 0.0001416640625393484 0.0001486562496211263
1024 0.0002377470703152085 3.977355638516169e-06 0.0002156562495656544 0.0002421250010229414
2048 0.0004183339843848444 9.931028916526907e-06 0.000371437501598848 0.0004283749985916074
4096 0.0007809355464587497 2.506126164925619e-05 0.0006854374951217324 0.0008056250007939525
8192 0.001508134765117575 5.15759055405427e-05 0.001316249996307306 0.001554000002215616
16384 0.002955148435376032 0.000113679955489772 0.002583499997854233 0.003065750002861023
32768 0.005862523437826894 0.0002089602848596043 0.005105999996885657 0.006050000025425106
65536 0.01170868749704823 0.0003462618553909299 0.01014999998733401 0.01205550000304356
131072 0.02341218750098051 0.000574556431132252 0.02026399999158457 0.0240454999729991
262144 0.04694129687777604 0.0004849629506070528 0.04393750004237518 0.04751199996098876
524288 0.09382360156359937 0.001712654892698244 0.08071300003211945 0.09557750000385568
1048576 0.188413992193091 0.001736298981958128 0.1786120000178926 0.191520499996841
