16 9.462783806535313e-07 6.02747258644236e-09 9.378194611997515e-07 9.592515872736129e-07
32 1.562601810861652e-06 6.985689819713365e-09 1.553911341822811e-06 1.582149575796166e-06
64 2.704082036897315e-06 3.605335126187231e-09 2.699600337052743e-06 2.712371987900752e-06
128 5.010457966136972e-06 6.232920599194374e-09 5.002379651841693e-06 5.026801891183652e-06
256 9.642634184015009e-06 4.627881404359357e-09 9.635954326014939e-06 9.652357780609577e-06
512 1.891289111655148e-05 5.341984209005365e-09 1.890558026573785e-05 1.892403906467166e-05
1024 3.748700724104381e-05 5.162466378239304e-09 3.748003467052285e-05 3.749761987847933e-05
2048 7.453389001188526e-05 5.379272933138622e-09 7.452686672593245e-05 7.454308060061976e-05
4096 0.0001486423912631096 4.253986318037579e-09 0.0001486374267472002 0.0001486518599733699
8192 0.0002968878502258576 2.040598688268481e-08 0.0002968485976566626 0.0002969243315646963
16384 0.0005974526369172395 3.670478082579094e-08 0.0005974033556412905 0.0005975292613129568
32768 0.001199740723677678 3.011719741629308e-07 0.001199613484914153 0.001200863063786528
65536 0.002399102055704816 6.655280923816418e-08 0.002398991841346287 0.002399242252522527
131072 0.004798297209902103 6.631548950024934e-08 0.004798194793693256 0.004798430119990371
262144 0.009598514035133121 1.940857864393861e-07 0.00959828069426294 0.00959882807728718
524288 0.01919816666395491 7.968402468683902e-07 0.01919681436265819 0.0191995306777244
1048576 0.03843758978564438 2.101091748423451e-06 0.03843437096656999 0.03844236950681079


16 16908983.50907573 107162.512282781 16679670.08058359 17060853.03404902
32 20479047.34989848 91079.4036044525 20225647.7450288 20593195.46664901
64 23667960.38699305 31518.4968534617 23595583.60191331 23707212.92392164
128 25546603.96592325 31719.57509732223 25463505.97673148 25587821.97846081
256 26548767.73056209 12737.22065835136 26522017.29553303 26567166.19223244
512 27071484.4775551 7645.082300032862 27055534.93365099 27081951.08551552
1024 27316131.46976897 3761.413396352585 27308399.92827639 27321212.72036473
2048 27477433.54968059 1983.074351869374 27474045.65921539 27480022.84238492
4096 27556069.08862754 788.6077790882065 27554313.82246931 27556989.44496935
8192 27592911.02700823 1896.532795529699 27589520.72681541 27596559.54135559
16384 27423094.39374111 1684.677663796829 27419577.68561707 27425356.49538222
32768 27312569.53065361 6850.405515615696 27287041.28568736 27315464.86603972
65536 27316887.12093053 757.7875192011971 27315290.87198113 27318142.09223068
131072 27316357.09288324 377.5275655896957 27315600.46148239 27316940.14846604
262144 27310894.07599601 552.2327223406312 27310000.54270032 27311558.01233111
524288 27309274.37103343 1133.506598275135 27307334.16355262 27311198.10273571
1048576 27279962.36977458 1491.141178097928 27276570.44694461 27282246.94797388
