16 0.0002783857917791899 5.552139742770884e-08 0.0002783588867316666 0.0002785563964664561
32 0.0002793285446163196 7.442140776839598e-08 0.0002793027343841459 0.0002796567382574722
64 0.0002812937164335949 1.212174180199837e-07 0.0002812607422129076 0.0002819501953581494
128 0.000285172760019492 1.739956898345746e-08 0.000285146484429788 0.0002852246093425492
256 0.0002929692993234312 3.456288458349284e-07 0.0002928710937339929 0.00029568359377663
512 0.0003084567870814681 4.326292279266872e-08 0.0003083437504756148 0.000308593749650754
1024 0.0003394990234824036 9.940290803091177e-08 0.0003393593742657686 0.0003397187501832377
2048 0.0004016708980998374 1.923133231439632e-07 0.0004014375008409843 0.0004021249987999909
4096 0.0005260039056338428 2.013331484516086e-07 0.0005258749952190556 0.0005268125023576431
8192 0.0007760996084016369 8.577321092199103e-07 0.0007747499912511557 0.0007777499995427206
16384 0.001274808590551402 1.556313584557887e-06 0.001273499976377934 0.001278249983442947
32768 0.002271578125146334 1.832725203683968e-06 0.002270500001031905 0.002277499996125698
65536 0.004264640622750449 2.898361996803035e-06 0.004260500019881874 0.00427149998722598
131072 0.008254578125161061 4.404779335588449e-05 0.008242999960202724 0.008600000001024455
262144 0.01622057812255662 4.185407527552624e-06 0.01620950002688915 0.01623150001978502
524288 0.03225561718682002 1.229264509037993e-05 0.03223650000290945 0.03229299996746704
1048576 0.06431263281137944 0.0001037057517220653 0.06426249997457489 0.06511500000488013
