16 4.279373166049538e-06 2.288158487081553e-08 4.259521489302642e-06 4.452392573739417e-06
32 6.041282651914059e-06 9.848567273550402e-09 6.019531213041773e-06 6.072753933494823e-06
64 9.54711913259132e-06 1.289231856236786e-08 9.502929628979473e-06 9.577148375683464e-06
128 1.66380004706923e-05 1.501319458558366e-08 1.66171876117005e-05 1.668749996497354e-05
256 3.06977538784281e-05 2.666205319044411e-08 3.064062502744491e-05 3.083203091591713e-05
512 5.88798828147219e-05 5.21855914399218e-08 5.876562499906868e-05 5.907812555960845e-05
1024 0.0001152395019516916 1.346434108111564e-07 0.0001149687486758921 0.0001156562502728775
2048 0.0002280600583617343 2.135004606742814e-07 0.0002276249979331624 0.0002289687472512014
4096 0.0004538261716788838 5.024083183293432e-07 0.0004530000005615875 0.0004558749933494255
8192 0.0009055683588030661 8.550524900117409e-07 0.0009038749994942918 0.000908874993911013
16384 0.001810093752737885 1.762427097323234e-06 0.001807249995181337 0.001816749980207533
32768 0.003618187496613245 4.141835512389594e-06 0.003611499967519194 0.003633500018622726
65536 0.007232218746139552 4.577270805507776e-06 0.007226500019896775 0.007244499982334673
131072 0.01445972656620143 4.751719299145843e-06 0.01445550000062212 0.01447500003268942
262144 0.0289233437515577 4.570382563796957e-05 0.02890899998601526 0.02927899995120242
524288 0.05795857812699978 0.0001229673184681252 0.05792200000723824 0.05891999998129904
1048576 0.1159776015592797 0.0001706324661072172 0.1159174999920651 0.1172195000108331
