16 1.553369747853139e-05 3.288994576335566e-08 1.547264400869608e-05 1.560669625177979e-05
32 1.765895649441518e-05 3.316886001199419e-08 1.759140286594629e-05 1.77392503246665e-05
64 2.196185232605785e-05 2.942644932662243e-08 2.18953937292099e-05 2.203602343797684e-05
128 3.049159568035975e-05 3.749237200209671e-08 3.041001036763191e-05 3.059767186641693e-05
256 4.755656118504703e-05 4.556520369024623e-08 4.748441278934479e-05 4.773028194904327e-05
512 8.166677434928715e-05 7.69113198561594e-08 8.151493966579437e-05 8.192099630832672e-05
1024 0.0001498827477917075 1.429981328635995e-07 0.0001497194170951843 0.0001502819359302521
2048 0.0002863156842067838 2.830951944636378e-07 0.0002860948443412781 0.0002874359488487244
4096 0.0005593867972493172 4.744204979538198e-07 0.000559002161026001 0.000561252236366272
8192 0.001105685252696276 9.936004296859928e-07 0.001105010509490967 0.00110924243927002
16384 0.002210652455687523 2.467464484249142e-05 0.002205193042755127 0.002380251884460449
32768 0.004405578598380089 3.50705098951653e-06 0.004403471946716309 0.00441896915435791
65536 0.00879584439098835 3.466362485827192e-06 0.008791923522949219 0.008802533149719238
131072 0.01757697574794292 4.385935264801999e-05 0.01756548881530762 0.0179215669631958
262144 0.03515088930726051 6.093178048190142e-05 0.0351330041885376 0.03548943996429443
524288 0.07035884074866772 1.347071238288144e-05 0.07033646106719971 0.07039451599121094
1048576 0.1407787948846817 8.110324649320702e-05 0.1407434940338135 0.1413999795913696
