16 3.826879219559487e-05 3.481448010333724e-08 3.820902202278376e-05 3.843550803139806e-05
32 4.174731111561414e-05 4.052507775308313e-08 4.167051520198584e-05 4.187494050711393e-05
64 4.87848483317066e-05 9.244468965789164e-08 4.871096462011337e-05 4.947371780872345e-05
128 6.281460082391277e-05 3.076913195265777e-08 6.274785846471786e-05 6.291968747973442e-05
256 9.080428571905941e-05 4.953852629988119e-08 9.069871157407761e-05 9.094923734664917e-05
512 0.000146809354191646 7.56581319447986e-08 0.0001466572284698486 0.0001469608396291733
1024 0.0002588608767837286 1.03738221830279e-07 0.0002587027847766876 0.0002591386437416077
2048 0.0004828966921195388 2.073864099904155e-07 0.000482410192489624 0.0004834383726119995
4096 0.00093124620616436 4.850631065306326e-07 0.0009303689002990723 0.0009322464466094971
8192 0.001828630454838276 9.848907486515756e-07 0.001827120780944824 0.001830250024795532
16384 0.00362619012594223 1.920328202759701e-06 0.003623247146606445 0.003630757331848145
32768 0.007217796519398689 3.913828972795908e-06 0.007212400436401367 0.007228493690490723
65536 0.01439566351473331 2.41107430644339e-06 0.01439261436462402 0.01440095901489258
131072 0.02875801734626293 4.618929437705072e-05 0.02874648571014404 0.02911996841430664
262144 0.05748375132679939 4.363569840423766e-05 0.05746603012084961 0.05782449245452881
524288 0.115051357075572 4.924184196684414e-05 0.1150153875350952 0.1153969764709473
1048576 0.2301156464964151 9.148930468375158e-05 0.230055570602417 0.2305240631103516
