16 9.925893482432002e-05 4.205279848370644e-08 9.921507444232702e-05 9.944848716259003e-05
32 0.0001010345276881708 4.562222525141957e-08 0.0001010008854791522 0.0001013462897390127
64 0.0001045365461322945 2.750379830044062e-08 0.0001044911332428455 0.0001045956742018461
128 0.0001115579943871126 2.327226734362003e-07 0.0001114667393267155 0.0001128748990595341
256 0.0001252808142453432 3.392808774384117e-07 0.000125187449157238 0.0001279450953006744
512 0.0001529465371277183 7.398968381062672e-07 0.0001527201384305954 0.0001587644219398499
1024 0.0002079984406009316 1.186484723330142e-07 0.0002078749239444733 0.000208340585231781
2048 0.0003185687819495797 2.296569147959757e-07 0.0003182440996170044 0.0003189444541931152
4096 0.0005398353096097708 3.35994053438598e-07 0.0005395561456680298 0.0005410611629486084
8192 0.000982948113232851 6.201857614403502e-07 0.0009810030460357666 0.0009838640689849854
16384 0.001869167201220989 2.099481886996195e-06 0.001865983009338379 0.001872241497039795
32768 0.003638181835412979 5.050189092649215e-06 0.003628969192504883 0.003648042678833008
65536 0.007181379944086075 1.375247056908589e-05 0.007161498069763184 0.007197976112365723
131072 0.01424707658588886 6.481367826148183e-06 0.01423740386962891 0.01425850391387939
262144 0.02842475287616253 3.487463101372413e-05 0.02838802337646484 0.02848803997039795
524288 0.05698260851204395 6.244328486129164e-05 0.05691695213317871 0.05735743045806885
1048576 0.1139767412096262 4.999794085300673e-05 0.1138709783554077 0.1140514612197876
