16 3.318496419524308e-05 4.499056508615209e-08 3.311794716864824e-05 3.341236151754856e-05
32 3.486931746010669e-05 6.698670467029602e-08 3.479002043604851e-05 3.518944140523672e-05
64 3.82558828277979e-05 9.894432945461989e-08 3.810436464846134e-05 3.89530323445797e-05
128 4.494773020269349e-05 4.458521734360582e-08 4.482036456465721e-05 4.504295065999031e-05
256 5.828935536555946e-05 3.499761856001593e-07 5.816388875246048e-05 6.101559847593307e-05
512 8.492817869409919e-05 7.662435690661003e-08 8.475780487060547e-05 8.514896035194397e-05
1024 0.0001382292248308659 1.187380773004545e-07 0.0001380480825901031 0.0001385323703289032
2048 0.0002448558807373047 1.207004276933557e-07 0.0002443715929985046 0.0002451241016387939
4096 0.0004585178103297949 3.748221173578876e-07 0.0004576146602630615 0.0004592388868331909
8192 0.0008879527449607849 8.099627130583551e-07 0.0008861124515533447 0.0008902549743652344
16384 0.001748476177453995 2.178367170886258e-06 0.001743495464324951 0.001756966114044189
32768 0.003467567265033722 3.512181179660248e-06 0.003461003303527832 0.00347602367401123
65536 0.00690481998026371 3.497744582824325e-06 0.006899476051330566 0.006911993026733398
131072 0.01377602107822895 3.402340647099791e-06 0.01376748085021973 0.0137864351272583
262144 0.02751489169895649 5.12383690973951e-06 0.02750647068023682 0.02753245830535889
524288 0.05511611513793468 1.354801643753676e-05 0.0550919771194458 0.0551445484161377
1048576 0.1103581637144089 2.488168284821185e-05 0.1103154420852661 0.1104984283447266
