16 4.591952620103257e-05 6.008430210485886e-08 4.584225825965405e-05 4.622823325917125e-05
32 4.795001586899161e-05 5.286179461325003e-08 4.789652302861214e-05 4.826753865927458e-05
64 5.197018617764115e-05 2.439417038108818e-08 5.193357355892658e-05 5.206139758229256e-05
128 6.012511585140601e-05 1.00319607137379e-07 6.003305315971375e-05 6.08786940574646e-05
256 7.640938565600663e-05 3.418854773793245e-07 7.630418986082077e-05 7.909350097179413e-05
512 0.000108688953332603 7.790934655531403e-08 0.0001085400581359863 0.0001089051365852356
1024 0.0001733967219479382 1.152607136351795e-07 0.0001731701195240021 0.0001736395061016083
2048 0.0003028283827006817 2.645555688263604e-07 0.000302530825138092 0.000303313136100769
4096 0.0005620981100946665 4.458485974427021e-07 0.0005617439746856689 0.0005635619163513184
8192 0.001080087851732969 6.447499711614552e-07 0.00107961893081665 0.001082360744476318
16384 0.002116112038493156 1.093240353653049e-06 0.002115488052368164 0.002119958400726318
32768 0.004188204184174538 2.699503127282869e-06 0.004186511039733887 0.004200577735900879
65536 0.008335104212164879 4.406959358071745e-05 0.008326888084411621 0.008677005767822266
131072 0.016609912738204 1.55602128874777e-05 0.01660442352294922 0.01672852039337158
262144 0.0332008171826601 5.889780520236272e-05 0.03317952156066895 0.03353798389434814
524288 0.06648635119199753 6.543739437053527e-05 0.06644546985626221 0.06683003902435303
1048576 0.1329767685383558 0.0002015087988828073 0.1329050064086914 0.134379506111145
