16 2.625041270221118e-05 4.505379816544512e-08 2.620264422148466e-05 2.642575418576598e-05
32 2.976921859954018e-05 2.007126544083235e-08 2.971873618662357e-05 2.982025034725666e-05
64 3.694024780998006e-05 1.783241858787688e-08 3.689550794661045e-05 3.698444925248623e-05
128 5.09840392624028e-05 2.452337058980574e-08 5.093915387988091e-05 5.104485899209976e-05
256 7.901679782662541e-05 2.298662335279841e-08 7.897615432739258e-05 7.90860503911972e-05
512 0.0001350818492937833 5.149094539676965e-08 0.0001350156962871552 0.0001352652907371521
1024 0.000247319636400789 6.533600135954725e-08 0.0002470947802066803 0.0002477169036865234
2048 0.0004721495788544416 1.837772423525577e-07 0.0004716217517852783 0.0004724636673927307
4096 0.0009248557034879923 5.477449227456086e-07 0.0009229928255081177 0.0009258091449737549
8192 0.001824500039219856 1.128870777742138e-06 0.001822859048843384 0.001827001571655273
16384 0.00364298652857542 2.691256493418566e-06 0.003639459609985352 0.003648459911346436
32768 0.007273042574524879 2.733919153291159e-06 0.007266998291015625 0.007278084754943848
65536 0.01452391408383846 4.64464926749717e-05 0.01451408863067627 0.01488852500915527
131072 0.02900770120322704 4.417501512561779e-06 0.02900147438049316 0.02901899814605713
262144 0.05800888128578663 9.57648330190451e-05 0.05798447132110596 0.05868244171142578
524288 0.1160676497966051 8.447159436964088e-06 0.1160434484481812 0.1160894632339478
1048576 0.2318416088819504 6.457483542511466e-05 0.2317910194396973 0.2321679592132568
