16 3.828452281595673e-05 2.165872747935922e-08 3.821239806711674e-05 3.831495996564627e-05
32 4.533094397629611e-05 1.974975979295249e-08 4.526658449321985e-05 4.535936750471592e-05
64 5.965972377452999e-05 9.185310349712381e-08 5.959183908998966e-05 6.032013334333897e-05
128 8.816880290396512e-05 4.724138468186043e-08 8.805887773633003e-05 8.828099817037582e-05
256 0.000144647536217235 5.107917780512757e-08 0.00014457106590271 0.0001447964459657669
512 0.0002579049614723772 6.784113572244692e-07 0.0002577342092990875 0.0002632178366184235
1024 0.0004841912887059152 1.242031574879017e-07 0.0004839561879634857 0.0004845336079597473
2048 0.0009371074847877026 2.891176229829525e-07 0.0009366273880004883 0.00093793123960495
4096 0.001842630328610539 4.561085761127817e-07 0.001841798424720764 0.001843318343162537
8192 0.003655797801911831 9.792238561191723e-07 0.003654628992080688 0.003658503293991089
16384 0.007282239384949207 1.937698299958437e-06 0.00727999210357666 0.007286489009857178
32768 0.01453116722404957 4.112905164458363e-06 0.0145258903503418 0.01455152034759521
65536 0.0290269423276186 4.041432254988712e-06 0.02901947498321533 0.02903342247009277
131072 0.05801841430366039 4.508447390969852e-05 0.05799293518066406 0.05836999416351318
262144 0.1160399559885263 8.152189183047845e-05 0.1159720420837402 0.1164460182189941
524288 0.2321534715592861 7.986328738554761e-05 0.2320715188980103 0.2325235605239868
1048576 0.464209558442235 0.0001349177843759023 0.4640450477600098 0.4646109342575073
