16 9.639004019845743e-06 1.173608927308333e-08 9.618408512324095e-06 9.703333489596844e-06
32 1.261497709492687e-05 1.035396545306637e-08 1.259322743862867e-05 1.263921149075031e-05
64 1.867875835159793e-05 1.117981374964334e-08 1.864065416157246e-05 1.870887354016304e-05
128 3.073681727983057e-05 2.300496311743391e-07 3.06740403175354e-05 3.25450673699379e-05
256 5.469993629958481e-05 3.810052650964509e-08 5.464069545269012e-05 5.481205880641937e-05
512 0.0001027369871735573 6.142292522023133e-08 0.0001026634126901627 0.0001028832048177719
1024 0.0001988020958378911 1.364341784422419e-07 0.0001987181603908539 0.0001992844045162201
2048 0.0003912257961928844 2.721801671867441e-06 0.0003907829523086548 0.0004126280546188354
4096 0.0007752564270049334 3.902473908607206e-07 0.0007749944925308228 0.0007765740156173706
8192 0.001543808728456497 9.58371103728095e-07 0.001543223857879639 0.001547634601593018
16384 0.003077955916523933 1.450708926031387e-06 0.003077030181884766 0.003082752227783203
32768 0.006147177889943123 3.074175208860987e-06 0.006145477294921875 0.006162524223327637
65536 0.01228146255016327 3.09569122618242e-06 0.01227903366088867 0.01228952407836914
131072 0.02454851008951664 3.497938047108853e-06 0.02454400062561035 0.02455699443817139
262144 0.04911274462938309 6.177993830459704e-05 0.04909396171569824 0.04945659637451172
524288 0.09831254929304123 4.737005726033637e-05 0.09827852249145508 0.09867298603057861
1048576 0.1967385970056057 0.0001131584089556314 0.1966705322265625 0.1973464488983154
