16 0.0003448735751589993 1.033881304552377e-07 0.0003446933696977794 0.0003450796357356012
32 0.0003462905697233509 1.084927772383144e-07 0.0003460722509771585 0.00034667132422328
64 0.0003491465431579854 1.488776307305499e-07 0.0003489034716039896 0.0003498662263154984
128 0.0003547807282302529 2.291344046404296e-07 0.0003544804640114307 0.0003560292534530163
256 0.0003659194044303149 3.265890931969721e-07 0.0003656204789876938 0.0003684414550662041
512 0.0003882793243974447 8.041830754889135e-08 0.0003881417214870453 0.0003884602338075638
1024 0.0004328755312599242 1.544897832505075e-07 0.000432278960943222 0.0004331246018409729
2048 0.000522249611094594 3.595793534029802e-07 0.0005217194557189941 0.0005229711532592773
4096 0.0007010074332356453 4.112757767945376e-07 0.0007001310586929321 0.0007016956806182861
8192 0.001059831120073795 1.945157882227854e-06 0.001057744026184082 0.00106385350227356
16384 0.001776771619915962 7.792093372797342e-06 0.001764774322509766 0.001788496971130371
32768 0.003203237429261208 1.624256721536559e-05 0.003187060356140137 0.003232002258300781
65536 0.0060874093323946 2.905680746463407e-05 0.006044983863830566 0.006116032600402832
131072 0.01172339729964733 1.219875098313456e-05 0.01170694828033447 0.01174545288085938
262144 0.02322373166680336 0.0001277791536648113 0.02310943603515625 0.0234144926071167
524288 0.04636839590966702 0.0002324311026454998 0.04603302478790283 0.04687952995300293
1048576 0.09207620099186897 0.0003581218223635813 0.09165596961975098 0.09259748458862305
