16 1.320399223914137e-05 4.955526999143261e-07 1.267867628484964e-05 1.392775448039174e-05
32 1.52308803080814e-05 5.149649712701507e-07 1.469277776777744e-05 1.592969056218863e-05
64 1.928688288899139e-05 5.154332355116955e-07 1.861224882304668e-05 2.007023431360722e-05
128 2.728822437347844e-05 4.94340806595095e-07 2.675969153642654e-05 2.806074917316437e-05
256 4.34147659689188e-05 5.994702885890372e-07 4.265643656253815e-05 4.556309431791306e-05
512 7.55155342631042e-05 5.861852215937351e-07 7.473491132259369e-05 7.666274905204773e-05
1024 0.0001399503089487553 7.244514883921359e-07 0.000139184296131134 0.0001417361199855804
2048 0.000268578645773232 1.093857956242228e-06 0.0002674013376235962 0.0002714097499847412
4096 0.0005258419550955296 1.816955002972392e-06 0.0005240738391876221 0.0005309432744979858
8192 0.001041917596012354 2.847501255367985e-06 0.001038491725921631 0.00104987621307373
16384 0.002072332426905632 6.174244160735727e-06 0.00206524133682251 0.002089500427246094
32768 0.004132427275180817 1.262343037691622e-05 0.004118442535400391 0.004166960716247559
65536 0.008251706138253212 2.612743802883665e-05 0.008222460746765137 0.008322477340698242
131072 0.01648498140275478 4.758262813429212e-05 0.01642990112304688 0.01660251617431641
262144 0.03295658156275749 9.951159560187379e-05 0.03284192085266113 0.03323400020599365
524288 0.06614979170262814 0.0002475600491593812 0.06582045555114746 0.06706547737121582
1048576 0.1323857940733433 0.0004864197352205842 0.1316679716110229 0.1337919235229492
