16 1.198045993078267e-05 3.043274168331108e-08 1.192162744700909e-05 1.204048749059439e-05
32 1.37482365971664e-05 3.169265250957191e-08 1.367821823805571e-05 1.380767207592726e-05
64 1.734985926304944e-05 3.123715907640933e-08 1.726276241242886e-05 1.740828156471252e-05
128 2.445168502163142e-05 3.325856427297083e-08 2.43806280195713e-05 2.452312037348747e-05
256 3.867852501571178e-05 4.915396060566421e-08 3.859307616949081e-05 3.879237920045853e-05
512 6.698025390505791e-05 6.929996803545689e-08 6.689131259918213e-05 6.724148988723755e-05
1024 0.0001241008285433054 1.442847259994535e-06 0.000123828649520874 0.0001354403793811798
2048 0.0002378651406615973 1.638023681775471e-07 0.0002373754978179932 0.0002384409308433533
4096 0.0004655723460018635 3.995135554218754e-07 0.0004646182060241699 0.0004670619964599609
8192 0.0009199762716889381 9.552026597353127e-07 0.0009181201457977295 0.0009232461452484131
16384 0.001833819784224033 1.771079061374143e-06 0.001830220222473145 0.001839041709899902
32768 0.003659769892692566 2.716771476611341e-06 0.003653526306152344 0.003663539886474609
65536 0.007310017943382263 4.244364125202314e-06 0.007303476333618164 0.007323503494262695
131072 0.01460656151175499 4.046346581293393e-06 0.01460099220275879 0.0146174430847168
262144 0.02907370775938034 1.738781479205379e-05 0.02905797958374023 0.02919995784759521
524288 0.05838673748075962 1.659111588740477e-05 0.05835199356079102 0.05843055248260498
1048576 0.1170420534908772 9.062541452162902e-05 0.11695396900177 0.1173914670944214
