16 1.867672563093947e-05 4.131080342189457e-08 1.862208591774106e-05 1.877977047115564e-05
32 2.109469824063126e-05 3.619895434015558e-08 2.104102168232203e-05 2.121343277394772e-05
64 2.60117303696461e-05 3.321263740201443e-08 2.596108242869377e-05 2.613966353237629e-05
128 3.590425330912694e-05 2.00670870162625e-07 3.580888733267784e-05 3.746058791875839e-05
256 5.556333053391427e-05 3.518901973257224e-07 5.537457764148712e-05 5.830079317092896e-05
512 9.472394594922662e-05 6.898772925642034e-08 9.462423622608185e-05 9.498372673988342e-05
1024 0.000173184263985604 1.276804388838524e-07 0.0001729056239128113 0.0001735948026180267
2048 0.0003299786476418376 2.742807539039012e-07 0.0003296509385108948 0.0003307163715362549
4096 0.0006442228332161903 5.8090491999642e-07 0.000643312931060791 0.0006457418203353882
8192 0.001271603163331747 1.022052347485084e-06 0.001270383596420288 0.001275122165679932
16384 0.00252706091850996 2.026820301817756e-06 0.002524495124816895 0.002533495426177979
32768 0.005038099363446236 3.320879409067121e-06 0.005032896995544434 0.00504457950592041
65536 0.0100598968565464 4.411542956256807e-05 0.01005256175994873 0.0104069709777832
131072 0.02008538693189621 2.308123727633095e-06 0.02008247375488281 0.02009499073028564
262144 0.04015332832932472 1.8534222345398e-05 0.04014396667480469 0.04029500484466553
524288 0.08048609271645546 4.467560119978504e-05 0.08045697212219238 0.08082544803619385
1048576 0.1609979216009378 9.009342948680489e-05 0.1609510183334351 0.1614300012588501
