16 9.936967217072379e-06 2.499332351323258e-08 9.918003343045712e-06 1.01176556199789e-05
32 1.361232898489106e-05 1.05682587916719e-08 1.358834560960531e-05 1.363677438348532e-05
64 2.094278534059413e-05 1.069523987297729e-08 2.091913484036922e-05 2.097385004162788e-05
128 3.561747871572152e-05 1.844958995389169e-08 3.556860610842705e-05 3.565801307559013e-05
256 6.495998241007328e-05 2.423598308351449e-08 6.492622196674347e-05 6.503518670797348e-05
512 0.0001236681709997356 4.907066760510292e-08 0.0001235306262969971 0.0001237429678440094
1024 0.0002414954942651093 9.181478164125213e-08 0.0002411715686321259 0.0002416707575321198
2048 0.0004759285366162658 2.476400616450542e-07 0.000475563108921051 0.0004766583442687988
4096 0.0009455876424908638 4.394318897958429e-07 0.0009448081254959106 0.0009461343288421631
8192 0.001887829508632421 1.520777061711028e-05 0.001883268356323242 0.00197187066078186
16384 0.003757565282285213 1.163072287643536e-06 0.003753781318664551 0.00375974178314209
32768 0.007503226399421692 2.498253800045792e-06 0.007496953010559082 0.007506966590881348
65536 0.01498966291546822 3.333580883173015e-06 0.01498556137084961 0.01499509811401367
131072 0.0299699492752552 4.427208571196717e-05 0.02996194362640381 0.0303184986114502
262144 0.05992409028112888 5.068478244395129e-06 0.05991852283477783 0.05993950366973877
524288 0.11999293230474 6.154869741782239e-05 0.119963526725769 0.120331883430481
1048576 0.2400010172277689 9.316988266347963e-05 0.2399489879608154 0.2405209541320801
