16 1.419494492438389e-05 5.077833547859816e-08 1.414550933986902e-05 1.439871266484261e-05
32 1.696948856988456e-05 2.986104373323663e-08 1.692434307187796e-05 1.707661431282759e-05
64 2.255458093713969e-05 4.666493765565318e-08 2.250401303172112e-05 2.281647175550461e-05
128 3.371459024492651e-05 3.296055061743153e-08 3.366824239492416e-05 3.382191061973572e-05
256 5.60551998205483e-05 2.764754221562515e-07 5.594920367002487e-05 5.819555371999741e-05
512 0.0001006474485620856 1.790145842840875e-07 0.0001005548983812332 0.0001019369810819626
1024 0.0001898329937830567 7.670474272821274e-08 0.0001897662878036499 0.0001901574432849884
2048 0.0003682516980916262 1.908451430021295e-07 0.0003677830100059509 0.0003689974546432495
4096 0.0007251566275954247 4.491261589282254e-07 0.0007241964340209961 0.000726550817489624
8192 0.001438748091459274 9.110719381340345e-07 0.001437008380889893 0.001442015171051025
16384 0.002868146635591984 1.751721632081754e-06 0.0028647780418396 0.002874553203582764
32768 0.005734754726290703 3.366298987458352e-06 0.005728960037231445 0.005745530128479004
65536 0.01145512796938419 5.987379246690453e-06 0.01144206523895264 0.01146900653839111
131072 0.02289487048983574 7.861982904653784e-06 0.02288007736206055 0.02291345596313477
262144 0.04579490423202515 7.799193593042731e-06 0.04577803611755371 0.04581594467163086
524288 0.09171661734580994 0.0001009852406268608 0.09167253971099854 0.09224951267242432
1048576 0.183434996753931 1.952897217310758e-05 0.1833940744400024 0.1834849119186401
