16 1.1635336704785e-05 6.465229912346604e-08 1.15780858322978e-05 1.174339558929205e-05
32 1.646112286834978e-05 6.628783714882409e-08 1.640128903090954e-05 1.657812390476465e-05
64 2.616364508867264e-05 6.875738160613429e-08 2.608774229884148e-05 2.627423964440823e-05
128 4.550216544885188e-05 6.739029971262254e-08 4.541408270597458e-05 4.563108086585999e-05
256 8.41764995129779e-05 8.314609924317757e-08 8.409004658460617e-05 8.437130600214005e-05
512 0.000161539443070069 8.874889589118905e-08 0.0001614298671483994 0.0001617353409528732
1024 0.0003164337831549346 1.391423877894245e-06 0.0003161542117595673 0.0003273449838161469
2048 0.0006256800843402743 1.710693315632453e-07 0.0006255358457565308 0.0006263703107833862
4096 0.001244603423401713 4.33288701627702e-07 0.001243561506271362 0.001246258616447449
8192 0.002482512965798378 6.004972222089894e-07 0.002480626106262207 0.002484887838363647
16384 0.004965944215655327 2.340726640031216e-05 0.004959285259246826 0.005150020122528076
32768 0.009923120960593224 1.634867946866983e-06 0.009921550750732422 0.00993049144744873
65536 0.0198329109698534 2.258543028342075e-06 0.01982653141021729 0.01984095573425293
131072 0.03965413384139538 3.571955031825956e-06 0.03964650630950928 0.03966450691223145
262144 0.07931414991617203 7.465004469474018e-05 0.07928800582885742 0.07965397834777832
524288 0.1587553322315216 6.39607394635655e-05 0.1587239503860474 0.1590884923934937
1048576 0.3175640683621168 9.074366889142889e-05 0.3175110816955566 0.3179149627685547
