16 0.0001687755093371379 3.662186429918426e-07 0.0001678330008871853 0.0001692722435109317
32 0.0001788443678378826 3.370631401505893e-07 0.0001779638696461916 0.0001794404815882444
64 0.000198953777726274 3.402477782203139e-07 0.000198072288185358 0.0001996494829654694
128 0.0002392207461525686 3.362143224633456e-07 0.0002383142709732056 0.0002395939081907272
256 0.0003192941221641377 3.368542211985107e-07 0.0003183828666806221 0.0003196680918335915
512 0.0004798854934051633 4.355769720455716e-07 0.0004789065569639206 0.0004819910973310471
1024 0.0008009352604858577 3.429797259989588e-07 0.0008000470697879791 0.0008014850318431854
2048 0.001443192828446627 3.812999510857698e-07 0.001441933214664459 0.001443818211555481
4096 0.002729001455008984 7.750648537529309e-06 0.002726063132286072 0.002771809697151184
8192 0.005299763288348913 1.593101222846846e-05 0.005294352769851685 0.005383998155593872
16384 0.01043373346328735 1.986395699424762e-06 0.01043021678924561 0.01044124364852905
32768 0.02070400677621365 3.216174551169562e-06 0.02069997787475586 0.02071154117584229
65536 0.04124270752072334 3.937472544987652e-06 0.04123604297637939 0.0412524938583374
131072 0.08232146315276623 3.721065907610803e-06 0.08231306076049805 0.08232903480529785
262144 0.1645077094435692 8.512566669284153e-05 0.1644760370254517 0.164842963218689
524288 0.3289431016892195 8.758776107017395e-05 0.3288869857788086 0.3292859792709351
1048576 0.6576687302440405 0.0001108636108805185 0.6575965881347656 0.6579965353012085
