16 6.711498826916795e-05 2.101648690234865e-08 6.707326974719763e-05 6.717286305502057e-05
32 6.841664799139835e-05 7.717140478345919e-08 6.836524698883295e-05 6.877549458295107e-05
64 7.10731910658069e-05 8.958330231372022e-08 7.100077345967293e-05 7.172278128564358e-05
128 7.635450310772285e-05 3.371081325391861e-08 7.627764716744423e-05 7.648253813385963e-05
256 8.701761544216424e-05 4.709265461981653e-08 8.692964911460876e-05 8.712150156497955e-05
512 0.0001083695096895099 7.512916164230852e-08 0.0001082420349121094 0.0001085307449102402
1024 0.0001511160517111421 1.362900020119624e-07 0.0001509040594100952 0.0001514852046966553
2048 0.0002361132064834237 1.700538803208136e-07 0.0002355277538299561 0.0002364069223403931
4096 0.0004061807412654161 5.082096326466477e-07 0.0004054903984069824 0.0004070699214935303
8192 0.0007487558759748936 1.078327047407537e-06 0.0007471144199371338 0.0007508695125579834
16384 0.001432592980563641 1.789977144970821e-06 0.001430511474609375 0.001435756683349609
32768 0.002801243215799332 3.273097279979996e-06 0.002797603607177734 0.002806544303894043
65536 0.005536539480090141 3.053311630773919e-06 0.005530476570129395 0.005544900894165039
131072 0.0110041294246912 3.595342654534818e-06 0.01099860668182373 0.01101303100585938
262144 0.02191134728491306 2.668449278646578e-06 0.02190542221069336 0.02191841602325439
524288 0.04384859278798103 8.549003529728168e-05 0.04381155967712402 0.04439854621887207
1048576 0.08765521086752415 6.276827774707392e-05 0.08760654926300049 0.08799755573272705
