16 0.0003627454543675412 6.027614218105278e-08 0.0003627116675488651 0.0003628937993198633
32 0.0003641093189798994 8.451855636135664e-08 0.0003640655195340514 0.0003644272219389677
64 0.0003669466241262853 1.785997812925276e-07 0.000366878928616643 0.0003678007051348686
128 0.000372505652194377 2.263652785238817e-08 0.000372445210814476 0.0003725625574588776
256 0.0003837465774267912 3.407684043445232e-07 0.0003836369141936302 0.0003864141181111336
512 0.0004061664512846619 6.949414713929965e-07 0.0004060380160808563 0.0004116334021091461
1024 0.0004508902784436941 1.060607524874531e-07 0.0004507936537265778 0.0004512183368206024
2048 0.0005408314755186439 2.712816497345487e-06 0.0005402788519859314 0.0005621239542961121
4096 0.0007197118829935789 3.049721260836821e-07 0.0007188171148300171 0.0007207393646240234
8192 0.001077553257346153 6.255417737258316e-07 0.001077115535736084 0.001079767942428589
16384 0.001792734488844872 1.399776575608248e-06 0.001789748668670654 0.001795768737792969
32768 0.003222266212105751 3.37041328013136e-06 0.003217458724975586 0.003227472305297852
65536 0.006079144775867462 1.475053681396896e-06 0.006078004837036133 0.006085515022277832
131072 0.01179162785410881 2.351531448771609e-06 0.01178550720214844 0.01179647445678711
262144 0.02321905083954334 4.716526617420407e-06 0.02321195602416992 0.02323257923126221
524288 0.04618918523192406 1.103021552932333e-05 0.04617094993591309 0.04621100425720215
1048576 0.09207259863615036 0.0001012976537959311 0.0920184850692749 0.09265601634979248
