16 1.784654887160286e-05 5.563105791837877e-08 1.776684075593948e-05 1.799996243789792e-05
32 2.021187174250372e-05 1.139179506714452e-07 2.009724266827106e-05 2.093450166285038e-05
64 2.493628562660888e-05 6.969657734793576e-08 2.476759254932404e-05 2.519623376429081e-05
128 3.432471567066386e-05 1.172161286482191e-07 3.407988697290421e-05 3.46032902598381e-05
256 5.309020343702286e-05 2.570100288795933e-07 5.270633846521378e-05 5.345698446035385e-05
512 9.057260467670858e-05 5.286045582211002e-07 8.971989154815674e-05 9.116344153881073e-05
1024 0.0001654622610658407 1.08439701794095e-06 0.0001638904213905334 0.0001668408513069153
2048 0.0003154855221509933 2.259317307181429e-06 0.0003121867775917053 0.000318281352519989
4096 0.0006165269296616316 7.566648650956006e-06 0.0006090551614761353 0.0006639361381530762
8192 0.00121731124818325 9.800637158579399e-06 0.001202613115310669 0.001229256391525269
16384 0.002419066615402699 1.947801223457739e-05 0.002393007278442383 0.002440512180328369
32768 0.004820195958018303 4.000092220410125e-05 0.00476992130279541 0.004865050315856934
65536 0.009624455124139786 7.959342640722014e-05 0.009523987770080566 0.009707927703857422
131072 0.01925117522478104 0.0002341522296480143 0.01903557777404785 0.02063345909118652
262144 0.03843960352241993 0.000314098112744637 0.03806054592132568 0.03875350952148438
524288 0.07707819528877735 0.0005405313256479991 0.0763084888458252 0.07763898372650146
1048576 0.1543106604367495 0.001013560349168197 0.152565598487854 0.1556055545806885
