16 1.142774090112653e-05 6.413068560197446e-08 1.130561577156186e-05 1.159007661044598e-05
32 1.372332735627424e-05 8.66387365158004e-08 1.361232716590166e-05 1.416751183569431e-05
64 1.829976827139035e-05 1.497793997297462e-07 1.818360760807991e-05 1.895497553050518e-05
128 2.732803113758564e-05 6.593076638268885e-08 2.721464261412621e-05 2.755085006356239e-05
256 4.547183925751597e-05 3.528179324931257e-07 4.530139267444611e-05 4.82071191072464e-05
512 8.165807230398059e-05 9.051571982328154e-08 8.148327469825745e-05 8.189864456653595e-05
1024 0.0001540748053230345 1.476272186514755e-07 0.0001538582146167755 0.0001544393599033356
2048 0.000299086095765233 2.982632569131291e-07 0.0002985298633575439 0.0003000274300575256
4096 0.0005891842301934958 5.552509271415147e-07 0.0005886852741241455 0.0005911290645599365
8192 0.001170058734714985 9.115626269108987e-07 0.001168102025985718 0.00117260217666626
16384 0.002334652468562126 8.87975516038551e-06 0.002330243587493896 0.002402961254119873
32768 0.004656311124563217 4.173485641561288e-06 0.004648447036743164 0.004670977592468262
65536 0.00930224172770977 4.527406127294332e-06 0.009289979934692383 0.009313464164733887
131072 0.01858973689377308 5.537557195238825e-06 0.01857101917266846 0.01860296726226807
262144 0.03716382943093777 9.793125387827924e-06 0.03712642192840576 0.03717899322509766
524288 0.07443649508059025 5.146988099856027e-05 0.07440149784088135 0.07482445240020752
1048576 0.1487777940928936 3.073125393175782e-05 0.1487019062042236 0.1488344669342041
