16 0.001597892390236666 3.834291621895702e-06 0.001592906017322093 0.001601235067937523
32 0.001600981217052322 3.910921252688641e-06 0.001595561509020627 0.001604703138582408
64 0.001607468744623475 3.860925444264056e-06 0.001602706965059042 0.001611402491107583
128 0.001620261900825426 3.853989088886824e-06 0.001615492161363363 0.001624320168048143
256 0.001646318414714187 3.865227789297725e-06 0.001640843227505684 0.001652241684496403
512 0.001698180101811886 3.918899509341921e-06 0.001692382618784904 0.001706704497337341
1024 0.001801824779249728 4.018682343506932e-06 0.001795686781406403 0.001815482974052429
2048 0.002009088173508644 3.262711890927146e-06 0.002002410590648651 0.002013221383094788
4096 0.002424130449071527 2.977211883418323e-06 0.002415746450424194 0.002429187297821045
8192 0.00325403269380331 3.248318463909944e-06 0.003242373466491699 0.00326162576675415
16384 0.004916153848171234 2.229270758464428e-05 0.004898965358734131 0.005088508129119873
32768 0.008231908082962036 9.093182663125386e-06 0.008220911026000977 0.008253931999206543
65536 0.01486652344465256 2.031804659393006e-05 0.01484251022338867 0.01489794254302979
131072 0.02813178859651089 4.508249601704456e-05 0.02805161476135254 0.02819490432739258
262144 0.05467120558023453 9.609577907153178e-05 0.05451250076293945 0.05493152141571045
524288 0.1079391110688448 0.0001926386863710268 0.1075509786605835 0.1084375381469727
1048576 0.2145097926259041 0.0003554785129952816 0.2135130167007446 0.2152590751647949
