16 4.228816760587506e-05 7.544254209766164e-08 4.218972753733397e-05 4.261598223820329e-05
32 5.054406392446253e-05 7.27422002582762e-08 5.041551776230335e-05 5.074555519968271e-05
64 6.701440361212008e-05 8.161022132892293e-08 6.687617860734463e-05 6.727245636284351e-05
128 9.992101695388556e-05 7.937492039858318e-08 9.975582361221313e-05 0.0001001716591417789
256 0.0001657019602134824 1.025312553049666e-07 0.0001652538776397705 0.0001659682020545006
512 0.0002972555230371654 1.116912878415454e-07 0.0002967733889818192 0.0002976488322019577
1024 0.0005603522877208889 2.794797845036448e-07 0.0005582980811595917 0.0005606375634670258
2048 0.001086946111172438 2.751944327291134e-06 0.00108616054058075 0.001108534634113312
4096 0.002139077056199312 5.58902807298112e-06 0.002137556672096252 0.002182886004447937
8192 0.004240361507982016 1.107058023770525e-05 0.004237622022628784 0.004327118396759033
16384 0.008424017578363419 4.550519898218372e-06 0.008416533470153809 0.008442997932434082
32768 0.01679726131260395 4.543047778977949e-05 0.01678144931793213 0.01713848114013672
65536 0.03354768641293049 5.433198215606473e-05 0.03352296352386475 0.0338900089263916
131072 0.06705057993531227 9.272388160507083e-05 0.06700897216796875 0.06738650798797607
262144 0.1340571288019419 0.0001387656515290546 0.1339880228042603 0.134564995765686
524288 0.2682087533175945 0.0001959612557261607 0.2681114673614502 0.2689675092697144
1048576 0.5364303905516863 0.0004256470983292937 0.5362390279769897 0.5379010438919067
