16 0.0001048766598614748 1.606344821993562e-07 0.0001046064426191151 0.0001052844454534352
32 0.0001068894125637598 1.621314637887918e-07 0.0001066426048055291 0.000107320724055171
64 0.0001110087250708602 1.797140330660635e-07 0.0001107372809201479 0.0001117773354053497
128 0.0001192990530398674 1.591413513326061e-07 0.0001190295442938805 0.0001197089441120625
256 0.0001358199951937422 1.798731345834676e-07 0.000135546550154686 0.0001365197822451591
512 0.0001687820767983794 3.269002884124456e-07 0.0001684222370386124 0.0001709386706352234
1024 0.0002346676774322987 4.967251079050536e-07 0.0002340786159038544 0.0002378895878791809
2048 0.0003664175746962428 4.192596927851342e-07 0.0003654360771179199 0.0003677457571029663
4096 0.0006307342555373907 6.074146925820177e-07 0.0006298720836639404 0.0006323009729385376
8192 0.001159659121185541 1.333050829935396e-06 0.001155376434326172 0.001163512468338013
16384 0.002216171473264694 2.398120819245481e-06 0.002208471298217773 0.002224266529083252
32768 0.004334885627031326 4.349282086155222e-05 0.004317998886108398 0.004674553871154785
65536 0.008554372936487198 9.302459086713518e-06 0.008528470993041992 0.008587956428527832
131072 0.01700103096663952 1.658295046333301e-05 0.01696395874023438 0.01704800128936768
262144 0.03391175158321857 5.18720162238319e-05 0.0338670015335083 0.03423643112182617
524288 0.06796961463987827 7.78859886033629e-05 0.06789648532867432 0.06836295127868652
1048576 0.1357425376772881 0.0001284193553235863 0.1355509757995605 0.1361855268478394
