16 3.016953996848315e-05 8.099220401011703e-08 3.009714419022202e-05 3.040279261767864e-05
32 3.466332782409154e-05 7.772969350584947e-08 3.453029785305262e-05 3.486918285489082e-05
64 4.36115478805732e-05 7.698439882519043e-08 4.351651296019554e-05 4.385644569993019e-05
128 6.151936395326629e-05 1.093844103237362e-07 6.138859316706657e-05 6.188685074448586e-05
256 9.728714940138161e-05 2.464929161737573e-07 9.700004011392593e-05 9.787548333406448e-05
512 0.0001688535558059812 5.563104014999184e-07 0.0001680925488471985 0.0001701246947050095
1024 0.0003119750181213021 1.142645471800561e-06 0.0003103092312812805 0.0003141723573207855
2048 0.0005981998983770609 2.281880674649315e-06 0.0005944371223449707 0.0006027817726135254
4096 0.001170600298792124 4.609091108634862e-06 0.001160368323326111 0.001179113984107971
8192 0.002315720077604055 9.315932243431407e-06 0.002298742532730103 0.002331763505935669
16384 0.004610487259924412 1.668039418358913e-05 0.004592299461364746 0.004650771617889404
32768 0.009198650717735291 3.084837461931079e-05 0.009151935577392578 0.009258508682250977
65536 0.01836794801056385 6.061178394418469e-05 0.01828944683074951 0.01847243309020996
131072 0.03670696727931499 0.000119940357876036 0.03654241561889648 0.03691256046295166
262144 0.07342753186821938 0.0002662314504901175 0.07305455207824707 0.07413208484649658
524288 0.1470734197646379 0.0005864501177795024 0.1464419364929199 0.148329496383667
1048576 0.2939235344529152 0.001276174223748615 0.2924685478210449 0.2962020635604858
