16 6.273494721931172e-06 3.82740040958006e-09 6.26806641434996e-06 6.282226564735538e-06
32 8.411628720672581e-06 4.648142580126487e-09 8.407714858549298e-06 8.427734371707629e-06
64 1.27302398755802e-05 8.744575515091856e-09 1.272363283533195e-05 1.276367186164862e-05
128 2.131655883630401e-05 1.483912438980938e-08 2.127929678863438e-05 2.136132820851344e-05
256 3.839813231110156e-05 4.592134268435449e-08 3.834375002043089e-05 3.854296892313869e-05
512 7.275109867066476e-05 8.188927736601448e-08 7.264843770826701e-05 7.303124948521145e-05
1024 0.000140956054679009 1.691332750835255e-07 0.0001407343752362067 0.0001414062498952262
2048 0.0002770644528595767 2.631035187782626e-07 0.0002767500009213109 0.0002779687492875382
4096 0.000549340819588906 5.025889103930296e-07 0.0005485000001499429 0.000551187498786021
8192 0.001094376954370091 1.006055581856667e-06 0.001093374987249263 0.001098249995266087
16384 0.002198289062107506 2.371800302231981e-06 0.002196499990532175 0.00220824999269098
32768 0.004417617195940693 3.164464778084372e-06 0.004415000032167882 0.004427500010933727
65536 0.00883223437176639 5.050515061002763e-06 0.008826999983284622 0.008847500022966415
131072 0.01766099999986182 5.194622751059653e-06 0.01765100000193343 0.0176729999948293
262144 0.03537802343453222 5.479503177075392e-05 0.03535999997984618 0.03580599999986589
524288 0.07087578125356231 1.452225433251608e-05 0.07084900001063943 0.07092349999584258
1048576 0.141950992189777 0.0001003844799269043 0.1418955000117421 0.142327000037767
