16 0.003124727862996224 1.78950896288693e-06 0.003121786576230079 0.003126782714389265
32 0.003125841898508952 1.765646280273525e-06 0.003123028785921633 0.00312794977799058
64 0.003128152573481202 1.816282551595926e-06 0.003125307615846395 0.003130465978756547
128 0.003132682249997742 1.868965788279351e-06 0.003129523247480392 0.003135712817311287
256 0.003141806577332318 1.993434100934511e-06 0.00313892588019371 0.003146851435303688
512 0.003160098858643323 2.123931569631869e-06 0.0031568743288517 0.003167148679494858
1024 0.003196379984728992 1.922509504960879e-06 0.003193579614162445 0.003198593854904175
2048 0.003269944805651903 3.550562258169694e-06 0.003266431391239166 0.003293097019195557
4096 0.003415815299376845 2.456869657704308e-06 0.00341130793094635 0.003419563174247742
8192 0.003708020783960819 3.124092205067365e-06 0.003702491521835327 0.003712624311447144
16384 0.004292572848498821 4.462359933940684e-06 0.004285275936126709 0.004301011562347412
32768 0.005461525171995163 7.305414180865684e-06 0.005445480346679688 0.005471587181091309
65536 0.007796334102749825 1.258803109001986e-05 0.007770538330078125 0.0078125
131072 0.01246531121432781 2.34123227196536e-05 0.01242649555206299 0.01249098777770996
262144 0.02181753143668175 6.675430115285463e-05 0.02173948287963867 0.0221940279006958
524288 0.04066118225455284 0.0001091716975482602 0.04050946235656738 0.04108798503875732
1048576 0.07827730476856232 0.0002703315975337532 0.07795894145965576 0.07981252670288086
