16 0.003800278853304917 2.27542569999796e-06 0.003796933335252106 0.003802806895691901
32 0.00381378050406056 2.323417671161266e-06 0.003810409223660827 0.003816354903392494
64 0.003841033678327221 2.320607163873924e-06 0.003837820375338197 0.003844067454338074
128 0.003895210902555846 2.38227931756404e-06 0.003891455009579659 0.003898724913597107
256 0.004003780471975915 2.537030539525866e-06 0.004000226035714149 0.0040085818618536
512 0.004220725444611162 2.753779661469193e-06 0.004217492416501045 0.004228804260492325
1024 0.004655647615436465 4.063903012082223e-06 0.004650622606277466 0.004668734967708588
2048 0.005524877924472094 5.617551882845932e-06 0.005519561469554901 0.005549535155296326
4096 0.007260814309120178 4.87577563098537e-06 0.007254883646965027 0.007272988557815552
8192 0.01073443982750177 8.691449457882445e-06 0.01072347164154053 0.01076912879943848
16384 0.01767726708203554 1.478965628682898e-05 0.01765823364257812 0.01774579286575317
32768 0.03155895322561264 2.197807812667736e-05 0.03152048587799072 0.03158855438232422
65536 0.05933227762579918 5.394143238798541e-05 0.05927002429962158 0.05958151817321777
131072 0.1148532070219517 9.068912180424266e-05 0.1144870519638062 0.1149475574493408
262144 0.2259725872427225 0.0002078528687225792 0.2257360219955444 0.2267789840698242
524288 0.44833118095994 0.0003247393082441518 0.4479409456253052 0.4493089914321899
1048576 0.8928756732493639 0.0005910519047390907 0.8920295238494873 0.8937458992004395
