16 0.002391941271525866 8.02056234067292e-07 0.002391137706581503 0.002394016832113266
32 0.002394625189481303 8.935352362149478e-07 0.002393792499788105 0.002397280768491328
64 0.002400020217464771 9.432560258729563e-07 0.002399106277152896 0.002402585931122303
128 0.002410708504612558 9.97846373051694e-07 0.002409796696156263 0.002413589507341385
256 0.002432013323414139 1.03239183688533e-06 0.002431104891002178 0.002434797585010529
512 0.002474668202921748 1.039510142562907e-06 0.002473820000886917 0.002480046823620796
1024 0.002560091845225543 1.492238438097934e-06 0.002559017390012741 0.002570342272520065
2048 0.002730534761212766 6.480306456463005e-07 0.002729564905166626 0.002732187509536743
4096 0.003071646438911557 7.616093096338198e-07 0.00307019054889679 0.00307387113571167
8192 0.003755522891879082 1.284009809763289e-06 0.003753125667572021 0.003757745027542114
16384 0.005123882554471493 4.158760153536009e-06 0.005118250846862793 0.005131006240844727
32768 0.007856199517846107 8.25290908800785e-06 0.007840991020202637 0.007868051528930664
65536 0.01331688091158867 1.733080751932577e-05 0.01329493522644043 0.01333940029144287
131072 0.02424322441220284 5.140656647993528e-05 0.02419948577880859 0.02454555034637451
262144 0.04609287716448307 8.675085354543028e-05 0.04601442813873291 0.04650700092315674
524288 0.08991530723869801 0.0001343710245688185 0.08975648880004883 0.09006905555725098
1048576 0.1775012612342834 0.0002928467692083292 0.1771860122680664 0.1781305074691772
