16 0.002393534364273364 2.002524964561092e-06 0.002389461209531873 0.002395531511865556
32 0.002396221194430836 1.975769185671505e-06 0.002392381778918207 0.002398372627794743
64 0.002401598678261507 2.024954972952952e-06 0.002397395670413971 0.002404029248282313
128 0.002412452427961398 2.012882837434052e-06 0.002408220898360014 0.002415580209344625
256 0.002434213834931143 2.12475590244166e-06 0.002429934218525887 0.002438577823340893
512 0.002477437286870554 1.907724447857126e-06 0.002473272383213043 0.002479428425431252
1024 0.002564297872595489 2.325480925436887e-06 0.002559732645750046 0.002574499696493149
2048 0.002737394883297384 1.872707383421745e-06 0.00273287296295166 0.002739623188972473
4096 0.003084246767684817 1.851365929014192e-06 0.003078490495681763 0.003086939454078674
8192 0.003780093975365162 1.084698186241922e-05 0.003771871328353882 0.003864258527755737
16384 0.005167658440768719 2.745971410950353e-06 0.005159199237823486 0.0051727294921875
32768 0.007941944524645805 4.541335150596335e-06 0.007930994033813477 0.007950544357299805
65536 0.01348747313022614 1.003204614225971e-05 0.01346457004547119 0.0135045051574707
131072 0.02457865513861179 1.981583775447227e-05 0.02453804016113281 0.02461147308349609
262144 0.04678784124553204 7.790475897293214e-05 0.04668998718261719 0.04708898067474365
524288 0.09136524796485901 9.749779855544608e-05 0.0911945104598999 0.09148800373077393
1048576 0.180328032001853 0.0002186130072196883 0.1799420118331909 0.1808865070343018
