16 0.001112593336074497 1.067836347340744e-06 0.001111970224883407 0.00111511058639735
32 0.001115151311751106 1.05976986247425e-06 0.00111454539000988 0.001117854495532811
64 0.001120465876738308 1.097600572925851e-06 0.001119796885177493 0.001123445341363549
128 0.001130896824179217 1.099391268050109e-06 0.001130246091634035 0.001134025398641825
256 0.001151841293903999 1.086851507149553e-06 0.001151195727288723 0.001154324971139431
512 0.001193925883853808 1.434522538032482e-06 0.001193109899759293 0.0012015700340271
1024 0.001277771720197052 1.722761606281712e-06 0.001276809722185135 0.001288112252950668
2048 0.001445302972570062 1.139081269763854e-06 0.001444309949874878 0.001447968184947968
4096 0.001781353028491139 5.543806594650509e-06 0.001779749989509583 0.001824066042900085
8192 0.002452043816447258 1.252349226043336e-06 0.002449363470077515 0.002454757690429688
16384 0.00379657931625843 1.941922002766242e-06 0.003793001174926758 0.00380176305770874
32768 0.006481630727648735 3.319894357508165e-06 0.006478071212768555 0.006491422653198242
65536 0.01184871420264244 2.76483234448243e-06 0.0118415355682373 0.0118560791015625
131072 0.02257971838116646 4.252446181555317e-06 0.0225750207901001 0.02259349822998047
262144 0.04404900781810284 5.472133138935368e-06 0.04404246807098389 0.04406452178955078
524288 0.0871354453265667 1.429681371143395e-05 0.08710753917694092 0.08717143535614014
1048576 0.1732844281941652 8.776016718899209e-05 0.1732265949249268 0.1736334562301636
