16 0.001406805957230972 2.004341424528249e-06 0.00140276929596439 0.001408861309755594
32 0.001409712191161816 2.053297635803246e-06 0.001405730959959328 0.001411945791915059
64 0.001415207578247646 2.063292616812414e-06 0.001411065459251404 0.001417770516127348
128 0.001426136259397026 2.173380855057165e-06 0.001421775203198195 0.001429449301213026
256 0.001447922026272863 2.081067060139034e-06 0.001443695276975632 0.001449992880225182
512 0.001491750503191724 2.285413247245443e-06 0.001487523317337036 0.001498937606811523
1024 0.001579202595166862 2.51820430346796e-06 0.001574687659740448 0.001591499894857407
2048 0.001754650147631764 4.325099184593288e-06 0.001749530434608459 0.001777410507202148
4096 0.002103735925629735 2.038880793592313e-06 0.002098426222801208 0.002106174826622009
8192 0.002803581766784191 1.986365313825102e-06 0.002799123525619507 0.002806514501571655
16384 0.004203447140753269 1.990334130116064e-06 0.004198729991912842 0.004207968711853027
32768 0.007000105455517769 4.819839506402183e-06 0.006989002227783203 0.007008075714111328
65536 0.0125909261405468 7.375860002771791e-06 0.01257753372192383 0.01260602474212646
131072 0.02376951836049557 1.385848009185543e-05 0.02375102043151855 0.02379000186920166
262144 0.04613461531698704 2.979129390176214e-05 0.04610049724578857 0.04617702960968018
524288 0.0910334624350071 5.69250475213297e-05 0.09095752239227295 0.09111654758453369
1048576 0.1807907950133085 0.0007438119968350814 0.1805670261383057 0.1865783929824829
