16 0.001661530764977215 6.201116809480155e-07 0.001660420908592641 0.001662605965975672
32 0.001665635198150994 7.633574990488905e-07 0.001663020579144359 0.001667687087319791
64 0.001673991704592481 7.582103940319442e-07 0.001671917969360948 0.001676125917583704
128 0.001690800396318082 7.87870752363236e-07 0.00168957794085145 0.001693058293312788
256 0.001724065543385223 8.913937116420792e-07 0.001722659915685654 0.001727636903524399
512 0.001790413109119982 1.118973430647614e-06 0.001789046451449394 0.001795515418052673
1024 0.001923123199958354 1.530905170485284e-06 0.001921981573104858 0.001932684332132339
2048 0.00218834716361016 8.012724603567492e-07 0.002186842262744904 0.002190686762332916
4096 0.002719780430197716 5.416308313465098e-06 0.002717748284339905 0.002762004733085632
8192 0.003782138228416443 1.116640267622791e-05 0.003777861595153809 0.003865361213684082
16384 0.005903369747102261 5.174136113065069e-06 0.005898475646972656 0.005934000015258789
32768 0.0101481769233942 1.060339137165148e-05 0.0101395845413208 0.01020550727844238
65536 0.01862942427396774 1.612649988543252e-05 0.01861798763275146 0.01875150203704834
131072 0.03559716045856476 5.936182417288244e-05 0.03556704521179199 0.03600001335144043
262144 0.06954187341034412 0.0001109764491750301 0.06947803497314453 0.07018053531646729
524288 0.1375879757106304 0.0001264002471139117 0.1375014781951904 0.1385074853897095
1048576 0.2735980749130249 0.0004572046833823929 0.273406982421875 0.2771389484405518
