16 0.001939547651090834 2.172284204090609e-06 0.001935267820954323 0.001941768801771104
32 0.0019494857351674 2.160318988324194e-06 0.001945436466485262 0.001951890182681382
64 0.001969290398847079 2.243525169987754e-06 0.001965087838470936 0.00197206623852253
128 0.002009089424973354 2.177461770139881e-06 0.002004822250455618 0.002012378536164761
256 0.002088608569465578 2.142807979023405e-06 0.002084476873278618 0.002093234099447727
512 0.002247639669803903 2.280255111439114e-06 0.002243336290121078 0.002255000174045563
1024 0.002565656555816531 2.728315371897819e-06 0.002560749650001526 0.002578407526016235
2048 0.003201722749508917 1.948547762069481e-06 0.003197468817234039 0.003205813467502594
4096 0.004473961424082518 1.643600510883315e-06 0.004470929503440857 0.004477813839912415
8192 0.007018356584012508 1.8166264813639e-06 0.007015615701675415 0.007027626037597656
16384 0.0121028833091259 3.447118930298836e-06 0.01208823919296265 0.01211678981781006
32768 0.02227253094315529 4.38440526162052e-05 0.02225148677825928 0.02261102199554443
65536 0.04259647242724895 1.49744384244052e-05 0.04257845878601074 0.04263103008270264
131072 0.08325318060815334 4.363050525992075e-05 0.08318102359771729 0.08347797393798828
262144 0.1645980998873711 9.533069172303998e-05 0.1644409894943237 0.1648759841918945
524288 0.3274435363709927 0.0001592434127123457 0.3271294832229614 0.3278855085372925
1048576 0.6530414298176765 0.0002262710091025712 0.6527880430221558 0.6535454988479614
