16 0.001068896375727491 9.309520415810575e-07 0.001068043988198042 0.00107069406658411
32 0.001070853921191883 9.070070060882567e-07 0.00106998288538307 0.001072746119461954
64 0.001074630694347434 9.168169357293992e-07 0.001073782099410892 0.001076312502846122
128 0.001082270624465309 1.017741372658936e-06 0.001081361435353756 0.001085238065570593
256 0.001097415311960503 9.738741209112925e-07 0.001096347346901894 0.001099410466849804
512 0.00112765291123651 1.123096716029031e-06 0.00112646073102951 0.001132765784859657
1024 0.001188492402434349 1.620110352463976e-06 0.00118715688586235 0.001198813319206238
2048 0.001309961313381791 9.488372523301019e-07 0.001308754086494446 0.001312091946601868
4096 0.001552625326439738 1.06892204648026e-06 0.001551315188407898 0.001555442810058594
8192 0.002039608545601368 1.050558703694968e-06 0.002038389444351196 0.002043098211288452
16384 0.003011839464306831 1.067375154650465e-06 0.003010749816894531 0.003014981746673584
32768 0.004955828189849854 3.710321218432288e-06 0.00495147705078125 0.004963994026184082
65536 0.008841605857014656 3.599398812126295e-06 0.008836507797241211 0.00885009765625
131072 0.01660853251814842 3.317794309198479e-06 0.01660406589508057 0.01661550998687744
262144 0.0321510061621666 3.556981260380554e-06 0.03214550018310547 0.03215897083282471
524288 0.06340788491070271 1.836287596075506e-05 0.06338202953338623 0.0634530782699585
1048576 0.1257728226482868 0.0001637772254510208 0.125719428062439 0.1270325183868408
