16 0.001479290232055064 1.703522847139124e-06 0.001476931676734239 0.001481203129515052
32 0.001480503713537473 1.624728296753299e-06 0.001478168065659702 0.001482511754147708
64 0.001482936859247275 1.649823394167492e-06 0.00148073909804225 0.001485190354287624
128 0.001487832960265223 1.650671380575219e-06 0.001485355198383331 0.00149070518091321
256 0.001497393328463659 1.656629306138557e-06 0.001495042815804482 0.001499222591519356
512 0.001516904623713344 1.917278603225371e-06 0.00151444599032402 0.001523867249488831
1024 0.001555786409880966 2.269932370193819e-06 0.001553013920783997 0.001568187028169632
2048 0.001633411040529609 1.596555135965318e-06 0.001631312072277069 0.001635655760765076
4096 0.001789101865142584 1.658916740776814e-06 0.00178644061088562 0.001791805028915405
8192 0.002099691424518824 1.989079719684114e-06 0.002096623182296753 0.00210687518119812
16384 0.002719861455261707 2.374983231523563e-06 0.00271451473236084 0.002724707126617432
32768 0.003960376605391502 2.876938666342443e-06 0.003949999809265137 0.003967523574829102
65536 0.006440460681915283 8.817471957199105e-06 0.006430506706237793 0.006497502326965332
131072 0.0113971121609211 1.418843695723423e-05 0.01138091087341309 0.01147603988647461
262144 0.02132470719516277 1.941514709470908e-05 0.02130556106567383 0.02139294147491455
524288 0.0413882602006197 8.192908530631264e-05 0.04133248329162598 0.04188060760498047
1048576 0.08130787126719952 0.0001080893726819507 0.08121955394744873 0.08176755905151367
