16 0.00160116165625368 7.616924168032842e-07 0.001600016606971622 0.001602555916178972
32 0.001603696176971425 8.803193354000302e-07 0.00160081300418824 0.001606103964149952
64 0.001608855473023141 8.759293642307308e-07 0.001606589648872614 0.001611326355487108
128 0.001619227099581622 8.316880703351113e-07 0.001618039328604937 0.001621689181774855
256 0.001639824200537987 9.501026769017447e-07 0.001638601534068584 0.001643555238842964
512 0.001681022782577202 1.234553567302285e-06 0.001679772511124611 0.001687319949269295
1024 0.001763336709700525 8.979498239657083e-07 0.001762185245752335 0.00176732987165451
2048 0.001928540063090622 7.879422583516868e-07 0.001927189528942108 0.001930497586727142
4096 0.002258103108033538 7.627309958902711e-07 0.002256929874420166 0.002259686589241028
8192 0.002919102553278208 2.553441389324303e-06 0.002916127443313599 0.002937227487564087
16384 0.004239833913743496 4.963642233857971e-06 0.004236996173858643 0.004274964332580566
32768 0.006881497800350189 1.404793593571213e-05 0.006873011589050293 0.006957530975341797
65536 0.01215662248432636 2.435188690771482e-05 0.01214945316314697 0.01234698295593262
131072 0.02270762249827385 4.149301641451161e-05 0.02269291877746582 0.02300357818603516
262144 0.04382650181651115 9.536021310007783e-05 0.04379057884216309 0.04439949989318848
524288 0.08620433881878853 5.942123334504131e-05 0.08616244792938232 0.08654499053955078
1048576 0.1707984581589699 0.0001465216085651384 0.1707324981689453 0.1719200611114502
