16 2.589984893219821e-06 1.184745563258504e-07 2.565185525327252e-06 3.522460957583462e-06
32 3.789176941992878e-06 1.720052721262164e-07 3.761230459531362e-06 5.143554687947471e-06
64 6.213455199244322e-06 2.806936121941523e-07 6.167968649606337e-06 8.422851578870905e-06
128 1.108383179371231e-05 5.008605742711353e-07 1.098046868719393e-05 1.502539066677855e-05
256 2.07659301523222e-05 9.413575642477224e-07 2.062109342659824e-05 2.817578115354991e-05
512 4.015649415123335e-05 1.811202309512714e-06 3.988281241618097e-05 5.441406301542884e-05
1024 7.900903312929586e-05 3.594034506884575e-06 7.845312393328641e-05 0.0001072968752851011
2048 0.0001565590820291618 7.110707531735429e-06 0.0001554687514726538 0.0002125312494172249
4096 0.0003117500001508233 1.417511563762111e-05 0.0003096250002272427 0.0004233125000610016
8192 0.0006223164057246322 1.865958409173543e-05 0.0006192500004544854 0.0007691250066272914
16384 0.001239953124695603 1.764325374796688e-06 0.001238500000908971 0.001245749997906387
32768 0.002478851561136253 3.790838233959308e-06 0.002476499998010695 0.002494500018656254
65536 0.004979617182470975 0.0001963502022912238 0.004950499976985157 0.006525499979034066
131072 0.009909031251481792 4.115277907233215e-06 0.00990149995777756 0.009921999997459352
262144 0.01983039843889856 7.682789021351793e-06 0.0198194999829866 0.0198585000471212
524288 0.03973736718398868 4.642747185911239e-05 0.03970700001809746 0.0400750000262633
1048576 0.07954939062801714 0.0001295722626440624 0.07948650000616908 0.08047899999655783
