16 6.367198942314189e-06 7.925332368581104e-09 6.351562490181095e-06 6.390380860921141e-06
32 8.178749082432546e-06 4.75424534478966e-09 8.172851551080385e-06 8.193847634174745e-06
64 1.177413939679184e-05 5.86833078143507e-09 1.176855471385352e-05 1.179687501462467e-05
128 1.891305540979715e-05 1.535132073132358e-08 1.889453119474638e-05 1.894531260404619e-05
256 3.320379638438453e-05 2.440500391186726e-08 3.318359358672751e-05 3.328125012558303e-05
512 6.187292483161855e-05 4.018105704747049e-08 6.183593723108061e-05 6.205468798725633e-05
1024 0.0001190810546063403 5.747999373286621e-07 0.0001187968737212941 0.0001235468753293389
2048 0.0002333540039103355 2.022976026621877e-07 0.0002329374983673915 0.0002341250001336448
4096 0.0004620888668114276 3.304950768634792e-07 0.0004612499978975393 0.0004636875019059516
8192 0.0009194589856633684 7.934066355642738e-07 0.0009178749896818772 0.0009223750093951821
16384 0.001838800782479666 2.174209582188699e-05 0.001833249989431351 0.002009500021813437
32768 0.003671109370770864 3.361154498708723e-06 0.003664999967440963 0.003681999980472028
65536 0.007336609372941894 4.744648175125853e-06 0.00733100000070408 0.007349500025156885
131072 0.01466828125103348 4.906973638264729e-06 0.0146635000128299 0.01468249998288229
262144 0.0293642968772474 4.421167248683275e-05 0.02934900001855567 0.02970949996961281
524288 0.05882028906307823 7.83812808028262e-05 0.05878299998585135 0.05932000000029802
1048576 0.1177080156267039 5.118918933080298e-05 0.1176784999552183 0.1180964999948628
