16 5.040237427866856e-06 3.020282594804966e-09 5.036865246665911e-06 5.05102539705149e-06
32 6.860916140993822e-06 4.506647947664134e-08 6.850097634014674e-06 7.214355491669266e-06
64 1.046171569463183e-05 9.199184618684241e-09 1.045019530465652e-05 1.049121090090921e-05
128 1.763778686125761e-05 1.488242063905961e-08 1.762695296747552e-05 1.77031249677384e-05
256 3.193756102604084e-05 2.211341083111871e-08 3.192187523382017e-05 3.202734342266922e-05
512 6.065405274569002e-05 5.413497622728428e-08 6.05546874794527e-05 6.089062480896246e-05
1024 0.0001181989744338807 1.39451178955086e-06 0.0001178125003207242 0.000129156249386142
2048 0.0002324389649288605 1.965749347934699e-07 0.0002320312487427145 0.000233156250033062
4096 0.0004611826171867506 4.929196050439461e-07 0.0004601874970830977 0.0004629375034710392
8192 0.0009216406244831887 8.767000212102456e-07 0.0009193750011036173 0.0009243750100722536
16384 0.001840136720147711 1.796672537558401e-06 0.001836999988881871 0.001846999977715313
32768 0.003677953127407818 3.211727637279665e-06 0.003671499958727509 0.003689000033773482
65536 0.007350804687121126 4.473568082088931e-06 0.007344999990891665 0.007365000026766211
131072 0.0146969765664835 4.108097094092175e-06 0.01468999998178333 0.01470749999862164
262144 0.02938682812418847 4.419053610167194e-05 0.0293705000076443 0.02973100001690909
524288 0.0588350234365862 1.53817649862232e-05 0.05881000001681969 0.05887250002706423
1048576 0.1178545468737866 8.999672000373539e-05 0.1178005000110716 0.1184589999611489
