16 0.001337404087066396 9.638801241773629e-08 0.001337312255856205 0.00133773876953569
32 0.001339129928592975 1.347732246595307e-07 0.001339043457051048 0.001339405761711987
64 0.001342713409410834 2.40556081529237e-07 0.001342590820286205 0.001343307617162282
128 0.001349796661390457 4.346205073107773e-07 0.001349595703231898 0.001351025390704308
256 0.001363808532722999 5.987061377668655e-07 0.001363605469123286 0.001366445312669384
512 0.001391983398434604 6.957498381129483e-07 0.001391781249367341 0.001397445312250056
1024 0.001448470459138207 1.363202829591587e-06 0.001448171873562387 0.001459171875467291
2048 0.001560719726626303 2.512352894466941e-07 0.001560374999826308 0.001561249999213032
4096 0.001786084960485823 5.432821182617162e-06 0.001785125001333654 0.001828812499297783
8192 0.002238591796640321 8.973187337360474e-07 0.002237499997136183 0.002240250003524125
16384 0.00314134765721974 1.324837153361855e-06 0.00314024998806417 0.003145249997032806
32768 0.00494580469057837 3.09199942948852e-06 0.00494249997427687 0.004950500035192817
65536 0.008554828120395541 2.853875015703807e-06 0.008551999984774739 0.008560499991290271
131072 0.01577260937665415 3.863206005501939e-06 0.01576549996389076 0.01579450001008809
262144 0.03021517187244172 4.356624751756507e-05 0.03020599996671081 0.03055750002386048
524288 0.05917985155974748 4.61515544690466e-05 0.05915049999020994 0.0595280000125058
1048576 0.1170767578114464 6.834651618387467e-05 0.1170235000317916 0.1174295000382699
