16 2.565523528774705e-05 4.765576284176837e-09 2.564770508683978e-05 2.566674803006208e-05
32 3.750666809221315e-05 6.92734669602803e-09 3.74951171693283e-05 3.752148438707081e-05
64 6.131599425707179e-05 1.324765352978972e-08 6.129492192030739e-05 6.136230467745918e-05
128 0.0001090212402239388 9.796573826768046e-09 0.0001089882812266296 0.000109046874968044
256 0.0002040510864276257 2.238348633170744e-08 0.0002040234376181616 0.0002041132811427815
512 0.0003941214599620935 5.832948148579212e-08 0.0003939921880373731 0.0003942421881220071
1024 0.0007744113770229433 1.536699365715838e-06 0.0007740000000922009 0.0007864687504479662
2048 0.001534297363605219 3.944206761951243e-07 0.001533406251837732 0.001535343748400919
4096 0.003054177734497898 9.255670150377539e-07 0.00305193749954924 0.003056437497434672
8192 0.006095345702988197 1.098521613627744e-05 0.006090000009862706 0.006180625001434237
16384 0.01217865234593773 3.083370048278929e-06 0.01217299999552779 0.01218775002053007
32768 0.02437463281239616 5.326068425373019e-06 0.02435949997743592 0.02438650000840425
65536 0.04874604687393003 7.812648642705761e-06 0.04872700001578778 0.04876299999887124
131072 0.09749162499610975 1.006447281330945e-05 0.09746700001414865 0.0975109999999404
262144 0.1949371249984324 5.665378059230472e-05 0.1949005000060424 0.1952479999745265
524288 0.3898649999928239 0.0001489043542837195 0.3897545000072569 0.3903369999607094
1048576 0.7795337968764215 0.0001204422622854598 0.7794209999847226 0.7798900000052527
