16 3.581975555633221e-05 4.326846364200443e-08 3.57929687311298e-05 3.598510741653627e-05
32 3.749864959434746e-05 6.109629830657291e-09 3.748828123661951e-05 3.751513673933005e-05
64 4.08883666995763e-05 3.540547666685674e-08 4.087109380179754e-05 4.115820308925322e-05
128 4.766830445035453e-05 9.118270180091746e-09 4.765624998981366e-05 4.77070311717398e-05
256 6.120208740156841e-05 2.205586321970441e-08 6.114453117334051e-05 6.129296889412217e-05
512 8.824072266122585e-05 4.41036390585177e-08 8.815625005809125e-05 8.831249942886643e-05
1024 0.0001423691405477712 1.045564158879313e-07 0.0001422812492819503 0.0001427031238563359
2048 0.0002506171873051244 4.917490049583108e-08 0.0002505624979676213 0.0002507812496332917
4096 0.0004671660157100632 2.417326279909165e-07 0.0004664375010179356 0.000467562502308283
8192 0.0008991621091354318 6.928198104791071e-07 0.0008978749974630773 0.0008997500117402524
16384 0.001762171873906482 1.359035669480304e-06 0.001759249978931621 0.001764500018907711
32768 0.003488765628389956 2.935780666371072e-06 0.003483499982394278 0.003496000019367784
65536 0.006941085940525227 3.397658966345029e-06 0.006936999969184399 0.006947500049136579
131072 0.01384492968827544 2.5817831138381e-06 0.013838000013493 0.01385350001510233
262144 0.02765450000242708 4.478339602471616e-06 0.02764649997698143 0.02766899997368455
524288 0.05536340624894365 9.293658628691208e-06 0.05534199997782707 0.05538050003815442
1048576 0.1107746093775859 0.0002060147824263709 0.1106959999888204 0.1120365000097081
