16 1.209695434578606e-05 4.403457605563765e-09 1.209057614914855e-05 1.210546875540786e-05
32 1.596775054846233e-05 5.597383533367395e-09 1.596142573134784e-05 1.598437501115768e-05
64 2.374282837180886e-05 7.66426741328207e-09 2.373632810304116e-05 2.377050782342849e-05
128 3.934237670577545e-05 1.694244687603834e-07 3.931249989364005e-05 4.067187501277658e-05
256 7.042510984689443e-05 2.931079176991496e-08 7.038281228233245e-05 7.04882813806762e-05
512 0.0001326308593689873 7.448096014458686e-08 0.0001325781249761349 0.0001329062497461564
1024 0.0002570241699402231 1.051268776297703e-07 0.000256968749454245 0.000257609375694301
2048 0.0005058652342313508 2.355623168753656e-07 0.0005057187518104911 0.0005068749997008126
4096 0.001003641601869276 3.872408276190808e-07 0.001003437493636739 0.001005624995741528
8192 0.002001896484671306 1.586795405191308e-05 0.001998624997213483 0.002092750000883825
16384 0.003991550780938269 1.392426021576674e-06 0.00398999999742955 0.00399750002543442
32768 0.007974617187755939 1.252758032816251e-06 0.007973499945364892 0.007979500049259514
65536 0.01593907812457473 2.294263142122451e-06 0.01593199995113537 0.01594849996035919
131072 0.03187326562147064 4.355838977290339e-05 0.03185949998442084 0.03221550001762807
262144 0.06374098437299835 4.74926912148702e-05 0.0637224999954924 0.06408150005154312
524288 0.1276809843739102 0.0001335425758110881 0.1276364999939688 0.1286100000143051
1048576 0.2555060156237232 1.540639630807908e-05 0.2554755000164732 0.2555460000294261
