16 0.001119602851864521 9.407768838875543e-08 0.001119511962883735 0.001119888916008449
32 0.001121210418698837 1.438790519641949e-07 0.001121119628919587 0.001121616210923548
64 0.00112446392821397 2.064429759868619e-07 0.001124363281178375 0.00112509863276955
128 0.00113104333496139 3.34865320367001e-07 0.001130914062514421 0.001132335937427342
256 0.0011441484375041 4.924428345726772e-07 0.00114400781239965 0.00114674999986164
512 0.001170355957071934 7.19488110063398e-07 0.001170124999589461 0.001175570312625496
1024 0.00122265307612679 1.1010516323626e-07 0.001222468750711414 0.001222859375047847
2048 0.001327416503556833 2.288998729247044e-07 0.001326999998127576 0.001327875001152279
4096 0.001536836913942352 3.190030304336921e-07 0.001536499999929219 0.00153787500312319
8192 0.00195750976445197 1.092689111769e-05 0.00195424999401439 0.002043374988716096
16384 0.002793750000364525 1.343707221817553e-06 0.002791000006254762 0.002795749984215945
32768 0.004468500003895315 2.533900978114028e-06 0.004466499958653003 0.004475000023376197
65536 0.007816968755832931 2.373588624810387e-06 0.007810500042978674 0.007823000021744519
131072 0.01451254687253822 2.906917363823977e-06 0.01450949994614348 0.01452099997550249
262144 0.0279054374932457 2.268667306018917e-06 0.02790200000163168 0.02791200001956895
524288 0.05484139843701996 1.071573118537834e-05 0.05482299998402596 0.05487849999917671
1048576 0.1088216953121446 6.28572693688025e-05 0.1087650000117719 0.109156999969855
