16 1.045722274284344e-05 1.295703996587925e-08 1.044996315613389e-05 1.0537332855165e-05
32 1.464401793782599e-05 1.060261808805448e-08 1.463666558265686e-05 1.471780706197023e-05
64 2.289658004883677e-05 1.406418447822734e-08 2.288003452122211e-05 2.296571619808674e-05
128 3.935751738026738e-05 2.084639834872684e-08 3.934372216463089e-05 3.943778574466705e-05
256 7.250742055475712e-05 3.156698794831339e-08 7.245689630508423e-05 7.259845733642578e-05
512 0.000138374394737184 6.900391620007646e-07 0.0001382250338792801 0.000143781304359436
1024 0.000269986514467746 1.352492116343272e-06 0.0002696886658668518 0.0002805925905704498
2048 0.0005328611005097628 2.806863145246213e-07 0.0005326196551322937 0.0005337446928024292
4096 0.001058966154232621 4.565560608221098e-07 0.001058563590049744 0.001060426235198975
8192 0.002111948095262051 8.70734881396732e-07 0.002111107110977173 0.002114862203598022
16384 0.004226531833410263 1.938256855156157e-06 0.004225194454193115 0.004234015941619873
32768 0.008447349071502686 3.356392872426187e-06 0.008444905281066895 0.00845944881439209
65536 0.01688793860375881 4.059715383706197e-06 0.01688301563262939 0.01690053939819336
131072 0.03376912698149681 3.078627825769492e-06 0.03375899791717529 0.03377604484558105
262144 0.0675392672419548 4.701564020606553e-05 0.06752300262451172 0.06787955760955811
524288 0.1351460684090853 6.55837177701318e-05 0.1351155042648315 0.1354844570159912
1048576 0.2703960929065943 9.577489452439766e-05 0.2703404426574707 0.270857572555542
