16 0.0002296677848789841 5.537765980635449e-08 0.0002296350430697203 0.000229843717534095
32 0.0002305270645592827 6.246765097883358e-08 0.0002305039670318365 0.0002308549592271447
64 0.0002321387619304005 9.522916199081524e-08 0.0002321093343198299 0.0002327959518879652
128 0.0002356998593313619 1.707180526568354e-07 0.0002356600016355515 0.0002370388247072697
256 0.0002427992003504187 3.02626812673312e-08 0.000242757610976696 0.0002428991720080376
512 0.0002572506491560489 4.566224243420119e-08 0.0002572014927864075 0.0002573821693658829
1024 0.0002858382067643106 1.056909144734529e-07 0.0002856887876987457 0.0002860799431800842
2048 0.0003432610537856817 2.738010360816186e-06 0.0003425925970077515 0.0003647804260253906
4096 0.0004570712335407734 3.141212707304164e-07 0.0004562437534332275 0.00045756995677948
8192 0.0006877626292407513 8.291089677631299e-07 0.0006869733333587646 0.0006893575191497803
16384 0.001147503964602947 1.355426900260641e-06 0.001146495342254639 0.001152753829956055
32768 0.00206589512526989 1.237309221513522e-06 0.00206446647644043 0.002072453498840332
65536 0.003902453929185867 1.79502869942518e-06 0.003895401954650879 0.003906965255737305
131072 0.00757523812353611 2.292217841621133e-06 0.007568955421447754 0.007577896118164062
262144 0.01492109149694443 3.54764687711364e-06 0.0149151086807251 0.01492857933044434
524288 0.02968205139040947 7.068347313631702e-05 0.02964949607849121 0.03008747100830078
1048576 0.05923252925276756 1.960293425863434e-05 0.05919957160949707 0.0592799186706543
