16 4.741780685435515e-06 2.729916438561826e-09 4.737055860459805e-06 4.74974513053894e-06
32 6.156782546895556e-06 3.858962136334598e-09 6.154295988380909e-06 6.170943379402161e-06
64 9.059378498932347e-06 8.673576787255265e-08 9.039882570505142e-06 9.736279025673866e-06
128 1.473305019317195e-05 1.345387076044179e-08 1.470884308218956e-05 1.478707417845726e-05
256 2.61168897850439e-05 2.96778768371096e-08 2.607423812150955e-05 2.621486783027649e-05
512 4.889551200903952e-05 6.59320127638342e-08 4.882737994194031e-05 4.912354052066803e-05
1024 9.442213922739029e-05 1.548389162675305e-07 9.410828351974487e-05 9.507685899734497e-05
2048 0.0001851519336923957 2.935430141471477e-07 0.0001848116517066956 0.0001861229538917542
4096 0.0003672486636787653 5.889160917654673e-07 0.0003665536642074585 0.0003696233034133911
8192 0.0007316404953598976 1.143519750534208e-06 0.0007304847240447998 0.000736236572265625
16384 0.001461749896407127 1.821810184204283e-06 0.001459717750549316 0.001468241214752197
32768 0.002920409664511681 3.990498323760485e-06 0.00291597843170166 0.002933025360107422
65536 0.005837369710206985 3.640399730846266e-06 0.00583040714263916 0.005850076675415039
131072 0.0116692166775465 4.76472731380782e-06 0.01166105270385742 0.01168394088745117
262144 0.02332873828709126 5.685161645338925e-06 0.02331948280334473 0.02334392070770264
524288 0.04673386923968792 4.485653917987912e-05 0.04671239852905273 0.04707598686218262
1048576 0.09364461898803711 0.000199505168542062 0.09357607364654541 0.0950394868850708
