16 2.375303665758111e-06 2.64444205104873e-09 2.372311428189278e-06 2.383312676101923e-06
32 3.434040991123766e-06 4.139765042568963e-09 3.427732735872269e-06 3.447290509939194e-06
64 5.557783879339695e-06 6.416954895327512e-09 5.551613867282867e-06 5.573267117142677e-06
128 9.844130545388907e-06 1.645485427586922e-08 9.831972420215607e-06 9.906478226184845e-06
256 1.833986607380211e-05 2.012124062054285e-08 1.832377165555954e-05 1.840200275182724e-05
512 3.534980351105332e-05 4.38709298629283e-08 3.531947731971741e-05 3.552995622158051e-05
1024 6.936880527064204e-05 6.940376853012827e-08 6.932765245437622e-05 6.967410445213318e-05
2048 0.0001377264270558953 2.735028930798916e-06 0.0001372769474983215 0.0001591891050338745
4096 0.0002733455039560795 2.924568499505903e-07 0.0002731829881668091 0.0002746284008026123
8192 0.0005454034544527531 5.419243174755269e-07 0.0005449950695037842 0.0005475282669067383
16384 0.001093611121177673 1.056837504008132e-06 0.001092970371246338 0.001098513603210449
32768 0.002186626195907593 1.668930053710938e-06 0.002185463905334473 0.002192974090576172
65536 0.004372343420982361 3.636976616694628e-06 0.004369497299194336 0.004387974739074707
131072 0.008744215592741966 1.810859444698155e-05 0.008738040924072266 0.008883476257324219
262144 0.01749955490231514 0.0001035346641790926 0.01747441291809082 0.01823759078979492
524288 0.03501026891171932 1.131366918506053e-05 0.03499448299407959 0.03503549098968506
1048576 0.07004490867257118 1.781208579666956e-05 0.07001256942749023 0.07008349895477295
