16 2.239089966771246e-06 2.765858841938324e-09 2.235839843933718e-06 2.247070312932919e-06
32 3.796607976447319e-06 4.119322471459311e-09 3.789062475334504e-06 3.812499983268935e-06
64 6.923995970353758e-06 7.302848627177306e-09 6.912109370205144e-06 6.950195256649749e-06
128 1.322299193873278e-05 1.5099025522382e-08 1.320312480856956e-05 1.327343738921627e-05
256 2.574328610904786e-05 3.928177433739999e-08 2.569531216067844e-05 2.589062478364212e-05
512 5.07609863120706e-05 6.537463844087763e-08 5.068749942438444e-05 5.099999998492422e-05
1024 0.0001011367186549705 6.973445447264767e-07 0.0001009062507364433 0.0001065625001501758
2048 0.0002011860349853123 2.545727551839009e-07 0.0002008749979722779 0.0002021874970523641
4096 0.0004014179689875164 5.965630452891405e-07 0.0004007499956060201 0.0004033749937661923
8192 0.0008019999988846394 9.78690730755739e-07 0.0008008750010048971 0.0008059999963734299
16384 0.001610292970326554 2.234093010558404e-06 0.00160599997616373 0.001614750013686717
32768 0.003260320314439014 3.977484249669959e-06 0.00325499998871237 0.003273500013165176
65536 0.006518039062029857 2.872007181125743e-06 0.00651599996490404 0.006525499979034066
131072 0.01303576562531816 4.960933153608032e-06 0.01302999997278675 0.01304900000104681
262144 0.02607350000016595 4.386342213391569e-05 0.02606399997603148 0.02641699998639524
524288 0.05219135937568353 1.225116239518298e-05 0.05217300000367686 0.05221150000579655
1048576 0.1044608515567234 9.948536746613085e-05 0.1044009999604896 0.1050589999649674
