16 5.1456287385232e-05 7.818578894320939e-08 5.143115234318429e-05 5.2027099627594e-05
32 5.263119507148417e-05 6.843613436607807e-09 5.261181638616108e-05 5.265283203925719e-05
64 5.498057555364255e-05 1.946534844423826e-08 5.493847663728957e-05 5.500878910424944e-05
128 5.982711791574502e-05 2.448473016400409e-07 5.973828115202195e-05 6.173828114697244e-05
256 6.93002929850195e-05 3.109851558050467e-08 6.92226562932774e-05 6.936328145457082e-05
512 8.832165524097491e-05 4.831124652664962e-08 8.8171874267573e-05 8.841406179271871e-05
1024 0.0001265097655505087 3.155826568138558e-08 0.000126437500512111 0.0001266249983018497
2048 0.0002026674808348616 2.036198249017177e-07 0.0002023437518801074 0.0002030000032391399
4096 0.0003548017581351814 4.05743253785426e-07 0.000354437499481719 0.0003553750066203065
8192 0.0006622167977639037 9.242759464634403e-07 0.0006613750010728836 0.000665250001475215
16384 0.001273874999697 1.544317908757966e-06 0.001272749999770895 0.001277499977732077
32768 0.002496953128684254 2.822410064860811e-06 0.00249499996425584 0.002502000017557293
65536 0.004943031252878427 3.273112702373435e-06 0.004938999947626144 0.004948999965563416
131072 0.009833499994783779 1.736624702487383e-06 0.009826999972574413 0.009837499994318932
262144 0.01961655468312529 4.285555260587531e-06 0.019608500006143 0.01962749997619539
524288 0.03929414062531578 4.624138346332632e-05 0.039261500001885 0.03963549999753013
1048576 0.07866378125163465 9.079309919600214e-05 0.0786155000096187 0.07928399997763336
