16 7.539630888508952e-06 1.0854082433727e-08 7.526367170385129e-06 7.567871108449253e-06
32 1.432820892510733e-05 1.242764964882495e-08 1.431201172863439e-05 1.436425782230799e-05
64 2.796321106224298e-05 1.425092941238928e-08 2.794531246763654e-05 2.801757807446847e-05
128 5.515652466314691e-05 2.134970521449818e-08 5.513085920938465e-05 5.521093748939165e-05
256 0.0001095399169841471 3.737987803816208e-08 0.000109503906514874 0.0001096679688998847
512 0.0002183286132861895 4.486594315439583e-08 0.0002182968746637926 0.0002184843751820154
1024 0.0004359345703335293 1.320516362438109e-07 0.0004356562494649552 0.0004363437492429512
2048 0.0008709643552151647 2.062295657523127e-07 0.0008704687497811392 0.0008715937510714866
4096 0.001740991210795073 3.280588110752452e-07 0.00174012500065146 0.001742062500852626
8192 0.003481408203242609 6.043176205630988e-07 0.003479624996543862 0.00348324999504257
16384 0.006967582032757491 2.198191296509819e-05 0.00696124997921288 0.007140500005334616
32768 0.01393328906033275 1.991659396978584e-06 0.01392649998888373 0.01393899996764958
65536 0.02786983593705372 4.448827361195618e-05 0.02785650000441819 0.02821949997451156
131072 0.05573048437327088 4.376606348575551e-05 0.05571599997347221 0.05607400002190843
262144 0.1114513046859429 7.062429968727815e-06 0.1114405000116676 0.1114844999974594
524288 0.2230636640597368 9.368933560057079e-05 0.2230100000160746 0.2235075000207871
1048576 0.4461712187521698 0.0001686338630704591 0.4460890000336803 0.4471389999962412
