16 3.253612518072657e-06 6.017602824303402e-09 3.247802737860184e-06 3.293945297855316e-06
32 5.370513922464681e-06 8.024164072463964e-09 5.343750046904461e-06 5.403808643222874e-06
64 9.651397709475873e-06 1.331395305727139e-08 9.575195349498244e-06 9.686523412710812e-06
128 1.813043212450793e-05 2.620502577935459e-08 1.795703110474278e-05 1.817968745854159e-05
256 3.508465571400166e-05 5.409100451072179e-08 3.476953133940697e-05 3.528515617290395e-05
512 6.899914548341712e-05 1.11689916332229e-07 6.826562548667425e-05 6.924999979673885e-05
1024 0.0001368505860455116 1.750778536079001e-07 0.0001358125009573996 0.0001372812512272503
2048 0.0002725200197346567 2.7769256562241e-07 0.0002715312512009405 0.0002736249989538919
4096 0.0005437509764760762 4.001946498228854e-07 0.0005430624951259233 0.0005454375059343874
8192 0.001084992188680189 6.613900710198775e-07 0.001083625000319444 0.001086499993107282
16384 0.00214771875016595 2.010637851861416e-06 0.002146249986253679 0.002155499998480082
32768 0.004298250001738779 2.309400258367374e-06 0.004296999948564917 0.00430999998934567
65536 0.008596164061600575 4.962602986078101e-06 0.008592499943915755 0.008611500030383468
131072 0.0171890937454009 5.591144392941149e-06 0.0171824999852106 0.01720400003250688
262144 0.03438248437942093 4.362292989747128e-05 0.03437000000849366 0.03472100000362843
524288 0.06882715624942648 9.669100327448316e-05 0.06877750001149252 0.06939800002146512
1048576 0.1377013437513597 6.108749160882229e-05 0.1376685000141151 0.1381440000259317
