16 4.362503053467748e-06 4.787494508191519e-09 4.352539065166638e-06 4.375976544679361e-06
32 5.473487854068537e-06 9.616321250130126e-09 5.444824239475565e-06 5.490722628564981e-06
64 7.726577758049302e-06 1.328268932560151e-08 7.691406153753633e-06 7.747070299046754e-06
128 1.212606809630756e-05 2.324011434414744e-08 1.207031255034963e-05 1.218554689330631e-05
256 2.095043946326314e-05 3.660338780084901e-08 2.089843746944098e-05 2.107421869368409e-05
512 3.855261230967244e-05 4.963048620207034e-08 3.850000030070078e-05 3.867187479045242e-05
1024 7.38654784697701e-05 8.775543802137278e-08 7.378124973911326e-05 7.407812518067658e-05
2048 0.0001443374025598132 1.319002221910777e-07 0.0001441249987692572 0.0001447187532903627
4096 0.000285402343251917 3.829955176497821e-07 0.0002848750009434298 0.000287000002572313
8192 0.0005681367188117292 6.7982454973953e-07 0.000567750001209788 0.0005700000037904829
16384 0.001135421874550957 1.791665705044205e-06 0.001134499994805083 0.001143500005127862
32768 0.002273937498102896 4.449072557103516e-05 0.002265499962959439 0.00262250000378117
65536 0.004529968755377922 3.504961089426611e-06 0.004527499957475811 0.004547000047750771
131072 0.009055835938852397 4.699757916692271e-06 0.009050499997101724 0.009072499989997596
262144 0.01811043750058161 4.359786960053889e-05 0.01809999998658895 0.01845100003993139
524288 0.03631433593818656 1.392469473358288e-05 0.03629299998283386 0.03634449996752664
1048576 0.07268364843548625 8.286892756936871e-05 0.07263650000095367 0.0733159999945201
