16 2.091778564494717e-05 3.937305526963857e-08 2.087915038373467e-05 2.110815430000912e-05
32 2.260129547249079e-05 1.835761476629054e-08 2.255566408848608e-05 2.263037106331467e-05
64 2.597793578651419e-05 1.383336733103567e-08 2.595117189230223e-05 2.601269534352468e-05
128 3.283795164321646e-05 1.692103592953401e-07 3.279101565567544e-05 3.416015624679858e-05
256 4.638024906000737e-05 2.407187950179027e-08 4.633984372048872e-05 4.647265632229391e-05
512 7.353747560046031e-05 5.904345759048592e-08 7.347656173806172e-05 7.37656246201368e-05
1024 0.0001280097657740953 9.418282638245407e-08 0.0001279531243199017 0.0001284999998460989
2048 0.0002366347659972234 1.706078980305704e-07 0.000236250001762528 0.0002372812523390166
4096 0.000453988280582962 4.188744570330768e-07 0.0004531874947133474 0.0004556249987217598
8192 0.000889216796394976 8.478624020398928e-07 0.0008877499931259081 0.0008926250011427328
16384 0.001759339845193608 1.939750707279602e-06 0.001756749988999218 0.001766750006936491
32768 0.00349917187486426 3.060531531859516e-06 0.003493999945931137 0.003507500048726797
65536 0.006977773433391121 3.782719542754234e-06 0.006973499956075102 0.006990000023506582
131072 0.01393282030949194 1.35800553215295e-06 0.01392749999649823 0.01393699995242059
262144 0.02784644531220692 3.935104181658072e-06 0.0278375000343658 0.02786050003487617
524288 0.05576856249717821 7.20825984771887e-05 0.05572800000663847 0.05618650000542402
1048576 0.1115904921889523 2.862019069385867e-05 0.1115519999875687 0.1117640000302345
