16 4.193901060656202e-06 1.704047218041619e-08 4.172363276211399e-06 4.220947261046604e-06
32 6.105583189253139e-06 1.406340837771038e-08 6.072265648526809e-06 6.137695322649961e-06
64 9.96612548753717e-06 2.121413528650873e-08 9.911132792694843e-06 1.001367184016999e-05
128 1.751516724368685e-05 3.550031404364654e-08 1.74218750998989e-05 1.759960946401407e-05
256 3.24370117184003e-05 3.488653760112859e-08 3.238671888539102e-05 3.254687499065767e-05
512 6.222778313258459e-05 9.168336196977218e-08 6.203906195878517e-05 6.253125047805952e-05
1024 0.0001222666014939477 9.232869509721854e-08 0.0001220312497025589 0.0001226874992426019
2048 0.000241862792847769 2.25183022658857e-07 0.0002414062473690137 0.0002427500003250316
4096 0.0004803378903943667 4.282202737601161e-07 0.0004794374981429428 0.0004822499977308325
8192 0.0009586347653112171 8.551632500568309e-07 0.0009568749956088141 0.0009623750083846971
16384 0.001917906251037493 2.184485124199884e-05 0.001911500003188848 0.002089500019792467
32768 0.003829460938504781 2.891293756208951e-06 0.00382250000257045 0.003841500030830503
65536 0.007655226560927986 4.426588600148661e-06 0.007646000012755394 0.007674499996937811
131072 0.01531366406470624 4.587293181693969e-05 0.01529849995858967 0.01567200000863522
262144 0.03061682031602686 9.721262654356134e-06 0.03059649997157976 0.03064750001067296
524288 0.06137748437049595 9.707691607926902e-05 0.06132949999300763 0.06202849996043369
1048576 0.1227938671872835 6.647981647849534e-05 0.1227250000229105 0.1231395000359043
