16 0.0001783058586162234 1.023129997628114e-07 0.0001779619140620525 0.0001785014648305605
32 0.0001861043930038164 1.016854676706502e-07 0.0001859697266013427 0.0001865175781290418
64 0.0002020786743237579 2.107159977831049e-07 0.0002017324218286376 0.000202916015723531
128 0.0002336137084775203 2.373548647398111e-07 0.000233205078075116 0.0002350527345242881
256 0.0002966548461600382 4.100734803634616e-07 0.0002961562499876891 0.0002994921874233114
512 0.0004220725097638933 7.432062482434535e-07 0.0004214218752167653 0.0004276093750377186
1024 0.0006726333006668028 3.321684493219663e-07 0.0006717812502756715 0.000673359374559368
2048 0.001174839355428503 2.779886386588729e-06 0.00117350000073202 0.001196500001242384
4096 0.00217745898476096 7.356616090802536e-07 0.002175500005250797 0.002178875001845881
8192 0.00418325000009645 9.068736836425871e-07 0.004181500000413507 0.004185249999864027
16384 0.008197656248739804 2.187217370909165e-05 0.008192000008421019 0.008369250019313768
32768 0.01621721875108051 3.42594385545993e-06 0.01621050003450364 0.01622849999694154
65536 0.0322623828160431 5.512428328299697e-06 0.03224700002465397 0.03227550000883639
131072 0.06436235156525072 6.45540060720708e-05 0.06431599997449666 0.06471649999730289
262144 0.128549609376023 6.627482645495225e-05 0.1284675000351854 0.1289054999942891
524288 0.2570856953125258 0.0001017773262945324 0.257014499977231 0.2578455000184476
1048576 0.5140634375002264 7.371004382845834e-05 0.5139414999866858 0.5143485000007786
