16 0.0002471520919788972 5.012105617622e-08 0.000247099365253689 0.000247323242206221
32 0.000248079582214622 9.341461747253956e-08 0.0002479477539054642 0.0002484355468936883
64 0.000249923141481645 1.228569879468521e-07 0.0002498730468687427 0.000250576171879402
128 0.000253697875972847 2.448341884845598e-08 0.0002536289061936259 0.0002537539062359428
256 0.0002612940063713154 3.670213779222722e-07 0.0002611289064589073 0.0002639414060467971
512 0.000276165527310468 6.918208444523537e-07 0.0002759296867225203 0.0002815937496052356
1024 0.0003058959961776964 8.795840689986057e-08 0.000305703124467982 0.0003062031246372499
2048 0.0003654511720583287 1.26464128516714e-07 0.0003650312501122244 0.0003658749992609955
4096 0.0004841816408998056 1.763270454771413e-07 0.0004833124985452741 0.0004845625007874332
8192 0.0007252343737036426 8.373420780059585e-07 0.0007243749860208482 0.0007263750012498349
16384 0.001204355469326401 1.579133106882532e-06 0.00120299999252893 0.00120900000911206
32768 0.002161515628358757 2.574245596841108e-06 0.002154999994672835 0.00216899998486042
65536 0.00407668749903678 1.865516834695695e-06 0.004071999981533736 0.004083000007085502
131072 0.007909031249255349 2.092832549945833e-06 0.007900500029791147 0.007913500012364239
262144 0.01557168749968696 4.623529582422279e-06 0.01555850001750514 0.01557950000278652
524288 0.03096758593528648 1.434289725687316e-05 0.03094850003253669 0.03100050002103671
1048576 0.06182524219093466 4.981664222649684e-05 0.06177950004348531 0.06219049997162074
