16 3.287654876782398e-06 5.843488349150174e-09 3.271240245794615e-06 3.29882814753546e-06
32 4.495330815146303e-06 7.101956180766629e-09 4.476074252579565e-06 4.512207055995532e-06
64 6.862487788694693e-06 1.04917749210351e-08 6.828125037827704e-06 6.884765639370016e-06
128 1.166799927787565e-05 1.952037361431679e-08 1.163671868198435e-05 1.17246092941059e-05
256 2.119567872682637e-05 3.520174069195038e-07 2.110937521138112e-05 2.395703131696791e-05
512 4.008422858703398e-05 6.326220847239106e-08 4.001562501798617e-05 4.03437497880077e-05
1024 7.796166994467058e-05 1.100613903874895e-07 7.785937486914918e-05 7.831249968148768e-05
2048 0.0001536289061050411 2.164705706450232e-07 0.0001534687471576035 0.0001544687511341181
4096 0.0003050087893825548 5.584477726893397e-07 0.0003046874990104698 0.000307187503494788
8192 0.0006078242192870675 7.512280634031528e-07 0.0006072499963920563 0.0006102500046836212
16384 0.00121277343669135 1.523438844531782e-06 0.001211750000948086 0.001217499986523762
32768 0.002422976562229451 3.803123635728479e-06 0.002420499979052693 0.002440499956719577
65536 0.004841320316700148 3.997389613797994e-06 0.004837499989662319 0.004856000014115125
131072 0.009678257812993252 4.314055709386156e-06 0.009671000007074326 0.009690999984741211
262144 0.01936265625408851 4.468957272349686e-05 0.01934699999401346 0.01970950001850724
524288 0.03880875000322703 1.856754841555585e-05 0.03878449997864664 0.03885900002205744
1048576 0.07772724218739313 0.0001257665382118339 0.07766999996965751 0.07870549999643117
