16 1.77310447688761e-05 1.437233041134206e-08 1.771533203509534e-05 1.776000976860814e-05
32 2.848140716427139e-05 1.585254356843761e-08 2.846093747166378e-05 2.85131836221808e-05
64 5.004992676127529e-05 1.653119870394847e-08 5.001953115879587e-05 5.009472647543589e-05
128 9.318521119539014e-05 2.430387695782416e-08 9.313867190030578e-05 9.325976566287864e-05
256 0.0001793408813810515 3.915687786736108e-08 0.0001792851562640863 0.0001794687500478176
512 0.0003532658691938195 9.663949819421341e-07 0.0003530156245687976 0.0003586015627661254
1024 0.0006985727538619813 9.788402729896292e-08 0.0006984687497606501 0.0006988437489781063
2048 0.001387463866933558 1.41432005018054e-07 0.001387312498991378 0.001387874999636551
4096 0.002765313476402298 2.995305038017379e-07 0.002764999997452833 0.00276612499874318
8192 0.005523544921516077 5.300336743850029e-07 0.005522999999811873 0.005525000000488944
16384 0.01103982031008854 1.114895907175742e-06 0.01103875000262633 0.01104374998249114
32768 0.02207228124825633 2.475074101683123e-06 0.02207000000635162 0.02208049996988848
65536 0.04413588281749981 3.596449775397101e-06 0.04413200000999495 0.04414650000398979
131072 0.08827515624943771 6.076515354079108e-05 0.08825700002489612 0.08861000003525987
262144 0.1765343125061918 7.5205037165705e-05 0.1765105000231415 0.1768714999780059
524288 0.3531316015623815 6.115288901677379e-05 0.3530880000325851 0.3534779999754392
1048576 0.7059411093696326 0.0001627394993885545 0.7058229999965988 0.7064764999668114
