16 8.533273315336487e-05 5.503331694165197e-09 8.532128904903402e-05 8.533911133667971e-05
32 8.56275634788517e-05 1.24398981449456e-08 8.56147460694956e-05 8.564697270685429e-05
64 8.621081543935816e-05 6.972816992720067e-09 8.620117193913757e-05 8.622070311048446e-05
128 8.746166989226367e-05 1.128941232645398e-08 8.744921888137469e-05 8.748242180445231e-05
256 8.993798832079847e-05 2.092532448392515e-08 8.992187531475793e-05 8.998828116091317e-05
512 9.483300777901604e-05 4.043383674855356e-09 9.48281249293359e-05 9.483593748882413e-05
1024 0.0001046855466029228 3.586243824659378e-08 0.0001046249999490101 0.0001047187506628688
2048 0.0001243476563104196 1.104752518438268e-08 0.0001243437473021913 0.0001243749975401442
4096 0.0001638906251173466 1.446573485425804e-07 0.0001637500026845373 0.0001641249982640147
8192 0.0002453906290611485 6.139647335509458e-07 0.0002450000029057264 0.0002468750026309863
16384 0.000405156250053551 2.290330892858866e-07 0.0004049999988637865 0.0004055000026710331
32768 0.0007266250031534582 9.543207820344638e-07 0.0007254999945871532 0.0007280000136233866
65536 0.001367812496027909 9.234129936862855e-07 0.001366499986033887 0.00136900000507012
131072 0.002652249997481704 6.546586555640125e-07 0.002650999987963587 0.002653000003192574
262144 0.005221999999776017 3.184792537755145e-06 0.005218999984208494 0.005228499998338521
524288 0.01043343749915948 7.682606703746553e-05 0.01040400000056252 0.01062349998392165
1048576 0.0207238749935641 1.339709874432819e-05 0.02071499999146909 0.02075550000881776
