16 1.822967529818698e-06 6.816696283347982e-08 1.774658215936142e-06 1.986816414500936e-06
32 2.502258297454318e-06 7.215616510702624e-08 2.453125034662662e-06 2.671874995030521e-06
64 3.79101564362827e-06 2.194861748862371e-08 3.762695314435405e-06 3.824218765657861e-06
128 6.439209045083771e-06 5.851403623296623e-08 6.373046971930307e-06 6.531249937324901e-06
256 1.171777347508396e-05 1.495311785140125e-07 1.146093745774124e-05 1.188671876661829e-05
512 2.211035166510555e-05 3.082703579639609e-07 2.144531299563823e-05 2.242968821519753e-05
1024 4.270898421054881e-05 8.041702415749396e-07 4.176562470092904e-05 4.35937490692595e-05
2048 8.388281139559695e-05 1.12186447085919e-06 8.240624811151065e-05 8.528124817530625e-05
4096 0.0001699296872175182 6.762178305728407e-06 0.0001593749984749593 0.000180187496880535
8192 0.0003368750039953738 9.221239934542629e-06 0.0003204999957233667 0.0003497500001685694
16384 0.0006767500017303973 1.075954552434649e-05 0.000663500017253682 0.0006940000166650862
32768 0.001375062485749368 3.649308661062257e-05 0.001307500002440065 0.001416499959304929
65536 0.002722062519751489 5.773241066519901e-05 0.002642000035848469 0.002815500018186867
131072 0.005397750013798941 4.080965738341354e-05 0.005334500048775226 0.005459500011056662
262144 0.01084562500909669 6.188453896474028e-05 0.0107300000381656 0.01091200002701953
524288 0.02191168749413919 0.000158752035165483 0.02168499998515472 0.02217599999858066
1048576 0.04384199999913108 0.0004303130170429699 0.04329649999272078 0.04441400000359863
