16 6.432004738599062e-06 3.943266010158007e-08 6.365240551531315e-06 6.47897832095623e-06
32 7.137845386750996e-06 5.786629269059889e-08 7.040915079414845e-06 7.208436727523804e-06
64 8.508010068908334e-06 2.426644203512644e-08 8.475501090288162e-06 8.541857823729515e-06
128 1.124455593526363e-05 4.185404327764874e-08 1.11912377178669e-05 1.132208853960037e-05
256 1.68229453265667e-05 3.268549897985784e-08 1.675356179475784e-05 1.686345785856247e-05
512 2.783536911010742e-05 6.875586731091554e-08 2.776458859443665e-05 2.79601663351059e-05
1024 4.993006587028503e-05 1.630760758725917e-07 4.978105425834656e-05 5.025044083595276e-05
2048 9.406358003616333e-05 8.522928280135395e-08 9.393692016601562e-05 9.422004222869873e-05
4096 0.0001820120960474014 1.639974169660743e-07 0.0001818090677261353 0.0001823008060455322
8192 0.00035853311419487 6.165423775400442e-07 0.0003579854965209961 0.0003595054149627686
16384 0.0007153227925300598 2.152247119945713e-06 0.0007120370864868164 0.0007190108299255371
32768 0.001426175236701965 3.327466330405428e-06 0.001422524452209473 0.001430988311767578
65536 0.002843946218490601 7.273232202902603e-06 0.002834439277648926 0.002852439880371094
131072 0.0056905597448349 6.237225030304246e-06 0.005681037902832031 0.005696892738342285
262144 0.01137605309486389 1.283966823433944e-05 0.01135694980621338 0.01139199733734131
524288 0.02276574075222015 1.128356565419089e-05 0.02275454998016357 0.02278041839599609
1048576 0.04558797180652618 1.686860339694823e-05 0.0455479621887207 0.04559957981109619
