16 1.465572859160602e-05 5.06371666794831e-08 1.4571996871382e-05 1.472851727157831e-05
32 1.711231016088277e-05 7.066222182892203e-08 1.702189911156893e-05 1.723540481179953e-05
64 2.193375257775187e-05 9.385643483041991e-08 2.175197005271912e-05 2.205767668783665e-05
128 3.161211498081684e-05 2.272425718884288e-07 3.114063292741776e-05 3.185542300343513e-05
256 5.093787331134081e-05 4.673183383434176e-07 5.042552947998047e-05 5.178060382604599e-05
512 8.944445289671421e-05 8.908699739341923e-07 8.854642510414124e-05 9.101629257202148e-05
1024 0.0001639490947127342 3.628679027853211e-06 0.0001620016992092133 0.0001722835004329681
2048 0.0003154687583446503 4.510449526611765e-06 0.0003104731440544128 0.0003228411078453064
4096 0.0006210729479789734 9.884591319901853e-06 0.0006089955568313599 0.0006328225135803223
8192 0.001220013946294785 1.087707707046693e-05 0.001205116510391235 0.001234501600265503
16384 0.002451255917549133 5.339454428080044e-05 0.002400219440460205 0.002561509609222412
32768 0.004915952682495117 9.028451407337369e-05 0.004778504371643066 0.005095958709716797
65536 0.009914040565490723 0.0001960412830829106 0.009743928909301758 0.01017093658447266
131072 0.01990209519863129 0.0003912669011781896 0.01931989192962646 0.02032959461212158
262144 0.04051510989665985 0.0001043316841288907 0.04026949405670166 0.04061341285705566
524288 0.0809047520160675 0.0005127273514901019 0.07963800430297852 0.08113110065460205
1048576 0.161985456943512 0.0005631863846364129 0.1610015630722046 0.1628185510635376
