16 0.000108798973087687 8.826038330429893e-08 0.0001086423289962113 0.000108883308712393
32 0.0001092393067665398 9.085515080352869e-08 0.000109100597910583 0.000109332031570375
64 0.0001100738008972257 7.980352494183574e-08 0.0001099277287721634 0.0001101747620850801
128 0.0001117700594477355 7.850223739650349e-08 0.0001116716302931309 0.0001118984073400497
256 0.0001151903998106718 1.272393981015403e-07 0.0001150071620941162 0.000115332193672657
512 0.0001220959238708019 8.487818680751657e-08 0.0001219771802425385 0.0001222416758537292
1024 0.0001358534209430218 8.256943186330083e-08 0.0001357495784759521 0.0001359693706035614
2048 0.000163298100233078 1.017683388233314e-07 0.0001631602644920349 0.0001634061336517334
4096 0.0002184063196182251 1.838864357811571e-07 0.0002181828022003174 0.0002187490463256836
8192 0.0003291405737400055 3.93905569719225e-07 0.0003284811973571777 0.0003296434879302979
16384 0.0005516931414604187 1.424623153795585e-06 0.0005497336387634277 0.0005534887313842773
32768 0.0009946972131729126 1.294062196738972e-06 0.0009925365447998047 0.0009959936141967773
65536 0.00188802182674408 9.335462385916768e-06 0.00188148021697998 0.001904487609863281
131072 0.0036630779504776 6.0313766408302e-06 0.00365602970123291 0.003670930862426758
262144 0.007218345999717712 2.753992144578091e-05 0.007202029228210449 0.007262945175170898
524288 0.01432816684246063 3.053001124330661e-05 0.01430249214172363 0.01436948776245117
1048576 0.02855265140533447 4.191016156970727e-06 0.02854549884796143 0.02855849266052246
