16 1.155472273239866e-05 1.569760785477366e-08 1.152174081653357e-05 1.15663860924542e-05
32 1.372363476548344e-05 1.051748167166115e-08 1.370895188301802e-05 1.37382885441184e-05
64 1.785339554771781e-05 1.505459556767456e-08 1.782714389264584e-05 1.78702175617218e-05
128 2.607906935736537e-05 2.787745047680999e-08 2.604862675070763e-05 2.61310487985611e-05
256 4.263466689735651e-05 4.050660565922761e-08 4.257820546627045e-05 4.269927740097046e-05
512 7.558567449450493e-05 8.424517419710145e-08 7.546134293079376e-05 7.573328912258148e-05
1024 0.0001416481100022793 3.178834264858799e-07 0.0001412779092788696 0.0001421570777893066
2048 0.0002735313028097153 6.867912471007683e-07 0.0002727210521697998 0.0002748146653175354
4096 0.0005372073501348495 1.626810978682333e-06 0.0005353689193725586 0.0005390644073486328
8192 0.001070026308298111 3.785496221863692e-06 0.001062750816345215 0.001075595617294312
16384 0.002143658697605133 2.136389589501722e-05 0.002107739448547363 0.002160966396331787
32768 0.004315644502639771 1.780775780469804e-05 0.004299521446228027 0.004354476928710938
65536 0.008591368794441223 4.786176891719796e-05 0.008530020713806152 0.008657455444335938
131072 0.01715956628322601 0.0001004121059238379 0.01702594757080078 0.01735901832580566
262144 0.03463931381702423 0.0003634919419453342 0.034218430519104 0.03534150123596191
524288 0.06962199509143829 0.0004665554536597964 0.06908249855041504 0.07018804550170898
1048576 0.1397943049669266 0.0004956545033084237 0.1388859748840332 0.1404869556427002
