16 1.49090337799862e-05 4.513931055502192e-08 1.48615799844265e-05 1.498754136264324e-05
32 1.617569068912417e-05 6.569975921089904e-08 1.607381273061037e-05 1.629104372113943e-05
64 1.866969978436828e-05 7.001992094421246e-08 1.855962909758091e-05 1.875567249953747e-05
128 2.363108796998858e-05 4.057628087665185e-08 2.355873584747314e-05 2.368539571762085e-05
256 3.347033634781837e-05 7.97169224680801e-08 3.337115049362183e-05 3.361329436302185e-05
512 5.332799628376961e-05 1.199047136323521e-07 5.310028791427612e-05 5.344487726688385e-05
1024 9.278394281864166e-05 1.340365158744941e-07 9.251758456230164e-05 9.295344352722168e-05
2048 0.0001717675477266312 6.230421738499926e-08 0.0001717209815979004 0.0001719072461128235
4096 0.0003296155482530594 1.722058361501842e-07 0.0003293752670288086 0.000329822301864624
8192 0.0006454251706600189 4.337638551287067e-07 0.0006448626518249512 0.0006461441516876221
16384 0.001276358962059021 3.32246729563418e-07 0.001276016235351562 0.001277029514312744
32768 0.002538755536079407 1.423308853588918e-06 0.002536535263061523 0.002540946006774902
65536 0.005062058568000793 6.47407500390399e-06 0.005059003829956055 0.005077958106994629
131072 0.01010693609714508 1.299442773202689e-05 0.01010000705718994 0.01013803482055664
262144 0.020185187458992 2.110410890538137e-06 0.02018296718597412 0.02018904685974121
524288 0.04038500785827637 9.837291649289645e-05 0.04034852981567383 0.04062843322753906
1048576 0.08079132437705994 0.0001168266112436064 0.08074760437011719 0.08108043670654297
