16 1.974949054783792e-05 2.882765463375318e-08 1.970818993868306e-05 1.980025990633294e-05
32 2.05056762752065e-05 4.525819356655097e-08 2.04592288355343e-05 2.058346581179649e-05
64 2.203754092988675e-05 4.400011162562059e-08 2.198287984356284e-05 2.213488915003836e-05
128 2.507823182895663e-05 5.381416744950616e-08 2.499023685231805e-05 2.51991004915908e-05
256 3.113268667220837e-05 1.059917434987881e-07 3.096990985795856e-05 3.135028237011284e-05
512 4.328653812990524e-05 1.095455013674555e-07 4.30785003118217e-05 4.354302654974163e-05
1024 6.774874964321498e-05 2.39445570062339e-07 6.735877832397819e-05 6.813634536229074e-05
2048 0.0001164062032330548 5.155696678396479e-07 0.0001155985228251666 0.0001175387005787343
4096 0.0002139887365046889 8.563262677207941e-07 0.0002127695479430258 0.0002157187554985285
8192 0.0004080044309375808 2.041516285712663e-06 0.0004047739785164595 0.0004125736886635423
16384 0.0007998961809789762 3.069769975497752e-06 0.0007955390028655529 0.000807957025244832
32768 0.001585621095728129 1.184927437229887e-05 0.00157249579206109 0.0016152523458004
65536 0.003135418228339404 1.771208559761265e-05 0.003108098171651363 0.003163070417940617
131072 0.006223181379027665 4.21870319962106e-05 0.006133368238806725 0.006305860355496407
262144 0.01242978358641267 0.0001108188887007273 0.0122445784509182 0.01257845014333725
524288 0.02467151824384928 0.0001856510039729052 0.02435649931430817 0.02501053363084793
1048576 0.04921768512576818 0.000302145264208157 0.04874162375926971 0.04976031184196472


16 810149.0975722987 1182.008576897143 808070.2008806732 811845.2303220064
32 1560550.627384508 3440.440598237185 1554645.864432638 1564086.322961562
64 2904146.112071859 5789.359409230939 2891363.022700707 2911356.494483177
128 5104050.117855626 10943.82819798757 5079546.392646631 5122000.273804006
256 8222958.149890166 27973.21304137286 8165795.669006556 8266087.992316642
512 11828228.70555116 29921.41206046085 11758484.43642552 11885279.11356969
1024 15114847.05961742 53409.6706540763 15028689.82119961 15202175.9521057
2048 17593887.13679643 77795.46505437493 17424048.33400493 17716489.36290851
4096 19141481.26350624 76470.48385252 18987686.02912666 19250875.13508654
8192 20078683.61256148 100257.4216895478 19855846.90709798 20238455.12506651
16384 20482939.88850664 78319.06863393389 20278306.25649331 20594841.91345037
32768 20666788.67449049 152687.0864288573 20286613.47262282 20838211.56497377
65536 20902461.58709612 117981.7862520403 20719108.75846659 21085563.06160049
131072 21062803.57081138 142785.5583774139 20785744.15079666 21370313.1618102
262144 21091565.64896056 188627.832134623 20840723.38108018 21408985.29506684
524288 21251864.93330776 159578.5002141077 20962687.47154377 21525589.25789505
1048576 21305613.33523426 130512.4372645687 21072536.75037657 21512947.64365705
