16 3.58282577508362e-05 4.37763937825114e-08 3.575652954168618e-05 3.590997948776931e-05
32 3.654253760032589e-05 5.894395974687176e-08 3.6431330954656e-05 3.664685937110335e-05
64 3.801699585892493e-05 4.989488139057179e-08 3.789080074056983e-05 3.807574103120714e-05
128 4.089702997589484e-05 3.988580667229619e-08 4.082763916812837e-05 4.094872565474361e-05
256 4.669727422879077e-05 4.664099711401706e-08 4.66237252112478e-05 4.677489050664008e-05
512 5.828181929246057e-05 4.157050961754099e-08 5.818468343932182e-05 5.835967021994293e-05
1024 8.146790787577629e-05 7.656058382531096e-08 8.130809874273837e-05 8.155600517056882e-05
2048 0.0001277517112612259 1.353027559735113e-07 0.0001275378745049238 0.000128100800793618
4096 0.0002200972412538249 2.439071749317259e-07 0.0002197419526055455 0.0002206074423156679
8192 0.0004052012882311828 8.249917779980355e-07 0.0004033647710457444 0.0004067530389875174
16384 0.0007746268529444933 1.255408733424599e-06 0.0007721290457993746 0.0007770166266709566
32768 0.001519366953289136 2.023969228916107e-06 0.001515265554189682 0.001523531507700682
65536 0.003008697007317096 3.291302749358373e-06 0.003002172335982323 0.003013999201357365
131072 0.005972505081444979 1.106275631300677e-05 0.005950858816504478 0.005993125960230827
262144 0.01195972692221403 2.521037725969164e-05 0.01189562305808067 0.01199464127421379
524288 0.02393943397328258 2.257577836125593e-05 0.02389144152402878 0.02397478371858597
1048576 0.0479203425347805 5.796098280217748e-05 0.04778537154197693 0.04800713062286377


16 446575.507545654 545.550036334224 445558.5948036949 447470.7194764709
32 875693.9223883545 1413.05538283215 873198.9739135061 878364.8349226816
64 1683460.305584523 2211.929544621592 1680860.260803464 1689064.330896416
128 3129814.420139086 3052.96788463216 3125860.401108041 3135131.068267149
256 5482123.820353528 5474.904974327266 5473021.897585387 5490766.746760101
512 8784904.974938147 6267.28716150845 8773181.857786391 8799566.65114354
1024 12569377.00996695 11818.84704714041 12555789.09067914 12594071.38814021
2048 16031113.2586392 16967.11846927514 15987409.81564599 16057974.99723059
4096 18609977.52778972 20614.02983494582 18566916.67790165 18640045.52354483
8192 20217191.10194596 41217.7803106878 20139984.74453045 20309160.80936322
16384 21150880.95878432 34287.20957118509 21085777.88122176 21219250.96476311
32768 21566912.74599484 28728.15389011536 21507924.07926868 21625252.35883378
65536 21782211.16763332 23837.49358576767 21743867.73907758 21829526.31150549
131072 21945970.76905377 40682.96624295562 21870389.65470896 22025728.39343404
262144 21918986.6241351 46306.44127528649 21855092.95418113 22037013.0021837
524288 21900619.61474178 20658.90215476133 21868309.89401403 21944594.65632068
1048576 21881676.63357975 26491.70963503212 21842088.58966063 21943451.85908791
