16 3.914858098141849e-06 2.095276560764644e-08 3.880355507135391e-06 3.938737791031599e-06
32 4.816887667402625e-06 2.787451608052536e-08 4.792469553649426e-06 4.858942702412605e-06
64 6.64693652652204e-06 2.176506233223767e-08 6.597721949219704e-06 6.669899448752403e-06
128 1.029780833050609e-05 1.407573552500465e-08 1.028506085276604e-05 1.031998544931412e-05
256 1.76713801920414e-05 4.603086808964129e-08 1.760944724082947e-05 1.773051917552948e-05
512 3.231479786336422e-05 4.49295062998504e-08 3.224983811378479e-05 3.23764979839325e-05
1024 6.157811731100082e-05 4.05037377657323e-08 6.153061985969543e-05 6.165727972984314e-05
2048 0.0001202914863824844 9.320673348901275e-08 0.0001201927661895752 0.000120505690574646
4096 0.0002460144460201263 2.428418392744368e-05 0.0002373754978179932 0.0003061145544052124
8192 0.0004720874130725861 2.693714996500476e-07 0.0004717409610748291 0.0004724860191345215
16384 0.0009416490793228149 3.260792006572078e-07 0.0009412169456481934 0.0009419918060302734
32768 0.001881852746009827 1.886412012219029e-06 0.001879453659057617 0.001885533332824707
65536 0.003760039806365967 1.525293391150957e-06 0.003758430480957031 0.003763437271118164
131072 0.007503196597099304 2.331561112786603e-05 0.00746452808380127 0.007526516914367676
262144 0.01501800119876862 2.984965771627848e-05 0.01494455337524414 0.01503598690032959
524288 0.03003521263599396 3.793676273946571e-05 0.0299525260925293 0.03006458282470703
1048576 0.06010410189628601 0.0001005442099849333 0.0599360466003418 0.06017208099365234
