16 1.40958927659085e-05 2.909299644928559e-08 1.403962596668862e-05 1.413403151673265e-05
32 1.463498028897448e-05 2.738737874370534e-08 1.458572660339996e-05 1.469036942580715e-05
64 1.56145201799518e-05 3.636660841196767e-08 1.553674519527704e-05 1.567532308399677e-05
128 1.769374966897885e-05 3.10297822713209e-08 1.759778388077393e-05 1.772668474586681e-05
256 2.185774201279855e-05 3.365815590582813e-08 2.180160663556308e-05 2.192645479226485e-05
512 3.015146012330661e-05 2.68349944055479e-08 3.010727232322097e-05 3.021527663804591e-05
1024 4.671335227612872e-05 6.481440464803429e-08 4.662170249503106e-05 4.681623249780387e-05
2048 7.993447070475668e-05 9.703491639220857e-08 7.97490356490016e-05 8.005322888493538e-05
4096 0.0001469877315685153 3.063114607631503e-07 0.0001466076355427504 0.0001477929763495922
8192 0.0002812503953464329 5.125465521284947e-07 0.0002804502146318555 0.0002820962108671665
16384 0.0005494646466104314 1.893907364544292e-06 0.0005475711077451706 0.0005556582473218441
32768 0.001084214309230447 1.485704763738102e-06 0.001082041300833225 0.001088292803615332
65536 0.002152803994249552 3.337079266317271e-06 0.002148374915122986 0.002161363139748573
131072 0.00430714397225529 8.772806044470436e-06 0.004290750250220299 0.004326045513153076
262144 0.008624131325632334 2.552796493295604e-05 0.008584000170230865 0.008686497807502747
524288 0.01725276652723551 4.978590941603685e-05 0.01716756075620651 0.01735696941614151
1048576 0.03460257779806852 0.0001751761632608113 0.03440174460411072 0.03493237495422363


16 1135086.94986036 2343.76029249765 1132019.550194035 1139631.500010235
32 2186549.240147246 4090.670094771103 2178297.84074622 2193925.669259476
64 4098769.911235784 9547.032429309635 4082850.455907909 4119266.886056364
128 7234213.923903857 12726.61849951508 7220752.319739018 7273643.139795776
256 11712123.27123135 18028.65685503296 11675394.05824561 11742253.87510705
512 16980948.11679253 15104.64172646177 16945070.73800243 17005858.06988259
1024 21920966.87686546 30412.2290341621 21872755.35356322 21964019.87055573
2048 25621021.97497916 31114.42493698711 25582978.08254175 25680561.31755418
4096 27866384.44525987 57933.82143962281 27714442.8725168 27938517.5597189
8192 29127160.8414344 53072.51907533355 29039737.80724566 29210175.54132938
16384 29818444.58246635 102006.8632293884 29485749.7013091 29921228.07112169
32768 30222860.28633718 41345.80549282249 30109543.94915046 30283502.0943905
65536 30442226.78814862 47122.62690409517 30321605.28453523 30504917.71183631
131072 30431420.53134082 61950.29261121069 30298340.50554568 30547571.48665794
262144 30396817.8327382 89789.64823550008 30178330.30172179 30538676.00202408
524288 30388870.68240429 87648.53406171278 30206194.83908443 30539457.96058747
1048576 30304132.89310617 152935.4149677751 30017312.06006129 30480314.64877232
