16 3.295395072200336e-05 1.377044349836818e-07 3.278361691627651e-05 3.324761928524822e-05
32 3.579866734071402e-05 1.969229649535273e-07 3.553222632035613e-05 3.617809852585196e-05
64 4.132550020585768e-05 3.612605985678727e-07 4.059002094436437e-05 4.199237446300685e-05
128 5.270668407320045e-05 9.29177072616303e-07 5.137421248946339e-05 5.423546826932579e-05
256 7.438410284521524e-05 1.673441882487954e-06 7.143639959394932e-05 7.763376925140619e-05
512 0.00011827417256427 3.529265130447001e-06 0.0001133113983087242 0.0001248891931027174
1024 0.000206361037271563 8.828903094940477e-06 0.0001946494448930025 0.0002230295212939382
2048 0.0003865754042635672 1.546853791092644e-05 0.0003589404514059424 0.0004116797354072332
4096 0.0007239998667500913 2.0994574485773e-05 0.0006926669739186764 0.0007745812181383371
8192 0.001432253571692854 3.924421553707359e-05 0.00137415062636137 0.001505851279944181
16384 0.002768408041447401 6.151539761706683e-05 0.002658304758369923 0.002819941379129887
32768 0.005536944838240743 0.0001403396905236473 0.005286024883389473 0.005823750048875809
65536 0.01096805487759411 0.000357878551739238 0.01053826510906219 0.01173660904169083
131072 0.0220440081320703 0.0006932255665860616 0.02104558795690536 0.02348050475120544
262144 0.04368266928941011 0.001099941950509017 0.04206056892871857 0.0460638701915741
524288 0.08701140433549881 0.001654635369333269 0.08409562706947327 0.08890712261199951
1048576 0.174680519849062 0.003225271765515391 0.1694329977035522 0.1782922148704529


16 485533.9271948938 2022.596022008968 481237.4643347504 488048.6506678361
32 893913.3245268036 4906.12943247234 884513.0425285784 900590.9089818966
64 1548791.620085 13548.68565670415 1524086.237523452 1576742.226561623
128 2429237.370406787 42532.00511438955 2360079.189588072 2491522.376644745
256 3443211.833871658 76656.79991439485 3297534.081734193 3583607.257016398
512 4332519.036585479 128536.1895358091 4099634.141914074 4518521.593079481
1024 4970521.02648447 208138.8495340836 4591320.440716167 5260739.379775194
2048 5305859.302092375 214972.0485385133 4974740.857657519 5705681.797574333
4096 5661862.328490088 162080.9824740585 5288018.743656744 5913375.625269665
8192 5723672.715559008 156370.0536927825 5440112.253517929 5961500.75752008
16384 5920992.12653463 133914.165395802 5810049.854673008 6163326.438931968
32768 5921612.879207527 149383.3762562242 5626615.106245055 6198987.088193331
65536 5981047.44383617 192244.0419948065 5583895.635204579 6218860.440666223
131072 5951354.659320427 184326.9614444838 5582162.793722355 6228003.715951939
262144 6004649.157077123 150476.9985592426 5690880.920551717 6232535.761564806
524288 6027576.743792609 115995.1686746514 5897030.345791874 6234426.429413197
1048576 6004755.759248311 111746.282377506 5881221.458614417 6188735.454203771
