16 5.683114409293921e-06 5.802230733842609e-08 5.529167538043112e-06 5.759018677053973e-06
32 6.586647486983566e-06 6.187502870325726e-08 6.456282790168189e-06 6.673133611911908e-06
64 8.162541007550317e-06 5.209210837061362e-08 8.055754733504727e-06 8.258044545073062e-06
128 1.134653575718403e-05 6.722594518395463e-08 1.119923399528489e-05 1.143252666224726e-05
256 1.770462631611736e-05 8.601750686923284e-08 1.752157550072297e-05 1.781921309884638e-05
512 3.050780969715561e-05 8.933705712242491e-08 3.031008236575872e-05 3.066952194785699e-05
1024 5.582135963777546e-05 1.754679553299416e-07 5.558661359827965e-05 5.625287303701043e-05
2048 0.0001069802565325517 6.898663939448148e-07 0.0001060037757270038 0.0001083860988728702
4096 0.0002088123728753999 8.726281618480516e-07 0.0002076330711133778 0.0002106484025716782
8192 0.0004123948456253856 2.253845316733028e-06 0.0004102621460333467 0.0004168193554505706
16384 0.0008188633073586971 1.845256942741549e-06 0.0008162178564816713 0.0008238679729402065
32768 0.001632841129321605 4.863021206135554e-06 0.0016280272975564 0.001643550582230091
65536 0.00327174726407975 1.739259924681422e-05 0.003247472457587719 0.003313476219773293
131072 0.006541979149915278 4.054223662298555e-05 0.006500093266367912 0.006633780896663666
262144 0.01311184372752905 6.192539579512492e-05 0.01301365718245506 0.01320221647620201
524288 0.02620609011501074 0.0001277478135173371 0.0260525643825531 0.02651793509721756
1048576 0.05240750778466463 0.0001673886347076106 0.05214287340641022 0.05270794034004211


16 2815636.262645668 29104.13477035463 2778251.104437259 2893744.834084506
32 4858719.139018302 46034.30670537042 4795348.311755403 4956412.387748956
64 7840996.036969272 50204.11759703176 7750018.742413282 7944631.150923364
128 11281350.02130678 67299.24720412298 11196125.21199574 11429353.11949824
256 14459818.95915615 70576.11911115666 14366515.43364581 14610558.27938743
512 16782723.0087542 49189.34481683974 16694097.83662362 16892068.91032425
1024 18344401.90117403 57482.44683094566 18203514.67784197 18421701.44417093
2048 19144463.7503192 123146.2721641145 18895412.062041 19320066.53493461
4096 19616016.20668729 81765.03300503714 19444723.76716096 19727107.9122236
8192 19865010.48961774 107873.9591218454 19653597.87849743 19967720.83216799
16384 20008318.40702895 44964.77107658496 19886681.52923708 20073072.24400072
32768 20068254.61874533 59559.41458753286 19937323.71506203 20127426.64031701
65536 20031414.87789224 105905.7264371147 19778623.91433851 20180617.65139074
131072 20036243.57185965 123335.4891938893 19758264.8630919 20164633.7412078
262144 19993335.54653767 94588.1444928414 19856059.81181526 20143760.99851631
524288 20006785.29436119 97011.81510246122 19771071.84544742 20124237.76413755
1048576 20008316.91796676 63881.27271924259 19894080.34605744 20109670.44004699
