16 7.619710231665522e-06 2.349182031168182e-08 7.59010436013341e-06 7.658731192350388e-06
32 9.488052455708385e-06 1.239961759380662e-08 9.472132660448551e-06 9.504961781203747e-06
64 1.327114296145737e-05 2.766711041364472e-08 1.321476884186268e-05 1.330464147031307e-05
128 2.085545565932989e-05 2.930945851538703e-08 2.080854028463364e-05 2.089282497763634e-05
256 3.604812081903219e-05 3.588377022904892e-08 3.600027412176132e-05 3.612134605646133e-05
512 6.634090095758438e-05 2.636058916163339e-08 6.630457937717438e-05 6.6390261054039e-05
1024 0.0001269737258553505 2.095549706071315e-08 0.0001269355416297913 0.0001269988715648651
2048 0.0002482561394572258 5.659324316499308e-08 0.0002481266856193542 0.0002483129501342773
4096 0.0004910081624984741 4.374231453977762e-07 0.0004906207323074341 0.0004918724298477173
8192 0.0009758621454238892 4.345127794460935e-07 0.0009753704071044922 0.000976860523223877
16384 0.001945525407791138 5.40682515634385e-07 0.00194472074508667 0.00194627046585083
32768 0.003894507884979248 2.62265081488368e-05 0.003882527351379395 0.003959059715270996
65536 0.007760122418403625 1.930557021774933e-06 0.007758021354675293 0.007763504981994629
131072 0.01551054418087006 2.85991401695699e-06 0.01550745964050293 0.01551592350006104
262144 0.0310085117816925 6.2555270425769e-06 0.03099548816680908 0.03101551532745361
524288 0.06200882792472839 1.129692793505702e-05 0.0619889497756958 0.06202304363250732
1048576 0.124083548784256 9.691108282592938e-05 0.1240094900131226 0.1243164539337158
