16 7.898511648818385e-05 3.840196654081602e-07 7.812181138433516e-05 7.96137610450387e-05
32 8.151470683515072e-05 3.829319719956133e-07 8.071411866694689e-05 8.226148202084005e-05
64 8.672815056343097e-05 3.874023519182858e-07 8.613805403001606e-05 8.751548011787236e-05
128 9.724756091600284e-05 5.355843222228673e-07 9.629846317693591e-05 9.862254955805838e-05
256 0.0001174296976387268 3.321228089192039e-07 0.0001166365982498974 0.000117854360723868
512 0.0001585131540196016 4.772358790622899e-07 0.000157608650624752 0.0001596161746419966
1024 0.0002402681748208124 7.256195676568596e-07 0.0002389121218584478 0.0002412668545730412
2048 0.0004036168029415421 1.446166914212869e-06 0.0004010219126939774 0.0004060043720528483
4096 0.000729877021512948 2.952504310431598e-06 0.0007260781712830067 0.0007379306480288506
8192 0.001380999572575092 5.123462683611313e-06 0.001372304279357195 0.001388937700539827
16384 0.002680297940969467 6.6599610322226e-06 0.002667277120053768 0.002691097557544708
32768 0.005304679740220308 1.278867943398912e-05 0.005282782018184662 0.005328265950083733
65536 0.01053067948669195 1.895816308153159e-05 0.01048992201685905 0.01057112216949463
131072 0.02100518951192498 3.495958769799903e-05 0.02092865109443665 0.02107162028551102
262144 0.0419927379116416 0.0001323706808216467 0.04169394075870514 0.04210743308067322
524288 0.08387260884046555 0.0004228069095117297 0.08260062336921692 0.08427086472511292
1048576 0.1682954505085945 0.0002617213313566887 0.1675602197647095 0.1685212850570679


16 202574.3074826547 986.8412293191576 200970.281895721 204808.3591058193
32 392575.3232812535 1845.134069926681 389003.4462531704 396460.9975120037
64 737951.7919946463 3287.922360876511 731299.1931690261 742993.3346032901
128 1316265.671637214 7221.946162997984 1297877.621026694 1329200.859257916
256 2180044.137109425 6178.823146185138 2172172.488380013 2194851.391769095
512 3230043.263861897 9712.411868672893 3207694.96668095 3248552.652220929
1024 4261940.924536153 12887.80620248232 4244263.066354993 4286094.78679657
2048 5074180.874026111 18190.30196595492 5044280.655513281 5106952.850137252
4096 5611990.035119517 22605.95728080488 5550657.112482283 5641265.860895141
8192 5932011.748742392 22003.88909407186 5898032.717245763 5969521.57275006
16384 6112788.642336019 15185.20080916472 6088222.240054486 6142593.837294913
32768 6177220.910549908 14897.82248826735 6149843.177307067 6202792.370990193
65536 6223359.017590064 11204.77578655278 6199531.038352673 6247520.228908539
131072 6239997.997353849 10388.8131127503 6220309.5074813 6262802.09883389
262144 6242661.572079378 19752.83127111775 6225599.15960113 6287340.443953305
524288 6251154.089759759 31792.74085399912 6221462.206543147 6347264.446861165
1048576 6230580.687013873 9714.778721839659 6222216.971849647 6257905.375586317
