16 1.022749347612262e-05 1.060044700007448e-07 1.010931373457424e-05 1.049621641868725e-05
32 1.372684278067027e-05 7.66583373787659e-08 1.36469243443571e-05 1.391134719597176e-05
64 2.071425251415349e-05 4.651573199213156e-08 2.058847167063504e-05 2.076565579045564e-05
128 3.482765350781847e-05 4.521368498483509e-08 3.475422272458673e-05 3.490345261525363e-05
256 6.296268475125544e-05 1.085856412141422e-07 6.283901166170835e-05 6.327882874757051e-05
512 0.0001192992767755641 5.133524598386816e-08 0.000119203730719164 0.0001194231153931469
1024 0.0002320106432307512 9.130957925657285e-08 0.0002319121267646551 0.0002322460641153157
2048 0.0004573554178932682 5.150220284670612e-08 0.000457302201539278 0.0004574902122840285
4096 0.0009080702875507995 1.271726920364207e-07 0.0009079277515411377 0.0009084874764084816
8192 0.001809745066566393 3.568116446822296e-07 0.001809376757591963 0.001810746267437935
16384 0.003612578031606972 2.330572483400106e-07 0.003612241707742214 0.003612942062318325
32768 0.007217843551188707 5.514493008875285e-07 0.007216984406113625 0.007218476384878159
65536 0.0144288744777441 5.295375784909084e-06 0.01442513987421989 0.01444248482584953
131072 0.02884508529677987 5.360445826529825e-06 0.02884047478437424 0.02886343747377396
262144 0.05768408253788948 1.946596392772066e-05 0.05767187476158142 0.05775538086891174
524288 0.1153674721717834 2.152306583615897e-05 0.1153454780578613 0.1154276430606842
1048576 0.2307958155870438 5.343708710149639e-05 0.2307317852973938 0.2309445142745972


16 1564566.622446087 16050.04778952337 1524358.812906517 1582698.926958749
32 2331266.404957821 12904.82740008856 2300280.450858569 2344850.692546834
64 3089674.776576739 6959.87397538509 3082011.983913161 3108535.739021465
128 3675246.228055155 4769.925040181533 3667258.978960179 3683005.688671235
256 4065911.627525947 6994.491385081521 4045586.890067536 4073902.393280263
512 4291728.354930811 1846.382020131379 4287277.201858873 4295167.583355571
1024 4413591.266077279 1735.928573262939 4409116.700860686 4415465.52259062
2048 4477917.926012277 504.1721218158276 4476598.504206945 4478438.969037186
4096 4510664.131891518 631.5134362480624 4508592.695402576 4511372.180272444
8192 4526604.57530151 892.1944333049495 4524101.552665931 4527525.826573814
16384 4535265.37574591 292.585813087027 4534808.3964255 4535687.621590696
32768 4539860.132313895 346.8592035328249 4539462.104308469 4540400.554591984
65536 4542004.185442154 1665.681395345779 4537723.306636401 4543179.516555236
131072 4543997.803890646 844.030529334977 4541108.456645031 4544724.071984237
262144 4544477.72111196 1531.903152437385 4538867.133349743 4545439.195166052
524288 4544504.679118375 847.5981650713192 4542135.541348307 4545371.078500354
1048576 4543306.168759618 1051.56480784716 4540380.63338982 4544566.75160067
