16 5.437352228909731e-06 2.041979771628791e-06 4.703644663095474e-06 1.049094134941697e-05
32 6.411166395992041e-06 2.105219093248401e-08 6.389105692505836e-06 6.444752216339111e-06
64 9.789480827748775e-06 1.740744147217604e-08 9.760726243257523e-06 9.804731234908104e-06
128 1.657073153182864e-05 4.833845979735274e-08 1.651188358664513e-05 1.664040610194206e-05
256 3.023201134055853e-05 1.384339928839451e-07 3.000814467668533e-05 3.049243241548538e-05
512 5.738390609622002e-05 3.308381244998726e-07 5.685165524482727e-05 5.774945020675659e-05
1024 0.000111523550003767 4.639121716066865e-07 0.0001107826828956604 0.000112093985080719
2048 0.0002207905054092407 2.107951961451254e-06 0.0002186894416809082 0.0002257823944091797
4096 0.0004395097494125366 3.874097218712999e-06 0.0004349946975708008 0.0004464387893676758
8192 0.0008723177015781403 4.836652562013023e-06 0.0008658766746520996 0.0008821189403533936
16384 0.001741096377372742 7.401937687399663e-06 0.001731514930725098 0.001756727695465088
32768 0.003484621644020081 2.197809929486543e-05 0.003462433815002441 0.003535985946655273
65536 0.006991684436798096 0.000131467873711903 0.006909966468811035 0.007312893867492676
131072 0.01394861936569214 6.849018685641964e-05 0.01386106014251709 0.01408910751342773
262144 0.02784737944602966 0.0001425977707598828 0.02764105796813965 0.02812850475311279
524288 0.05579240620136261 0.0002592422463634287 0.05545699596405029 0.05619597434997559
1048576 0.1117904931306839 0.0002812413617093032 0.111348032951355 0.1122654676437378
