16 4.445296667654475e-06 1.140774499663992e-08 4.426476152730174e-06 4.466917744139209e-06
32 5.866013111699431e-06 9.169434813022965e-09 5.846550266142003e-06 5.875830538570881e-06
64 8.685320608492475e-06 9.862735711382793e-09 8.666196663398296e-06 8.700957550900057e-06
128 1.431767759640934e-05 9.833367526585463e-09 1.430275005986914e-05 1.434640580555424e-05
256 2.558996675361414e-05 1.59485515533091e-08 2.556771505624056e-05 2.56195999099873e-05
512 4.812882434634957e-05 4.160979328351828e-08 4.809863457921892e-05 4.827087104786187e-05
1024 9.318534466729034e-05 3.441380208967017e-08 9.314503404311836e-05 9.326782310381532e-05
2048 0.0001833966816775501 2.052322211906029e-07 0.0001832917332649231 0.000184094940777868
4096 0.000363695013220422 5.524930274657174e-07 0.0003632934531196952 0.0003656767075881362
8192 0.0007242640713229775 1.453599829202836e-07 0.0007240565028041601 0.000724616227671504
16384 0.00145167377195321 3.802577153729415e-07 0.001450767740607262 0.001452663913369179
32768 0.002902477222960442 1.414852030854728e-06 0.002901624888181686 0.002907523885369301
65536 0.005804545828141272 1.04143315087933e-05 0.0057994294911623 0.005841225385665894
131072 0.01159779191948473 3.748509438460317e-06 0.01159534603357315 0.01161064207553864
262144 0.02319364761933684 1.431128387256467e-05 0.02317499369382858 0.02323747426271439
524288 0.04640355054289103 3.989659392706995e-05 0.04637312889099121 0.04649287462234497
1048576 0.09285439178347588 0.000206911037913515 0.09258276224136353 0.09356787800788879


16 3599332.021582153 9223.362072452181 3581888.209379431 3614613.396286225
32 5455165.682080497 8540.563535034855 5446038.613595388 5473313.072379693
64 7368763.950087325 8370.347840673719 7355512.266966481 7385015.882492509
128 8940001.315878067 6134.460442311086 8922095.313269651 8949327.888987184
256 10003924.41498892 6232.390603246128 9992349.642439319 10012627.23074331
512 10638123.09824573 9176.570591321813 10606810.87549338 10644792.81957019
1024 10988853.82173546 4056.570847357279 10979134.77470357 10993608.09214986
2048 11167063.54023476 12459.97016039231 11124694.6349881 11173444.45120117
4096 11262207.81748613 17030.35778487213 11201150.94837637 11274632.02220295
8192 11310792.06282121 2269.723377127722 11305294.70244454 11314034.15102777
16384 11286283.02747524 2956.105023824192 11278589.52729156 11293330.79404012
32768 11289669.05579294 5495.378967483284 11270070.78596637 11292982.81575403
65536 11290495.18860221 20151.19586198604 11219563.64854923 11300421.89492427
131072 11301462.70387577 3649.555648288005 11288953.62954502 11303845.49288088
262144 11302409.0798891 6965.026363602648 11281088.34188672 11311502.53860945
524288 11298453.60438578 9702.085411649612 11276738.73165979 11305857.77881061
1048576 11292743.75721575 25019.01542056979 11206580.95838824 11325823.23766015
