16 1.49769919062237e-05 5.568905753619885e-08 1.491009243181907e-05 1.511653317720629e-05
32 1.790623218766996e-05 1.237178481628385e-07 1.779595913831145e-05 1.827169762691483e-05
64 2.361158021813026e-05 1.348589154846096e-07 2.348599082324654e-05 2.389303699601442e-05
128 3.529154946591007e-05 4.60763699972004e-07 3.489147638902068e-05 3.622210351750255e-05
256 5.796740879304707e-05 2.604343234245508e-07 5.77729515498504e-05 5.880877142772079e-05
512 0.0001036928752000676 3.566229488020591e-07 0.0001035470922943205 0.0001050244027283043
1024 0.000195908491150476 1.647781943461135e-06 0.0001950800651684403 0.0001999496598728001
2048 0.0003791534400079399 4.030542988790297e-06 0.0003781083505600691 0.0003942676121369004
4096 0.0007456472812918946 3.048845945424653e-06 0.0007442107889801264 0.0007545927073806524
8192 0.001481646788306534 1.355952388767458e-05 0.00147635955363512 0.001521781086921692
16384 0.002941367332823575 1.676407797662883e-07 0.002941085956990719 0.002941582351922989
32768 0.005888467887416482 7.126494207370101e-05 0.005869867280125618 0.006155695766210556
65536 0.01172592700459063 4.397693626461159e-07 0.01172523573040962 0.01172682642936707
131072 0.02344734268262982 4.062056891913047e-05 0.02343489974737167 0.02359946817159653
262144 0.04686158895492554 8.603194588418057e-06 0.0468517541885376 0.04689155519008636
524288 0.0939665250480175 0.0009947157189275609 0.09370636940002441 0.09769660234451294
1048576 0.1878437213599682 0.0009015450472137849 0.1874552369117737 0.1907657384872437


16 1068319.111066432 3958.774411930365 1058443.745826977 1073098.645978546
32 1787166.376667929 12209.76239912015 1751342.467098564 1798161.017975696
64 2710616.817938588 15395.51189681949 2678604.649993879 2725028.740820784
128 3627503.523646089 46811.40951632377 3533753.911838674 3668517.736907167
256 4416357.397351675 19637.70693668037 4353092.128691008 4431139.367686726
512 4937712.548777961 16782.91330787289 4875057.479017827 4944610.115605178
1024 5227271.501522958 43289.58807183275 5121289.031706418 5249126.809117247
2048 5402058.882127305 55366.11650923172 5194441.38183199 5416436.841361534
4096 5493299.297183714 22281.34305281292 5428093.804693745 5503817.010786954
8192 5529408.274402256 49560.51270752164 5383165.864264382 5548783.817485045
16384 5570198.549178522 317.4723335212472 5569791.370719012 5570731.43716068
32768 5565508.367538695 64619.71138236184 5323200.048298028 5582409.011349699
65536 5588982.437018458 209.606814988355 5588553.765567859 5589311.93426083
131072 5590073.397999931 9626.22930744469 5554023.465569176 5593025.846620074
262144 5594005.967899661 1026.48562126872 5590430.919540529 5595180.042674565
524288 5580084.155896987 56959.77318343659 5366491.642679386 5595009.211826997
1048576 5582291.308167568 26470.91472758368 5496668.365688304 5593740.763260271
