16 8.977398101706058e-05 1.892599867910319e-07 8.935655932873487e-05 8.993031224235892e-05
32 9.004650564747863e-05 2.219899056074508e-07 8.966831956058741e-05 9.033054811879992e-05
64 9.092208892980125e-05 1.174305358575324e-07 9.072129614651203e-05 9.108433732762933e-05
128 9.231895091943443e-05 2.709683726471374e-07 9.155491716228426e-05 9.251903975382447e-05
256 9.519897866994143e-05 2.039817354750357e-07 9.469690849073231e-05 9.536350262351334e-05
512 0.0001009583011182258 1.365908244737388e-07 0.0001005982630886137 0.0001011142448987812
1024 0.0001123854381148703 2.001607159123099e-07 0.0001120240485761315 0.0001126249844674021
2048 0.0001352883409708738 2.220478120829086e-07 0.0001348186051473022 0.0001356123248115182
4096 0.0001820337056415156 2.219009124829243e-07 0.0001814792631193995 0.0001822883496060967
8192 0.0002760042552836239 7.072073515590135e-07 0.0002743310760706663 0.0002769618295133114
16384 0.0004631617412087508 7.113148116678888e-07 0.0004619780229404569 0.0004641698906198144
32768 0.0008360389765584841 1.580542148004443e-06 0.0008339218329638243 0.000839190324768424
65536 0.00158085729344748 3.243864132993698e-06 0.001575296744704247 0.001586764119565487
131072 0.003070286591537297 9.746133088401539e-06 0.003054613247513771 0.003085987642407417
262144 0.006062717526219785 1.267122574792607e-05 0.006038235500454903 0.006085898727178574
524288 0.01203513727523386 2.931368525003907e-05 0.01198532804846764 0.01208033040165901
1048576 0.02400896046310663 4.863220716266336e-05 0.02389591187238693 0.02408205717802048


16 178226.1033275503 376.5795049481799 177915.5392775751 179057.9238971972
32 355373.9513179832 876.9870176182326 354254.4650334081 356870.7449499834
64 703900.4590957444 909.6071834479642 702645.5028134281 705457.2930334022
128 1386508.817777346 4091.995265870421 1383499.011020689 1398068.00079471
256 2689116.091336386 5780.501068521402 2684465.156556438 2703361.747285065
512 5071409.427106551 6872.393388341348 5063579.325668006 5089551.094425913
1024 9111527.838150101 16242.88989757318 9092121.120748159 9140894.415220946
2048 15138075.9061559 24858.76138266516 15101872.21439075 15190781.70080728
4096 22501358.73543919 27460.12156307022 22469894.58652166 22570071.80652449
8192 29680884.8901429 76214.11858567754 29578083.06796397 29861728.08905463
16384 35374329.93140568 54352.16752106629 35297420.90363111 35464890.50651591
32768 39194476.1073394 74028.06056615352 39047161.33261234 39293850.70005894
65536 41456151.08351228 85099.89852785025 41301664.93678097 41602320.46458271
131072 42690880.48019978 135484.806559949 42473274.42236584 42909523.85107441
262144 43238873.09570806 90387.18824078907 43073999.70842599 43414007.28412313
524288 43563351.60276716 106133.4703136811 43400137.46047862 43744151.00528116
1048576 43674528.83448237 88523.98918477332 43541795.13189711 43880978.70463309
