16 4.785728265233047e-06 7.315600172830961e-08 4.715606337413192e-06 4.993629772798158e-06
32 5.601787052000873e-06 5.706688765613511e-08 5.546287866309285e-06 5.768883056589402e-06
64 7.246010341077636e-06 7.548073850419856e-08 7.159185770433396e-06 7.409713361994363e-06
128 1.054960512192338e-05 1.023342645734939e-07 1.041085852193646e-05 1.07695595943369e-05
256 1.706834655124112e-05 1.759437066710111e-07 1.687798794591799e-05 1.76618923433125e-05
512 3.10136661028082e-05 1.781550649483242e-06 2.992923691635951e-05 3.681470116134733e-05
1024 5.667845834977925e-05 1.532125965551336e-06 5.595458787865937e-05 6.22860825387761e-05
2048 0.0001097816257242812 2.135732620429293e-06 0.0001081655500456691 0.0001147931907325983
4096 0.0002137605988536961 2.485065573202572e-06 0.0002118393895216286 0.0002213825937360525
8192 0.000426013459218666 3.379438492375626e-06 0.0004215595545247197 0.0004327753558754921
16384 0.0008502215932821855 8.149514489427887e-06 0.0008393670432269573 0.0008669423405081034
32768 0.001690715143922716 1.842583973380636e-05 0.001676085870712996 0.001753843855112791
65536 0.003395112231373787 6.134018237774139e-05 0.003347222693264484 0.003589620813727379
131072 0.006976798526011407 0.0003739296367524736 0.006625430658459663 0.007903147488832474
262144 0.01362642599269748 0.0002271876101702091 0.0134170800447464 0.01416732743382454
524288 0.02719265455380082 0.0005700425298351245 0.02678918838500977 0.02893206477165222
1048576 0.05396788753569126 0.0004233106397916265 0.05366213619709015 0.05494643747806549


16 3343991.201147809 50068.54580013552 3204082.146248994 3392988.908564622
32 5713010.513081996 57357.60559483094 5547000.985476483 5769624.79614208
64 8833338.160461435 91290.05445488486 8637311.171612455 8939564.086227871
128 12134219.05938302 116951.355604267 11885351.38124942 12294855.38875534
256 14999982.46389634 150968.5172757458 14494483.0952348 15167684.7276049
512 16554204.76244975 843801.247165279 13907487.60273957 17107018.17860707
1024 18078222.53383322 449690.471369188 16440269.77234458 18300554.76810232
2048 18661686.47990381 354784.3650381812 17840779.46548811 18933939.67982694
4096 19163998.3066657 217965.1401738108 18501906.27400243 19335403.15259359
8192 19230568.28383311 151798.220532096 18928989.11359641 19432604.27162168
16384 19271921.5773477 183755.7373440372 18898604.01834516 19519470.21533214
32768 19383247.52137146 205536.1560853054 18683533.26008755 19550310.97903159
65536 19308731.86297722 335886.8171513937 18257081.56955691 19579217.16170129
131072 18834031.4302893 939971.7116412467 16584784.75635321 19783166.82442991
262144 19242833.77670908 314841.2225139822 18503419.30928556 19538081.24612369
524288 19288113.63507714 387440.322285833 18121347.51314742 19570880.32922162
1048576 19430736.80975682 150734.4287181025 19083603.01645743 19540332.79906698
