16 1.726202708596247e-05 1.157953743545693e-07 1.708596391836181e-05 1.749603688949719e-05
32 2.185003177146427e-05 8.467764568765078e-08 2.173419488826767e-05 2.198528818553314e-05
64 3.032467429875396e-05 8.337028069898732e-08 3.016980190295726e-05 3.045425546588376e-05
128 4.721972618426662e-05 9.078195287232242e-08 4.709814675152302e-05 4.733630339615047e-05
256 8.100245395326056e-05 1.264657412617282e-07 8.084936416707933e-05 8.12284997664392e-05
512 0.0001485339671489783 2.161070613274866e-07 0.0001481926301494241 0.0001490337308496237
1024 0.0002840136003214866 3.902330553584551e-07 0.0002833261387422681 0.0002845068229362369
2048 0.0005550528148887679 7.522803745764671e-07 0.0005538808181881905 0.0005562363658100367
4096 0.00109976704698056 1.500757516075219e-06 0.001097039319574833 0.001102871261537075
8192 0.002186571480706334 5.395430544499675e-06 0.002179238013923168 0.002200651913881302
16384 0.004381909035146236 9.851630105371444e-06 0.004368085414171219 0.004398234188556671
32768 0.008807870093733072 1.753843176311115e-05 0.008766546845436096 0.008843310177326202
65536 0.01754004741087556 5.567678914276786e-05 0.01745358854532242 0.01762571930885315
131072 0.03496425226330757 0.0001395637508747907 0.03466044366359711 0.03514231741428375
262144 0.06991507858037949 0.0002454936824671243 0.06940963864326477 0.07029736042022705
524288 0.1399354040622711 0.0005752821022249946 0.1383607387542725 0.1405567526817322
1048576 0.280915655195713 0.0009945220096693075 0.2783600091934204 0.2820640206336975


16 926929.0040420048 6204.865393619855 914492.8134899363 936441.1675249556
32 1464549.367744985 5671.302188012251 1455518.78737968 1472334.271617023
64 2110507.538529575 5804.944401601993 2101512.547949028 2121326.490835417
128 2710740.91033407 5211.522911489358 2704055.678551557 2717729.015438614
256 3160405.300161173 4932.458821546577 3151603.202522403 3166382.353619541
512 3447029.828517916 5011.404108135222 3435463.885129551 3454962.635346612
1024 3605467.527264284 4956.386061265776 3599210.695307286 3614209.421501689
2048 3689745.321902251 5001.17975497291 3681887.999209717 3697546.354284754
4096 3724431.607674038 5082.492539762748 3713942.091746404 3733685.681920171
8192 3746525.868276442 9215.803790858967 3722533.285853338 3759112.106002763
16384 3739027.324825946 8403.880002483313 3725131.336259425 3750842.404969004
32768 3720323.025510456 7414.786882768116 3705399.826867487 3737845.765012842
65536 3736399.211135727 11864.88093916274 3718202.86319221 3754872.519758335
131072 3748799.285376277 15009.94218051254 3729748.338870936 3781601.911162529
262144 3749506.378714381 13178.90417945807 3729073.16054177 3776766.528742581
524288 3746702.639786204 15478.41309670494 3730080.483483882 3789283.034482283
1048576 3732751.647276203 13272.47364832456 3717510.64756229 3766977.88967017
