16 1.333925774815725e-05 1.182832456682897e-06 1.299020368605852e-05 2.263381611555815e-05
32 1.61970983754145e-05 7.83177781331849e-08 1.603271812200546e-05 1.637311652302742e-05
64 2.23085553443525e-05 7.983359752349208e-08 2.209469676017761e-05 2.245977520942688e-05
128 3.433561505516991e-05 7.369860905108038e-08 3.413856029510498e-05 3.448594361543655e-05
256 5.831643647979945e-05 9.778037749889984e-08 5.795713514089584e-05 5.846936255693436e-05
512 0.0001063098316080868 1.382817899572488e-07 0.0001059137284755707 0.0001065228134393692
1024 0.0002021478139795363 3.063309957765344e-07 0.0002014860510826111 0.0002029538154602051
2048 0.0003937919391319156 7.903023198039498e-07 0.0003922507166862488 0.0003962442278862
4096 0.0007758040446788073 1.952336567715001e-06 0.000771939754486084 0.0007807463407516479
8192 0.001537540927529335 4.705289239353822e-06 0.001526862382888794 0.001549750566482544
16384 0.003050019964575768 1.125658795488392e-05 0.003024280071258545 0.003086209297180176
32768 0.006096847355365753 3.784818062074763e-05 0.006002545356750488 0.006175041198730469
65536 0.01223114319145679 7.591028168952759e-05 0.01206445693969727 0.0126345157623291
131072 0.02449030801653862 0.0001619679131924334 0.02420997619628906 0.02544403076171875
262144 0.04900918528437614 0.0001352611866232126 0.04877150058746338 0.04935097694396973
524288 0.0980273000895977 0.0002350345526879666 0.09745001792907715 0.09878909587860107
1048576 0.1963001526892185 0.0006107966337541091 0.1952570676803589 0.1994564533233643
