16 3.730698517756537e-05 1.7298183058798e-07 3.688252763822675e-05 3.75241506844759e-05
32 3.825678868452087e-05 1.757970099658107e-07 3.784219734370708e-05 3.838527482002974e-05
64 3.996994928456843e-05 1.700350736754798e-07 3.95516399294138e-05 4.011229611933231e-05
128 4.348788934294134e-05 1.721850475878046e-07 4.308205097913742e-05 4.37186099588871e-05
256 5.054101347923279e-05 1.718017005400893e-07 5.005486309528351e-05 5.072262138128281e-05
512 6.464851321652532e-05 2.146234153754694e-07 6.405450403690338e-05 6.504729390144348e-05
1024 9.285751730203629e-05 3.914974503515108e-07 9.175017476081848e-05 9.351596236228943e-05
2048 0.0001494056778028607 4.386002006661564e-07 0.0001484677195549011 0.000150628387928009
4096 0.0002622839529067278 1.203670240465998e-06 0.0002602487802505493 0.0002651214599609375
8192 0.0004881476052105427 3.411048205808667e-06 0.0004808604717254639 0.0004981160163879395
16384 0.0009383289143443108 7.796256937770472e-06 0.0009229779243469238 0.0009582638740539551
32768 0.001830214634537697 1.925087729872178e-05 0.001780509948730469 0.00188899040222168
65536 0.003636794164776802 4.543900711626996e-05 0.003544449806213379 0.003803491592407227
131072 0.007298624143004417 0.0002257536224573107 0.007017612457275391 0.00870048999786377
262144 0.01466470025479794 0.0003489672976687322 0.01416254043579102 0.01600098609924316
524288 0.02908414043486118 0.001098914281817928 0.02771544456481934 0.03648245334625244
1048576 0.05863921158015728 0.001288425840923767 0.05578196048736572 0.06342041492462158
