16 0.0007717655789747369 2.905849777243345e-07 0.0007712231599725783 0.0007722143200226128
32 0.0007740621731500141 2.906130343778686e-07 0.0007735376711934805 0.0007745751645416021
64 0.0007788708317093551 4.526877012838916e-07 0.0007781230378895998 0.0007799267768859863
128 0.0007883505313657224 5.408275037456828e-07 0.0007874669972807169 0.0007890360429883003
256 0.0008072919881669804 3.846465654311904e-07 0.0008067099843174219 0.0008078739047050476
512 0.0008460850804112852 5.470629715639079e-07 0.0008451375178992748 0.0008473193738609552
1024 0.0009230711875716224 4.928251090575018e-07 0.0009223015513271093 0.0009239178616553545
2048 0.001077587396139279 6.537807906508695e-07 0.001076131127774715 0.001078584231436253
4096 0.001385525742080063 1.250840033362003e-06 0.0013830391690135 0.001387263648211956
8192 0.002001343586016446 4.355627696594815e-06 0.001995464786887169 0.002011386677622795
16384 0.003236285352613777 9.6812035420322e-06 0.003223230130970478 0.003258434124290943
32768 0.005696839420124888 1.309743218967069e-05 0.005675625056028366 0.005723070353269577
65536 0.01062305364757776 2.08009806011978e-05 0.01059256121516228 0.01067768782377243
131072 0.02053439524024725 0.0001002759675856354 0.02041380852460861 0.02080684155225754
262144 0.04044254310429096 0.0003717290704564827 0.04017062485218048 0.04177293181419373
524288 0.08042289689183235 0.001267021991826927 0.07870164513587952 0.08456301689147949
1048576 0.1600565686821938 0.0006692520247292223 0.1583212614059448 0.1612794995307922


16 20731.68661916898 7.806839582396901 20719.63648580289 20746.26493396399
32 41340.35396483902 15.52144918273004 41312.9693087149 41368.37957824038
64 82170.26194451428 47.74447981213509 82058.98540313335 82249.20338251228
128 162364.3942491252 111.3970568036531 162223.2610759176 162546.4945731185
256 317109.6186237247 151.0945467869193 316881.1351735205 317338.3309698444
512 605140.3250829662 391.146695556738 604258.5780459435 605818.566986185
1024 1109340.522628488 592.2729346749655 1108323.631892267 1110265.941249427
2048 1900542.558626559 1153.499723165112 1898785.40804631 1903113.800113718
4096 2956280.786481106 2669.555228960773 2952575.024422599 2961593.635067915
8192 4093268.321436437 8889.906268829085 4072812.100795014 4105309.226117257
16384 5062636.711759886 15098.59136483595 5028182.057713156 5083099.665324537
32768 5751989.789424686 13207.84981048562 5725597.970550845 5773461.015574921
65536 6169246.356330475 12051.18520178419 6137658.365895746 6186983.362077837
131072 6383188.348909138 30981.24051567875 6299466.436114553 6420751.906338017
262144 6482386.777175933 57984.82158795405 6275451.317758069 6525763.563913562
524288 6520608.135518684 99536.88615892206 6199968.015247419 6661715.890370643
1048576 6551391.543672984 27494.87841420528 6501607.47677544 6623090.232406567
