16 7.066523721732665e-06 5.003364616200301e-08 6.963149644434452e-06 7.163616828620434e-06
32 8.242788680945523e-06 1.234151582224609e-07 8.128932677209377e-06 9.046867489814758e-06
64 1.044700911734253e-05 9.732911384905538e-08 1.0291812941432e-05 1.08722597360611e-05
128 1.493099989602342e-05 1.159855081177187e-07 1.474423334002495e-05 1.521268859505653e-05
256 2.387785934843123e-05 1.654266749182385e-07 2.357456833124161e-05 2.434384077787399e-05
512 4.186926526017487e-05 7.649833366728061e-07 4.136562347412109e-05 4.742108285427094e-05
1024 7.761892629787326e-05 5.93978077909856e-07 7.686018943786621e-05 8.001551032066345e-05
2048 0.000148930586874485 8.974323703392814e-07 0.0001473799347877502 0.0001501590013504028
4096 0.0002920136321336031 1.8568500933871e-06 0.0002893656492233276 0.0002946853637695312
8192 0.000578081700950861 3.814557489608606e-06 0.0005733966827392578 0.000583350658416748
16384 0.001150563359260559 7.104086568170479e-06 0.001140773296356201 0.001160502433776855
32768 0.002295456826686859 1.400430526643094e-05 0.002274990081787109 0.002313971519470215
65536 0.004584034904837608 2.804435806304019e-05 0.004540562629699707 0.004627585411071777
131072 0.009172575548291206 5.871295709808486e-05 0.009076476097106934 0.009414434432983398
262144 0.01834323070943356 8.69019966655463e-05 0.0181654691696167 0.01848006248474121
524288 0.0368602741509676 0.0009138682268325123 0.03636252880096436 0.04383754730224609
1048576 0.07356363162398338 0.0001836250390607128 0.07300400733947754 0.07412600517272949
