16 2.885810717889736e-06 4.945562833440322e-09 2.874393703500289e-06 2.898586178190499e-06
32 3.968778259366701e-06 7.366566414415115e-09 3.956283744166456e-06 3.988861473125382e-06
64 6.151090126527148e-06 1.71599565987549e-08 6.116532024869059e-06 6.174201768516241e-06
128 1.0503482632096e-05 3.85379026640888e-08 1.043852216220387e-05 1.057745383903352e-05
256 1.921968826557041e-05 6.65205901183969e-08 1.905530015733348e-05 1.931222649886877e-05
512 3.662344789789884e-05 1.24937474204266e-07 3.647173818421834e-05 3.689672251283582e-05
1024 7.152571329527291e-05 3.26061188906854e-07 7.098009405126504e-05 7.19601910077472e-05
2048 0.0001418707700224786 4.879730549454305e-07 0.000141160672882279 0.0001427160573541641
4096 0.0002810484327220308 1.133827147991576e-06 0.0002787500510521568 0.0002828061582249575
8192 0.0005584357235264292 1.457312828921054e-06 0.0005558145480790699 0.0005606406384686125
16384 0.001130628113401144 5.709400874428473e-06 0.001120144688002256 0.001141386557947044
32768 0.002249401133326501 1.037014786485685e-05 0.002232035139968502 0.002270941735787346
65536 0.004471397856093517 2.234433529395988e-05 0.004430523288647237 0.004527217915892834
131072 0.009071431730831137 2.487669031578146e-05 0.009014154426040477 0.009109046972298529
262144 0.01818019346501387 5.862726385866614e-05 0.01804268527848762 0.01828622158791404
524288 0.03584066826124399 0.0002159563985425777 0.03554536790761631 0.03628487876267172
1048576 0.07062555581978813 0.0006249833625260586 0.06949988624546677 0.07175101050233934


16 5544384.436456685 9496.691846482032 5519932.483079846 5566391.263839753
32 8062960.709521903 14938.92391376179 8022339.260362211 8088398.625903421
64 10404735.79698003 29068.07838811681 10365712.42720826 10463445.58318079
128 12186587.78511394 44649.56546466873 12101210.92919802 12262272.18863092
256 13319825.07478566 46272.78656897941 13255851.15807312 13434582.39368
512 13980266.71569125 47551.79661379448 13876571.2814162 14038267.03882041
1024 14316809.30349402 65419.76231426587 14230090.07702268 14426579.92620326
2048 14435832.66856865 49613.04382504674 14350172.20884741 14508290.15038722
4096 14574223.2958399 58907.0883198536 14483418.69819485 14694167.71239837
8192 14669642.39798935 38329.23128337244 14611855.50583064 14738729.00288787
16384 14491406.81767419 73228.06667228455 14354470.78461227 14626681.87019694
32768 14567722.44525682 67001.49265880077 14429256.14674089 14680772.45435411
65536 14657056.20793484 73026.6299838971 14475998.5530927 14791932.17828903
131072 14448978.88676577 39686.16334558042 14389211.12149299 14540687.21314043
262144 14419349.21914869 46548.9166126194 14335602.2861092 14529101.18166033
524288 14628795.52728228 87958.17626372598 14449214.60063866 14749826.23228555
1048576 14848068.15825748 131537.1565474646 14614093.83169332 15087449.15490268
