16 0.0002834540791809559 1.644027201608048e-06 0.0002820319496095181 0.0002857658546417952
32 0.0002847230935003608 1.305165490838302e-06 0.0002834203187376261 0.0002865869319066405
64 0.0002868754381779581 1.469089670521665e-06 0.0002850554883480072 0.0002888662274926901
128 0.0002909449976868927 1.671229434468559e-06 0.0002889297902584076 0.0002934630028903484
256 0.0002995034446939826 1.697373211396118e-06 0.000297175720334053 0.0003017187118530273
512 0.0003166105598211288 1.665268160003184e-06 0.0003147106617689133 0.0003189146518707275
1024 0.0003503868356347084 2.216277817670512e-06 0.0003483109176158905 0.0003533884882926941
2048 0.0004190756008028984 1.989171221347135e-06 0.0004162490367889404 0.0004218146204948425
4096 0.0005545560270547867 2.067942165977277e-06 0.0005505532026290894 0.0005580633878707886
8192 0.0008275620639324188 3.114385976933814e-06 0.000824272632598877 0.0008322596549987793
16384 0.001372188329696655 1.796069046654625e-06 0.001368999481201172 0.001374483108520508
32768 0.00246293842792511 4.588700543559391e-06 0.002456903457641602 0.002470016479492188
65536 0.004634514451026917 3.070775699937207e-06 0.004632472991943359 0.004641532897949219
131072 0.008986145257949829 2.367737777953291e-06 0.008982062339782715 0.008990049362182617
262144 0.01768331229686737 2.699608227416283e-06 0.01767945289611816 0.01768600940704346
524288 0.03509284555912018 5.136261573601822e-06 0.03508710861206055 0.03510308265686035
1048576 0.06993043422698975 4.728611300722366e-06 0.069923996925354 0.06993699073791504
