16 0.0007806405265000649 1.051702736495955e-06 0.000778058310970664 0.000781925511546433
32 0.0007815018980181776 9.645972909574987e-07 0.000779623631387949 0.0007828642847016454
64 0.0007824437489034608 9.013732166604431e-07 0.000780927948653698 0.0007838672026991844
128 0.0007846809312468395 1.070760990609059e-06 0.0007826415821909904 0.0007862246129661798
256 0.0007885223894845694 1.100429238648157e-06 0.0007856904994696379 0.0007904598023742437
512 0.0007968989666551352 1.048895153440702e-06 0.0007951043080538511 0.0007987343706190586
1024 0.0008131947834044695 1.078800238934313e-06 0.0008108057081699371 0.0008149747736752033
2048 0.0008460279786959291 1.105001338916889e-06 0.0008436944335699081 0.0008477342780679464
4096 0.0009117591835092753 1.19615604133275e-06 0.000909007852897048 0.000912907300516963
8192 0.001043249911163002 1.147211182793753e-06 0.001040284987539053 0.001044755801558495
16384 0.001306607970036566 1.312627266690119e-06 0.001303828321397305 0.001309009734541178
32768 0.0018333658517804 1.450236305071695e-06 0.00183011731132865 0.001836658455431461
65536 0.002890088129788637 2.545889823184791e-06 0.002883543260395527 0.002895109355449677
131072 0.005016355193220079 9.343363487648961e-06 0.004995554685592651 0.005035897716879845
262144 0.009333229623734951 2.707880229809196e-05 0.009289044886827469 0.009372983127832413
524288 0.01808740431442857 0.0001001703236073335 0.01793375611305237 0.01830974966287613
1048576 0.0359013844281435 0.0003307835446364133 0.03536556661128998 0.03663931787014008


16 20496.02437149647 27.64437116007512 20462.30716830867 20564.01142999071
32 40946.85607746444 50.5827153285666 40875.53950962958 41045.44643295511
64 81795.11912192813 94.25358337573491 81646.48269454454 81953.78345766026
128 163123.9125090267 222.7214817941296 162803.3489273453 163548.6829637475
256 324658.4640982965 453.5231562160561 323862.1359758869 325828.0457416844
512 642491.5246254241 846.1570538812608 641014.1078606329 643940.6689333685
1024 1259232.980412424 1671.747815461256 1256480.609064963 1262941.281347491
2048 2420727.598989125 3163.845942932468 2415851.349868209 2427419.120610215
4096 4492421.567355154 5903.565963884264 4486764.425786177 4506011.67739736
8192 7852393.955764328 8644.060481327397 7841066.771564934 7874765.182740337
16384 12539350.65512488 12599.73330846923 12516331.6724629 12566071.56871801
32768 17873148.00811163 14137.94829963494 17841096.09660782 17904863.14574595
65536 22676141.6104939 19984.29537342371 22636796.04248343 22727593.82531706
131072 26129016.2468035 48672.84632449363 26027534.18931827 26237726.9891602
262144 28087390.88421368 81487.03916982093 27968043.5166454 28220770.07849741
524288 28987191.03287387 160201.9215694373 28634362.00130133 29234701.12423453
1048576 29209430.71452427 267668.7231720012 28618873.41124758 29649630.99630521
