16 0.0004536032502073795 1.032288166254772e-06 0.0004522714880295098 0.000455149682238698
32 0.0004570578021230176 9.9437618138931e-07 0.0004553047474473715 0.0004588476149365306
64 0.0004645388689823449 6.050043585726736e-07 0.0004634959623217583 0.0004654307849705219
128 0.0004779535811394453 1.114037270531203e-06 0.0004760897718369961 0.000479609239846468
256 0.0005047483136877418 1.555668753725374e-06 0.0005025891587138176 0.0005062809213995934
512 0.0005603744648396969 1.198616236911077e-06 0.0005587730556726456 0.0005620084702968597
1024 0.0006698677316308022 1.636289881278167e-06 0.0006670765578746796 0.0006720907986164093
2048 0.0008884798735380173 2.343081951481904e-06 0.0008851513266563416 0.0008915290236473083
4096 0.001326654106378555 1.590884027175544e-06 0.00132480263710022 0.001328691840171814
8192 0.002202872186899185 3.498603250844724e-06 0.002199500799179077 0.00220838189125061
16384 0.003952659666538239 2.241084255323108e-06 0.003950238227844238 0.003957271575927734
32768 0.007457181811332703 2.810146119365539e-06 0.007451534271240234 0.00745999813079834
65536 0.01445810496807098 4.121626861532972e-06 0.01445198059082031 0.01446402072906494
131072 0.02845688164234161 6.747690326492795e-06 0.02844595909118652 0.02846395969390869
262144 0.05647225677967072 1.372866643925619e-05 0.05644655227661133 0.05649352073669434
524288 0.112494170665741 4.438100028680573e-05 0.1124429702758789 0.1125580072402954
1048576 0.2244738638401031 8.205676743389471e-05 0.2243025302886963 0.2245728969573975
