16 0.00115124986768933 1.41224451410472e-06 0.001148571784142405 0.001154829107690603
32 0.001156087797426153 1.357878777533419e-06 0.001153360353782773 0.001158438506536186
64 0.001166113317594863 1.191495550308651e-06 0.001164203975349665 0.001168070361018181
128 0.001187110698083416 1.490214654117738e-06 0.001183707267045975 0.001189045142382383
256 0.001227113069035113 2.813515075363753e-06 0.001218697521835566 0.001230816356837749
512 0.001309539075009525 4.02262575261513e-06 0.001300049014389515 0.001314301043748856
1024 0.001474229473387823 3.113196269027246e-06 0.001464054919779301 0.0014771344140172
2048 0.001803232473321259 2.660090128879622e-06 0.001794689334928989 0.001806037034839392
4096 0.002460936724673957 1.902375207700005e-06 0.00245688296854496 0.002464304678142071
8192 0.003775289806071669 1.828212923668446e-06 0.00377163290977478 0.003779340535402298
16384 0.006403530365787446 3.323486042658327e-06 0.006399078294634819 0.00641225092113018
32768 0.0116736888885498 2.155097062415086e-05 0.01166436076164246 0.01175373420119286
65536 0.02221320569515228 4.310492770774564e-05 0.02219225466251373 0.02237284183502197
131072 0.04330243729054928 8.949565973092927e-05 0.04325693845748901 0.04362812638282776
262144 0.08554233238101006 0.000249509212395146 0.08537724614143372 0.08629825711250305
524288 0.1704053953289986 0.0008449750067538973 0.1695417761802673 0.172691285610199
1048576 0.3404286541044712 0.001914498275452951 0.3381132483482361 0.3443317413330078


16 13897.9582143252 17.03609621231032 13854.86380058118 13930.34394619627
32 27679.59445310266 32.50951507153706 27623.3911592617 27745.01472592404
64 54883.22763350519 56.09179104441242 54791.21989210704 54973.18455795327
128 107824.9816457552 135.4489629037244 107649.4032375742 108134.8434393185
256 208620.7642051438 480.0584656007172 207992.0359993614 210060.3270403147
512 390980.7329754464 1205.827204315256 389560.673663922 393831.3050761614
1024 694603.0580316191 1473.462034492758 693234.1365029466 699427.3139387169
2048 1135740.522625108 1680.814065549989 1133974.531248816 1141144.575911258
4096 1664407.806113257 1286.755937160751 1662132.136635038 1667153.076658663
8192 2169900.119379608 1050.723983638819 2167573.925467393 2172003.531618664
16384 2558589.278011273 1327.224651426583 2555108.993943154 2560368.735250019
32768 2807005.083001063 5149.841667063667 2787879.957050114 2809240.957957644
65536 2950327.420533879 5688.086294031962 2929265.780505869 2953102.377231674
131072 3026908.63777006 6215.238813606169 3004300.456312756 3030080.368004123
262144 3064518.710059464 8883.964639970165 3037651.150454348 3070419.952006171
524288 3076780.530806194 15152.01286588079 3035984.115512521 3092382.372133134
1048576 3080254.762511583 17262.48171307728 3045249.316663805 3101256.768619816
