16 0.0003756819205591455 5.466140523805757e-07 0.0003744753776118159 0.0003763969289138913
32 0.0003765057699638419 5.771770634733667e-07 0.0003754618810489774 0.0003777520032599568
64 0.0003775713557843119 5.528874033020834e-07 0.0003767159068956971 0.0003786783199757338
128 0.000379534722014796 5.553844471457368e-07 0.0003784887958317995 0.0003806015010923147
256 0.0003837183830910362 5.621804739038141e-07 0.0003826059401035309 0.000384759739972651
512 0.0003923434851458296 6.048784180867803e-07 0.0003912568790838122 0.000393474125303328
1024 0.0004094654650543816 4.222875577771061e-07 0.0004087182460352778 0.0004101688973605633
2048 0.0004432890127645805 7.030912768251355e-07 0.0004415996372699738 0.0004442826611921191
4096 0.0005112095532240346 9.05549563499355e-07 0.0005092059727758169 0.0005125321913510561
8192 0.0006467134080594406 1.618839610486513e-06 0.0006417275872081518 0.0006492107640951872
16384 0.0009168030082946643 3.389831218139602e-06 0.0009068446233868599 0.0009204561356455088
32768 0.001453824283089489 5.616111340423093e-06 0.00143784936517477 0.001458833925426006
65536 0.002518769295420498 1.07814625566953e-05 0.00248720683157444 0.002534613944590092
131072 0.004669187823310494 1.398394747842781e-05 0.004644071683287621 0.004692789167165756
262144 0.009376012021675706 5.450916324284042e-05 0.009290516376495361 0.009483389556407928
524288 0.01887541403993964 0.0001148362673665532 0.01866087317466736 0.0190974697470665
1048576 0.03765825368463993 0.0003264511641961338 0.0371173769235611 0.03831100463867188


16 42589.30472562903 62.04429141074763 42508.31707412878 42726.44065956647
32 84992.24453039363 130.2301748857491 84711.6619471072 85228.35902967668
64 169504.7244456823 248.1440726890007 169008.8833289986 169889.2954305748
128 337255.7226829292 493.5090190786241 336309.7613452493 338187.0253746777
256 667157.2864755346 977.5929408802297 665350.2781195263 669095.7279197702
512 1304981.883958326 2011.037762945645 1301229.145894411 1308603.189799311
1024 2500823.899968703 2579.525923838069 2496532.542056308 2505393.409599862
2048 4620021.654453084 7340.023349720712 4609677.97956534 4637684.968812479
4096 8012393.417026291 14204.55812708183 7991693.144586244 8043896.220760367
8192 12667200.36457287 31837.64732780012 12618398.2969187 12765541.27217665
16384 17871026.91381127 66469.71650701176 17799870.4832469 18067042.11225233
32768 22539492.21421248 87579.45047323183 22461775.41451892 22789591.72890621
65536 26019505.98342662 112071.7272749078 25856403.15752258 26349236.08605349
131072 28071927.71078992 84138.36336806051 27930511.11630525 28223509.22611337
262144 27959893.40959655 162358.0624827101 27642437.17299046 28216300.29771154
524288 27777201.23566522 168816.6875997648 27453270.35171946 28095577.04468702
1048576 27846474.72726563 240525.7607370239 27370099.26754954 28250272.161188
