16 0.000272030672931578 3.978064502802729e-07 0.0002714870497584343 0.0002724534133449197
32 0.0002727264363784343 1.904825124463165e-07 0.0002724658697843552 0.00027290522120893
64 0.0002735460002440959 2.264254602365999e-07 0.0002731415443122387 0.0002738242037594318
128 0.000275368569418788 4.065671453438428e-07 0.0002746935933828354 0.0002758922055363655
256 0.0002794417086988688 8.249786052869963e-07 0.0002787308767437935 0.0002811439335346222
512 0.0002868399024009705 6.602439940848866e-07 0.0002861954271793365 0.0002881865948438644
1024 0.0003015338443219662 9.456870779175489e-07 0.0003006421029567719 0.0003031231462955475
2048 0.0003319494426250458 1.353441742121106e-06 0.0003301575779914856 0.0003343150019645691
4096 0.0003917347639799118 1.370870675530589e-06 0.0003894418478012085 0.0003941804170608521
8192 0.000512637197971344 1.362714479135627e-06 0.0005117356777191162 0.0005157291889190674
16384 0.0007543638348579407 1.682691106735965e-06 0.0007522106170654297 0.0007572174072265625
32768 0.001236870884895325 2.294751177746872e-06 0.001232028007507324 0.001239538192749023
65536 0.002202481031417847 1.327076080574871e-06 0.002199411392211914 0.002203464508056641
131072 0.0041331946849823 1.973007635797252e-06 0.00413048267364502 0.004135966300964355
262144 0.007995113730430603 1.137072563128937e-06 0.007992982864379883 0.007996559143066406
524288 0.0157257616519928 2.246301067298815e-06 0.01572299003601074 0.01573002338409424
1048576 0.03122034668922424 5.983834771871097e-06 0.03121507167816162 0.0312340259552002
