16 0.0005586227016465273 1.18765127969655e-06 0.0005571977235376835 0.0005613903631456196
32 0.0005603142271866091 1.168083321362725e-06 0.0005587891209870577 0.0005628300132229924
64 0.0005633647524518892 1.490474398353499e-06 0.0005609707441180944 0.0005657677538692951
128 0.0005695657891919836 1.500584569159062e-06 0.0005676336586475372 0.0005720527842640877
256 0.0005808665737276897 1.42310375286838e-06 0.000579342944547534 0.0005846982821822166
512 0.0006041764718247578 1.54181813674627e-06 0.0006022967863827944 0.0006067394278943539
1024 0.0006511384854093194 1.267507519170636e-06 0.0006493963301181793 0.0006538808811455965
2048 0.0007448507967637852 1.64548129224081e-06 0.0007430301047861576 0.0007484168745577335
4096 0.0009314765193266794 1.533486073436609e-06 0.0009291600435972214 0.0009352217894047499
8192 0.001305928832152858 1.797362910637604e-06 0.001303804572671652 0.001309792976826429
16384 0.002053872856777161 2.067423828620947e-06 0.002051089890301228 0.002056816592812538
32768 0.003549163579009473 3.376909300952874e-06 0.003545039333403111 0.003555800765752792
65536 0.006536438479088247 2.629111737776869e-06 0.006532741710543633 0.006541179493069649
131072 0.01250941399484873 2.228192636660829e-06 0.01250512525439262 0.01251356303691864
262144 0.02446122793480754 5.533856712540145e-06 0.02445568889379501 0.02447324991226196
524288 0.04838528297841549 1.574286053434214e-05 0.04837293922901154 0.04841931164264679
1048576 0.09629659540951252 0.0001476434358475097 0.09621387720108032 0.09672161936759949


16 28641.99334285798 60.805187886101 28500.66736156235 28715.12090612106
32 57111.04364088451 118.9703058888679 56855.53230673512 57266.68397458147
64 113603.8762473307 300.3039543614474 113120.6216018904 114087.9460668039
128 224734.0588533687 591.1227824190712 223755.575570993 225497.5511934529
256 440723.3056459387 1076.722204504896 437832.6528419997 441879.8958532854
512 847439.6908362426 2160.220210614461 843854.835306912 850079.2492600059
1024 1572635.708389167 3057.565623684502 1566034.471303025 1576849.071219188
2048 2749556.49740305 6059.654734216512 2736442.843048183 2756281.322665129
4096 4397330.809111848 7231.574706663215 4379709.76126104 4408282.543169239
8192 6272941.01318286 8623.90674366211 6254423.519546467 6283150.229496135
16384 7977132.32643504 8028.123463896174 7965707.811407794 7987948.298840188
32768 9232605.673845096 8780.250475589908 9215364.458999081 9243338.907764358
65536 10026256.67602891 4032.149696481218 10018988.17628153 10031928.84455037
131072 10477869.22333573 1866.309407132 10474394.83169578 10481462.38710875
262144 10716715.17363404 2423.80407755687 10711450.29531434 10719141.91983822
524288 10835692.58540438 3524.097219861305 10828076.2822373 10838456.54939156
1048576 10889048.56762312 16647.76879724448 10841174.98089842 10898386.2879629
