16 0.0005552774600801058 8.564175542740212e-07 0.0005540034035220742 0.0005569328204728663
32 0.0005575140530709177 1.099295635791913e-06 0.0005560585996136069 0.0005593759706243873
64 0.0005621369637083262 1.085905970420447e-06 0.0005602636374533176 0.0005649072118103504
128 0.0005710054392693564 1.145861144549829e-06 0.0005691102705895901 0.0005729522090405226
256 0.000589245100854896 9.392678745487242e-07 0.0005873681511729956 0.0005913632921874523
512 0.0006247808778425679 8.602872008696438e-07 0.0006230985745787621 0.0006266084965318441
1024 0.0006960027385503054 1.189925287558089e-06 0.0006941123865544796 0.0006975117139518261
2048 0.0008389410795643926 1.034236067332235e-06 0.0008372841402888298 0.0008406220003962517
4096 0.001124630711274222 1.271510401421726e-06 0.001121972687542439 0.001126476563513279
8192 0.00169504844234325 1.768372840726953e-06 0.001692296471446753 0.001697123050689697
16384 0.002830207289662212 1.702269980924237e-06 0.002827105112373829 0.002833547070622444
32768 0.00508608715608716 2.35862223007295e-06 0.005081146955490112 0.005089858546853065
65536 0.009526233887299895 7.675807174406811e-06 0.009512405842542648 0.009537328034639359
131072 0.01842348976060748 2.557542913766538e-05 0.01837681233882904 0.01846293359994888
262144 0.03616716247051954 6.792063546531227e-05 0.0360351949930191 0.03630207479000092
524288 0.07171796075999737 0.0001844323488997243 0.07146477699279785 0.07204598188400269
1048576 0.142776433378458 0.0003839928446846585 0.1421237587928772 0.1434992551803589


16 28814.48793695354 44.43339479004149 28728.77914865051 28880.68899627704
32 57397.86549400319 113.1676339345807 57206.60464603248 57547.89157516151
64 113851.654883594 219.6290006857215 113292.9420300726 114231.9360415972
128 224166.8370512568 449.8612893235152 223404.3223506397 224912.4758676273
256 434455.2196929734 692.4504867305419 432898.0228939409 435842.4941644498
512 819488.7653154142 1128.525550032021 817097.1233773882 821699.8415477538
1024 1471262.610676457 2515.483084401452 1468075.703271591 1475265.417871387
2048 2441176.107115624 3010.234275929512 2436291.22130353 2446003.574477741
4096 3642088.795848961 4121.505170478254 3636116.482730283 3650712.753954689
8192 4832905.159558374 5044.308652594667 4826992.360200892 4840759.369424566
16384 5788977.23009616 3481.662019961444 5782152.048880886 5795327.498892634
32768 6442675.007699949 2988.188594804151 6437899.933439142 6448937.668412563
65536 6879532.947253456 5543.433599254295 6871526.255778844 6889529.42975805
131072 7114408.759696254 9881.86952349636 7099196.847047258 7132466.587964942
262144 7248145.792264904 13607.74593802293 7221185.056679053 7274665.78301529
524288 7310459.521142233 18791.10969644952 7277130.331072836 7336313.384883818
1048576 7344231.001871163 19745.86921470545 7307187.752870799 7377907.880470098
