16 0.0003865641920128837 3.235305170932455e-07 0.0003860270953737199 0.0003870671498589218
32 0.0003874282629112713 4.217311800121003e-07 0.0003866429906338453 0.0003882686141878366
64 0.0003890209263772704 3.414007584532758e-07 0.0003881776938214898 0.0003894800320267677
128 0.0003920550443581305 2.836141733518642e-07 0.0003914086846634746 0.000392523012124002
256 0.0003982679263572209 3.200748496867334e-07 0.0003977622836828232 0.0003988329553976655
512 0.0004107095373910852 3.117919538304516e-07 0.0004101191880181432 0.0004111225716769695
1024 0.0004355833007139154 4.650703305458406e-07 0.0004345136694610119 0.0004362871404737234
2048 0.0004852988931816071 5.365315583861898e-07 0.0004839682951569557 0.0004858003230765462
4096 0.0005856327625224367 8.446776532811125e-07 0.0005829560104757547 0.0005865038838237524
8192 0.0007855598669266328 1.52112529716068e-06 0.0007800771854817867 0.0007865000516176224
16384 0.001185849600005895 2.222952136917772e-06 0.001178236678242683 0.001188167836517096
32768 0.001997446001041681 4.500830601548064e-06 0.001982921734452248 0.00200312864035368
65536 0.003615368797909468 9.481528164624223e-06 0.003592312335968018 0.003626097925007343
131072 0.006841396447271109 1.883865036613016e-05 0.00679653137922287 0.006860850378870964
262144 0.01341427536681294 5.380971447245168e-05 0.01331359148025513 0.01348984241485596
524288 0.02651203004643321 9.826660104131058e-05 0.02635861933231354 0.0266718715429306
1048576 0.05268885754048824 0.0003248837290385192 0.05226169526576996 0.05335007607936859


16 41390.30680562684 34.64274482574139 41336.49679605123 41447.86775785805
32 82596.02774760473 89.92435470750137 82417.16901824837 82763.6884029389
64 164515.6903165602 144.5044885477988 164321.6461366663 164872.9461240797
128 326484.9277778879 236.3483157773557 326095.530826008 327023.9139176277
256 642783.7595560141 516.5942344257243 641872.7352777289 643600.4882859511
512 1246623.781826088 946.7324619427771 1245370.688141863 1248417.569717196
1024 2350873.170339333 2511.670928653022 2347078.116691989 2356657.734773248
2048 4220084.526698928 4671.866256075947 4215723.832849947 4231682.15871623
4096 6994157.898050653 10116.83253265636 6983755.969859648 7026259.145449455
8192 10428268.18659195 20314.07070834369 10415765.36854794 10501524.91633313
16384 13816300.34249997 26024.20053536049 13789297.68712374 13905525.35203403
32768 16405027.55643852 37134.61809237832 16358410.20884927 16525110.10932646
65536 18127175.21921394 47664.15576842205 18073422.54825269 18243402.54153877
131072 19158798.37136175 52947.32084504777 19104337.32874517 19285131.29516178
262144 19542461.80269054 78577.97851279791 19432695.50067603 19689953.7129989
524288 19775729.96783857 73238.92058561649 19656963.29768666 19890571.4062673
1048576 19901993.53509296 122473.5262415135 19654629.89106219 20063949.22069797
