16 0.0003492094874673057 1.92050052738566e-06 0.0003469841321930289 0.0003545632353052497
32 0.0003502359613776207 9.872528567364377e-07 0.0003487206995487213 0.0003518448211252689
64 0.0003533341296133585 1.081194344427373e-06 0.0003517852164804935 0.0003549501998350024
128 0.0003590398919186555 1.042450967667016e-06 0.0003574742004275322 0.0003603975055739284
256 0.000370511224900838 1.203106829947336e-06 0.0003688071155920625 0.0003722837427631021
512 0.0003937378132832237 1.145302034348626e-06 0.0003919018199667335 0.0003952250117436051
1024 0.0004398095916258171 1.170096190416404e-06 0.0004378944868221879 0.0004413032438606024
2048 0.0005326743703335524 8.728865318160541e-07 0.0005310156848281622 0.0005338252522051334
4096 0.0007180714746937156 1.215259999923032e-06 0.0007161640096455812 0.0007198292296379805
8192 0.001088259654352441 1.208207749542806e-06 0.00108602549880743 0.001090308651328087
16384 0.001828377833589911 1.093827004784003e-06 0.001826089806854725 0.001830382738262415
32768 0.00330889318138361 1.453568740846272e-06 0.003306613303720951 0.003311503678560257
65536 0.006269226199947298 1.886741083023215e-06 0.006267024204134941 0.006272507831454277
131072 0.01218905881978571 2.446565401198967e-06 0.01218459382653236 0.0121932365000248
262144 0.02402601996436715 2.209325542173502e-06 0.02402146905660629 0.02402956038713455
524288 0.04771847184747458 1.04267461103164e-05 0.047710120677948 0.04775375127792358
1048576 0.09513094276189804 1.58707612972481e-05 0.09510901570320129 0.09515610337257385


16 45819.06102048932 250.3954396413677 45125.94202336099 46111.6187039329
32 91367.65453448269 257.4959482805743 90949.18577359674 91763.98201027678
64 181133.2571431599 554.2098248173013 180306.9839931072 181929.1914546636
128 356509.163946521 1035.194866325886 355163.3904795253 358067.7985905402
256 690944.0593210033 2242.87137850003 687647.5402873079 694129.7745544628
512 1300368.024065822 3783.35648844733 1295464.570274086 1306449.661406168
1024 2328295.73492565 6195.614645313949 2320399.893374585 2338462.873627836
2048 3844760.087911457 6304.192872317799 3836461.447899084 3856759.900910906
4096 5704182.860533703 9653.767727724844 5690238.505679989 5719360.292940508
8192 7527623.977992279 8359.173510656545 7513468.768702753 7543100.975985991
16384 8960951.72312155 5361.897764666021 8951133.365447575 8972176.471550412
32768 9903011.107134147 4349.800294758159 9895202.657376043 9909837.344187172
65536 10453603.59858421 3145.661124510562 10448133.62708955 10457275.71257181
131072 10753250.6724814 2158.465875093761 10749565.95812223 10757190.74973072
262144 10910837.60301965 1003.319349045537 10909229.95579861 10912904.59306468
524288 10987108.41223271 2399.396401817581 10978990.88489781 10989031.10178738
1048576 11022449.65639873 1838.770569316875 11019534.87832945 11024990.55685954
