16 0.0004017359715362545 1.876206754277304e-06 0.0003978788736276329 0.0004037504550069571
32 0.0004043402514071204 1.999622436976465e-06 0.0004002646310254931 0.000406089355237782
64 0.00041040239011636 1.916310671143395e-06 0.0004059062339365482 0.0004121406236663461
128 0.000421011442085728 9.96703465575657e-07 0.000419203657656908 0.0004228295292705297
256 0.0004407538144732825 8.266054701498963e-07 0.0004392876289784908 0.0004422855563461781
512 0.0004777180147357285 9.192099171578258e-07 0.0004768222570419312 0.000479424255900085
1024 0.0005510041228262708 1.037045166301228e-06 0.0005496465601027012 0.0005526249296963215
2048 0.0006969717214815319 1.254980269279754e-06 0.0006951512768864632 0.0006999403703957796
4096 0.000988554471405223 1.878983558602031e-06 0.0009861895814538002 0.0009938240982592106
8192 0.001570304331835359 3.805108818996064e-06 0.001566013786941767 0.001581283286213875
16384 0.002736252557951957 1.107744652417541e-05 0.002729241736233234 0.002776800654828548
32768 0.005064346012659371 1.821955679212235e-05 0.005045484751462936 0.005126336589455605
65536 0.009719511726871133 2.984594865363859e-05 0.009667139500379562 0.009807810187339783
131072 0.01902404613792896 7.680696847840547e-05 0.01894515752792358 0.01926121860742569
262144 0.03770755417644978 0.00015977747206202 0.03740750253200531 0.03816306591033936
524288 0.07489136606454849 0.0002467891100821544 0.07446750998497009 0.0753600001335144
1048576 0.1494235806167126 0.0004666509703908462 0.1482084989547729 0.1501142978668213


16 39827.97187872557 187.0321747281571 39628.43831277986 40213.24342788326
32 79143.09338208885 393.8230629814122 78800.39106482534 79947.10878654152
64 155947.7181466331 732.6701488501201 155286.8033989584 157671.8824426938
128 304031.3399217958 720.0936457243984 302722.4712068408 305340.8472517671
256 580825.0225611577 1089.419026739532 578811.5762017517 582761.6875879169
512 1071765.682935411 2058.945298384494 1067947.634478269 1073775.379480609
1024 1858431.463172829 3495.265336437994 1852974.675903073 1863015.389032301
2048 2938435.165074835 5282.825987765439 2925963.534353595 2946121.323653259
4096 4143437.673945161 7856.512790344369 4121453.693037413 4153359.634931293
8192 5216851.754095215 12588.87952610091 5180602.407816761 5231116.142341233
16384 5987842.187413926 23928.80762855557 5900315.520132869 6003132.585321076
32768 6470409.79359599 23069.30306688215 6392089.05388708 6494519.677321179
65536 6742784.918838906 20625.00187343632 6682021.648889152 6779254.607573093
131072 6889911.194366691 27615.27640681217 6804969.232292935 6918496.180715879
262144 6952145.23513826 29328.96329527791 6869049.793218486 7007792.080631779
524288 7000718.07876565 23082.13623807603 6957112.514213446 7040493.231287282
1048576 7017537.722387667 21974.88229362226 6985184.055753822 7075005.869400118
