16 1.029499145280277e-06 6.868780788336034e-09 1.02030558135624e-06 1.040725522427621e-06
32 1.462120308923232e-06 4.182515418517098e-09 1.454656817001521e-06 1.47098342129226e-06
64 2.313769653206066e-06 6.268622533097842e-09 2.298366303055133e-06 2.323047895380626e-06
128 4.053143313254015e-06 1.15290381064274e-08 4.021560086719944e-06 4.066756820186868e-06
256 7.485610141189092e-06 1.296582147116682e-08 7.461059170488227e-06 7.511756795253177e-06
512 1.434595454608001e-05 3.684877150084026e-08 1.428500518052545e-05 1.441808907998166e-05
1024 2.808008772126058e-05 6.334391985548135e-08 2.796576090347003e-05 2.818805081972187e-05
2048 5.559141343169927e-05 1.746472464217997e-07 5.535778410603598e-05 5.59879773902594e-05
4096 0.0001106667602108757 3.432430781681062e-07 0.0001102484027768469 0.000111428350791698
8192 0.0002221640589485929 5.98438298085968e-07 0.0002209597182059042 0.0002233361864796279
16384 0.0004442290336150734 1.434850963590271e-06 0.0004417524215227786 0.0004475619562072097
32768 0.0008866731413519346 2.008591877137991e-06 0.0008835975567080823 0.0008903818834369304
65536 0.001779348864346275 4.704059633986296e-06 0.001771429693235405 0.00178633022142094
131072 0.003557819506852411 9.354540380828167e-06 0.003541953205967729 0.003585218937132595
262144 0.00708628362087893 1.401901621155441e-05 0.00706459401135362 0.007109844103979412
524288 0.01419810647166742 3.68341722748908e-05 0.01413568714269786 0.01427620476351876
1048576 0.02845284159661787 0.00010443256222396 0.02830546687255264 0.0286488425990683


16 15542184.88397457 103434.0680025458 15373890.28634372 15681576.47313074
32 21886191.68141766 62570.0819920965 21754154.08277544 21998315.77179936
64 27660679.67161568 75076.83095197774 27550013.12166823 27845865.95919336
128 31580668.25670143 90149.64080442756 31474712.07637107 31828443.99681694
256 34199045.20503601 59200.37044400217 34079910.5958504 34311482.34457015
512 35689724.49312912 91628.01686023417 35510947.1969396 35841779.09140717
1024 36467296.62444766 82313.62197288469 36327449.76050472 36616203.77627347
2048 36840561.70788679 115414.7653564891 36579281.75766364 36995700.47957709
4096 37012349.97859886 114546.9365413204 36759047.14462645 37152465.67599431
8192 36873902.24017345 99443.36072321914 36680128.41594414 37074630.91696278
16384 36882236.16237188 119040.3205144477 36607222.24659915 37088647.85284527
32768 36956298.82939769 83681.16531822791 36802186.35347054 37084756.23459165
65536 36831692.17753223 97424.8429410082 36687505.59897557 36996105.60343642
131072 36840780.22067047 96526.40345921379 36558994.66625864 37005570.76224519
262144 36993292.35143865 73170.9907122633 36870569.33544813 37106732.47163308
524288 36926846.96611184 95705.39252322285 36724606.34213927 37089672.02707467
1048576 36853585.37960728 135101.2949207507 36600989.94833743 37044999.28304618
