16 2.103485759991086e-06 4.521608953084345e-09 2.096507603521758e-06 2.111839026763818e-06
32 2.658627484358744e-06 2.960196401093226e-09 2.65325136572514e-06 2.66576042395883e-06
64 3.71972602761228e-06 3.838060264943984e-09 3.712798629429415e-06 3.724895405010642e-06
128 5.876687539485559e-06 1.11039995776127e-08 5.856659494263283e-06 5.895110743558973e-06
256 1.02139149987801e-05 2.981893954578775e-08 1.016548005949858e-05 1.027174537604481e-05
512 1.886538069384436e-05 5.023278072265765e-08 1.876696613578588e-05 1.895480430391672e-05
1024 3.608188760040321e-05 9.125738603508488e-08 3.59139440178069e-05 3.622003823977593e-05
2048 7.092328582736229e-05 2.375164735420153e-07 7.043639689641168e-05 7.131250060865568e-05
4096 0.0001396974900309544 4.420563820042869e-07 0.000138962642296292 0.0001406294212813464
8192 0.000277691984326367 6.229292806937702e-07 0.0002759697549663542 0.0002785981793067549
16384 0.0005587800314046376 1.965107301584454e-06 0.0005557362472927707 0.0005624092207199283
32768 0.001108585684036711 3.446901632669239e-06 0.001103632696640489 0.001114728689117328
65536 0.002225473580296011 6.516543677263371e-06 0.002214742173691775 0.002236023033219681
131072 0.004448477702112541 1.378651787517322e-05 0.004420694585860474 0.004466852427867707
262144 0.008901985452780536 7.769177426216028e-05 0.008779249426879687 0.009069079980690731
524288 0.01765542779958196 6.434814135954705e-05 0.0175352796795778 0.01777300080721034
1048576 0.03519558169045922 0.0002770868391268988 0.03470106151507935 0.0355746874192846


16 7606454.779162863 16351.02575224988 7576335.031803253 7631739.552541027
32 12036299.69281287 13394.9098241685 12004079.4785594 12060674.08967651
64 17205585.4218649 17762.87361240181 17181690.50167387 17237670.65972968
128 21781050.58193929 41167.40899472693 21712908.47077867 21855462.16668027
256 25064046.86788885 73125.59305624758 24922736.16877507 25183267.1454404
512 27139839.49847429 72284.78803058712 27011621.52827941 27281980.27829817
1024 28380060.23820364 71810.08827824832 28271643.2605935 28512602.22191912
2048 28876574.36727975 96724.30224047892 28718667.59011702 29075876.82277277
4096 29320773.24073801 92724.8849764699 29126195.37703601 29475547.76100639
8192 29500450.86898303 66337.02131889583 29404355.83744454 29684412.34076088
16384 29321359.01562427 103085.3737868675 29131812.55994911 29481611.24960533
32768 29558650.57372731 91867.35939720551 29395493.55812003 29691037.69736741
65536 29448350.95845956 86269.55133672795 29309179.30019433 29590803.29009919
131072 29464727.2398474 91461.70771433291 29343257.27491482 29649639.31668834
262144 29449909.37232448 256271.080578294 28905247.34131127 29859500.1979766
524288 29695940.20081704 108214.912333851 29499126.55083554 29899038.37180334
1048576 29794564.10971821 234888.2729099313 29475339.80106259 30217404.14322315
