16 1.226736989057287e-05 2.540764630724423e-08 1.224667404642332e-05 1.235499514073979e-05
32 1.274282069385624e-05 2.396603438739385e-08 1.270596307456628e-05 1.278224075917933e-05
64 1.36292043252384e-05 3.085012190056507e-08 1.357548591762736e-05 1.370643681219974e-05
128 1.534384556656221e-05 3.432756930262078e-08 1.530132948346363e-05 1.540313709824659e-05
256 1.887816392387442e-05 5.539753429122059e-08 1.874075613628179e-05 1.894503697030814e-05
512 2.582171503973107e-05 1.43339389338116e-07 2.5622255069635e-05 2.603594915484564e-05
1024 3.985099047820739e-05 3.281784561120018e-07 3.942486915775589e-05 4.020593198106326e-05
2048 6.760972491814954e-05 6.139129859808521e-07 6.703294603482846e-05 6.87188839378905e-05
4096 0.0001239367033587513 1.009538488772985e-06 0.0001226867617560856 0.0001257138850405681
8192 0.0002406011220053017 1.902947815621482e-06 0.0002373569415112797 0.0002429916717971992
16384 0.0004701174263210817 3.655691809347302e-06 0.0004628871970453474 0.0004747837356831042
32768 0.0009284742533566259 6.480968138352455e-06 0.0009166181006321494 0.0009378320462474221
65536 0.001846728171642553 1.718418350759571e-05 0.0018113298622211 0.001866218901113825
131072 0.003690057462620189 1.976739131241354e-05 0.003658105843896919 0.003719886425642471
262144 0.007403170733823572 4.983439158423004e-05 0.00730815589940903 0.007463820784323616
524288 0.01480762526250601 5.83887352190086e-05 0.01470406325097429 0.01488146752308239
1048576 0.02937212295159952 0.0002504813380822201 0.02886153149302118 0.02973037766423658


16 1304278.271326144 2686.637179437653 1295022.767531575 1306477.165910433
32 2511226.272673646 4722.887598903065 2503473.420888258 2518502.518243176
64 4695821.21703285 10609.34176053324 4669339.003046749 4714380.051538186
128 8342145.996736436 18639.81483542003 8309995.501797542 8365286.175840566
256 13560750.51982413 39881.61335726539 13512773.8415723 13660067.82962126
512 19828845.09810596 110044.2885032152 19665117.52480935 19982628.32871305
1024 25697359.44988649 212005.1792875299 25468878.58444116 25973453.35256623
2048 30293830.35682127 273723.9461688775 29802579.4751123 30552140.71802716
4096 33051180.82047202 268793.9524574889 32581922.02618042 33385835.12492803
8192 34050058.554571 270345.8184188255 33713089.58620213 34513420.79081643
16384 34852850.39851448 272043.1275366593 34508342.99626378 35395232.58491618
32768 35293923.88495815 246820.3178040126 34940158.13504738 35748803.1028423
65536 35490522.12281851 331916.8532990881 35116995.09681624 36181151.41084133
131072 35521269.8738177 190321.4907106848 35235484.36760733 35830565.21414678
262144 35411203.29978485 239386.808188954 35121957.98572566 35870061.28607603
524288 35407139.50093286 139815.0285134329 35230933.99134096 35655994.60851482
1048576 35702142.39130178 305412.5267411785 35269514.96688716 36331266.7677926
