16 0.0003561780344796261 1.518982497873692e-07 0.0003558617983969725 0.0003564638566899703
32 0.0003567132805528672 2.810084042236222e-07 0.0003564458068012755 0.0003576386176860069
64 0.0003575593909772579 1.292658041840856e-07 0.000357432102475741 0.0003578203534857494
128 0.0003620323113402435 1.793723415604065e-07 0.0003617992830982075 0.0003624599754630253
256 0.0003662910112360862 1.122580333243878e-07 0.0003661850043954473 0.0003665409722657387
512 0.0003737021417720143 1.149904558893608e-07 0.0003735307214469685 0.0003739403865665736
1024 0.000389342377960844 1.268300080661223e-07 0.0003891972408496258 0.0003896332779049771
2048 0.0004209960635819243 1.19252160420986e-07 0.0004208407648889079 0.0004212231419842283
4096 0.0004829972009403605 1.653583004041168e-07 0.0004827544140084683 0.000483363796604408
8192 0.0006113484258349899 9.534706531149983e-08 0.0006111670435302585 0.0006114716114780094
16384 0.0008668287495154914 1.322731080287258e-07 0.0008665292177738593 0.0008670361091844825
32768 0.001377399308310601 4.906321284791252e-07 0.001376607293650522 0.001378332037120344
65536 0.002399482596416647 1.650255804114367e-06 0.002396960515852697 0.002402866767170053
131072 0.004453415147281703 5.88379418958837e-06 0.004444749324648001 0.00446646927321126
262144 0.008588173686007394 1.663359653924009e-05 0.008567592252802569 0.008621498360298574
524288 0.01684956603799037 4.060701545400804e-05 0.01678809589066077 0.01693078175958362
1048576 0.0334088672038888 0.0001012606002930886 0.03325243690778734 0.03358893975382671


16 44921.36285633995 19.15891408219453 44885.33605783149 44961.27449497012
32 89707.95405934435 70.54291611982131 89475.79600616504 89775.21796978395
64 178991.2653782004 64.68431697653551 178860.7030777775 179054.9857069531
128 353559.683569809 175.0667938639266 353142.4396210536 353787.3234681215
256 698897.9108966846 214.1080108650923 698421.2390160915 699100.1732106504
512 1370075.223581907 421.5198016006018 1369202.200118193 1370703.855406149
1024 2630076.148401644 856.4686013877383 2628112.2739463 2631056.679036538
2048 4864653.927189954 1377.789252322834 4862031.061144031 4866448.71615663
4096 8480381.339726122 2902.752713934832 8473948.667182095 8484645.362410191
8192 13399887.59377481 2089.993173834654 13397187.77818455 13403864.1100163
16384 18901080.9422763 2884.411562713962 18896560.16219495 18907614.03532475
32768 23789763.57825803 8473.565156139242 23773662.01866711 23803447.90496132
65536 27312566.94755775 18779.56133362466 27274088.14146788 27341293.09455319
131072 29431842.7544734 38856.63745269476 29345774.47697588 29489177.10007868
262144 30523942.60855044 59042.2663192917 30405851.63330259 30597161.05353279
524288 31115985.4924602 74926.95873052689 30966555.91247157 31229747.75785393
1048576 31386428.76381469 95127.43868877577 31217895.16683206 31533809.17337927
