16 2.437377929709328e-06 2.710824534704315e-08 2.399658200147314e-06 2.479736309624059e-06
32 2.988159181427363e-06 6.99568978574774e-08 2.881835939660959e-06 3.09863281700018e-06
64 4.057006862012713e-06 5.696665804335563e-08 3.968749979321728e-06 4.147460913372925e-06
128 6.224121023024054e-06 5.088575079301691e-08 6.138671778899152e-06 6.291015552051249e-06
256 1.05859376162698e-05 6.566348254330473e-08 1.051562503562309e-05 1.068359370037797e-05
512 1.927148434788251e-05 1.08393817358468e-07 1.914843778649811e-05 1.942968719959026e-05
1024 3.663671873255225e-05 1.421665103839131e-07 3.648437450465281e-05 3.687499884108547e-05
2048 7.142578124330612e-05 2.36780723944295e-07 7.115624975995161e-05 7.16875001671724e-05
4096 0.0001409687502018642 4.33011348215282e-07 0.0001403749993187375 0.000141624994284939
8192 0.0002808281242323574 1.178181697186378e-06 0.0002795000036712736 0.0002826249983627349
16384 0.0005612499990093056 1.433038221711726e-06 0.0005587499763350934 0.0005625000048894435
32768 0.001121499997680075 3.03550128419598e-06 0.001115999999456108 0.001124000002164394
65536 0.002238375003798865 6.901086100762678e-06 0.002229999983683228 0.002244999981485307
131072 0.004473624998354353 1.572475124970484e-05 0.004460000025574118 0.004497000016272068
262144 0.008980312486528419 1.336557432917289e-05 0.008968499954789877 0.008996999997179955
524288 0.01789462500892114 9.549699759989926e-06 0.01788800000213087 0.01791750005213544
1048576 0.03578450001077726 2.673815902405466e-05 0.0357674999977462 0.03584950004005805
