16 1.250549316367255e-05 5.002252726688925e-08 1.244555664925429e-05 1.256738281085745e-05
32 1.858966064816059e-05 5.746856536687363e-08 1.849609378723471e-05 1.866748044676569e-05
64 3.077612304025479e-05 2.244350789436339e-07 3.038476563688164e-05 3.105468749708962e-05
128 5.485351559286755e-05 4.291582212000169e-07 5.438085941023019e-05 5.563476543102297e-05
256 0.0001040126953171239 8.934662708259218e-07 0.0001030234375321015 0.0001055781249306165
512 0.0002005947266070507 2.079120754404059e-06 0.0001967656253327732 0.0002026796873906278
1024 0.0003979531247750856 5.243272103271286e-06 0.0003908906255674083 0.0004057031237607589
2048 0.0007799140630595502 8.910169202482115e-06 0.0007629374995303806 0.0007917500006442424
4096 0.001557976563162811 1.920661144981251e-05 0.001537312498840038 0.001582062497618608
8192 0.003101562502706656 3.758389382759269e-05 0.003057250010897405 0.003168374998494983
16384 0.006194062498252606 5.34003992840651e-05 0.006110999995144084 0.006262749986490235
32768 0.01227256251149811 0.0002610656064145346 0.01191549998475239 0.01255200000014156
65536 0.02453437500662403 0.0002144895563439755 0.02422500000102445 0.02480400004424155
131072 0.04930843751208158 0.0003641566024745985 0.04883300000801682 0.04996800003573298
262144 0.0991136874872609 0.0003868286832118921 0.09862349997274578 0.09962400002405047
524288 0.1991554374981206 0.001805108731680763 0.1951509999926202 0.2006210000254214
1048576 0.3981289375005872 0.003053944262039558 0.3940394999808632 0.4036665000021458
