16 5.052491513890534e-06 6.966625444961063e-09 5.039756501901138e-06 5.065186152286572e-06
32 8.428533927240522e-06 2.137252262177604e-09 8.425094737418704e-06 8.432036780803287e-06
64 1.326537968870944e-05 3.060432235312209e-09 1.326068018236981e-05 1.327526931227396e-05
128 2.277879349721346e-05 2.822240636197709e-09 2.27728846518005e-05 2.278344695838541e-05
256 4.180647230311862e-05 6.479376559254198e-09 4.179736916398724e-05 4.18174454068776e-05
512 7.988000067804535e-05 1.763277843399388e-08 7.984325615950638e-05 7.990965671922368e-05
1024 0.0001559837970024347 6.888472999488567e-08 0.0001558733052604566 0.0001560673781284549
2048 0.0003080288995604974 2.229458129410211e-07 0.0003076806847843727 0.0003083739811131636
4096 0.000611870521339597 3.36486806089785e-07 0.0006110429592354194 0.0006124540807377343
8192 0.001219744727649186 1.201108229198943e-06 0.001218119293753261 0.001223070152718719
16384 0.002447087039854523 2.629701179835178e-06 0.002444101487526495 0.002455215254030918
32768 0.004894570750650473 6.293477213775113e-06 0.004886195638391655 0.004909406361548463
65536 0.00986067100177479 1.788123922367879e-05 0.009836360655754106 0.009888110031170072
131072 0.01981379717449272 4.764230012044995e-05 0.0197572208744532 0.01995093857840402
262144 0.03958568384905448 7.307952359833327e-05 0.03946343051939039 0.03971569111308781
524288 0.07913319254748785 0.0001537083517245727 0.07884200784610584 0.0793731279700296
1048576 0.1583542214775662 0.000234378342332392 0.1578807249898091 0.1586770210415125


16 3166760.095934787 4365.388335857699 3158817.764827288 3174756.556981344
32 3796627.290730691 962.7369293456424 3795049.859466041 3798176.874840012
64 4824588.869223274 1112.581270555012 4820994.474351439 4826298.434154875
128 5619261.698728766 696.2386637654986 5618113.897945096 5620719.639041421
256 6123453.897485831 949.0073916941803 6121846.935152486 6124787.399790954
512 6409614.660047801 1414.978578068629 6407235.633598078 6412564.124102794
1024 6564785.618306716 2899.537123267586 6561268.679462101 6569437.905284336
2048 6648730.066245492 4812.07787294964 6641286.637112384 6656251.436242315
4096 6694228.629767817 3682.483366475751 6687848.328263476 6703293.014169098
8192 6716165.483542399 6605.968536637243 6697898.711525494 6725121.293136127
16384 6695314.648388444 7181.081322859966 6673141.987490145 6703485.957361411
32768 6694775.174175635 8601.45781981594 6674534.0651868 6706239.869426503
65536 6646221.328948436 12045.69181465921 6627757.963191379 6662626.787851921
131072 6615224.071275092 15851.82189011497 6569715.980273702 6634131.431383695
262144 6622213.182548675 12223.06509084686 6600514.624145963 6642706.844028559
524288 6625410.116148012 12868.91776203904 6605358.934549805 6649856.013603484
1048576 6621725.300653159 9806.710919224757 6608241.023920379 6641570.717816779
