16 0.0007319902004088163 4.456137587243799e-06 0.0007225890937831991 0.0007389253080418712
32 0.0007324329787614658 6.655768571200125e-06 0.000722623038996062 0.0007456181731981815
64 0.0007332393123249403 7.540602867890275e-06 0.0007255205147203014 0.0007513985506193421
128 0.000735249461023102 1.092035872801142e-05 0.0007225975534765894 0.000757481505843316
256 0.0007409190068869975 1.037337244264392e-05 0.0007305956555683224 0.000764066382657802
512 0.0007505579169233556 6.537413624992815e-06 0.0007362588531805159 0.000763486372989064
1024 0.0007719263844947477 1.02253683957891e-05 0.0007574276935429225 0.0007935047691489672
2048 0.0008105634080664004 1.108664110124313e-05 0.000797663176513197 0.0008439735656793346
4096 0.0008897718371017049 6.633407295859797e-06 0.0008783710496800268 0.0009012567281843076
8192 0.00105549065048649 9.614520999942115e-06 0.001036464975186391 0.001075699357443227
16384 0.001374507780326439 1.01775498729533e-05 0.001358044799644631 0.001396794899847009
32768 0.002010674717411121 5.813753890904265e-06 0.002003066858833336 0.002020652556893765
65536 0.003313690209864717 2.996082988331793e-05 0.00329219906234357 0.00339409331945717
131072 0.005879956235787631 1.75396605116008e-05 0.0058623521199479 0.005937992749750265
262144 0.0110581474701803 0.0001364741087593728 0.0109954671934247 0.01156787557738426
524288 0.02132922282430627 3.421549124804944e-05 0.02128465392161161 0.02143934394189273
1048576 0.04195912306977334 0.0001454895678047603 0.04183144232956693 0.04249006869940786


16 21858.97755601178 133.4191796190844 21653.0680785579 22142.59824519374
32 43693.37449435313 395.6122125007302 42917.40886993451 44283.11619355163
64 87292.47690686291 887.7897138706902 85174.50552339746 88212.52976516166
128 174126.0780079246 2550.071696214062 168981.0233155404 177138.7121145947
256 345579.2432759411 4754.077242148991 335049.4221581965 350399.017635631
512 682207.8291349488 5953.819600991033 670607.9088163815 695407.5971898268
1024 1326767.725089535 17423.83719204164 1290477.436069148 1351944.230095636
2048 2527071.111628448 33812.68579991304 2426616.286674235 2567499.742124697
4096 4603666.889432747 34275.24055350042 4544764.961979141 4663177.368484642
8192 7761923.147611542 70710.9680479034 7615510.731056985 7903788.546763779
16384 11920515.41681496 88165.10741037314 11729710.64097853 12064403.18043066
32768 16297144.57513071 47072.53749525385 16216543.45681892 16358914.75888397
65536 19778836.75190442 175796.2851236672 19308838.57090925 19906451.20752444
131072 22291507.08027377 66048.96645688386 22073452.34726205 22358261.20952367
262144 23709207.10127914 280659.9003328044 22661377.90351963 23841097.00738886
524288 24580795.33238845 39306.87060266708 24454479.64363943 24632206.93796005
1048576 24990696.03355081 85709.9148312375 24678143.20136915 25066694.84974595
