16 7.96413289094744e-07 5.406241259447674e-09 7.878006726969033e-07 8.064605481195031e-07
32 1.193927602116673e-06 1.163897370726763e-08 1.174291810457362e-06 1.209369656862691e-06
64 1.865007362766846e-06 1.054397226444231e-08 1.849860836955486e-06 1.883392542367801e-06
128 3.244100867050292e-06 9.376434275235202e-09 3.227409251849167e-06 3.264523002144415e-06
256 6.004412398397108e-06 1.129636330060747e-08 5.982994480291381e-06 6.030395525158383e-06
512 1.152736899712181e-05 2.52408385985032e-08 1.145939677371643e-05 1.155662539531477e-05
1024 2.259596612930181e-05 4.794692839651957e-08 2.246676740469411e-05 2.262960333609954e-05
2048 4.469594477995997e-05 1.427966400451658e-07 4.43321478087455e-05 4.478612390812486e-05
4096 8.903449270292185e-05 2.260096459069941e-07 8.83301836438477e-05 8.95295524969697e-05
8192 0.0001791320100892335 3.06222612756317e-07 0.0001786103239282966 0.0001800063182599843
16384 0.0003677989661809988 1.23082681087752e-07 0.0003675458719953895 0.0003679565852507949
32768 0.0007386544311884791 2.17903675121039e-07 0.0007383339107036591 0.0007390712853521109
65536 0.001480430742958561 1.9787373807536e-07 0.001480124890804291 0.001480816397815943
131072 0.002963726001325995 3.424002463655146e-07 0.002963129431009293 0.002964773215353489
262144 0.005936481640674174 4.438159621039579e-06 0.005932522937655449 0.005952851846814156
524288 0.01187134860083461 5.44327640992213e-06 0.01185700297355652 0.01188670098781586
1048576 0.02376645524054766 6.288516523848314e-06 0.02375871688127518 0.02378886938095093


16 20090937.71843534 136100.4237094913 19839780.18181875 20309705.93770463
32 26804690.89460206 262144.7367683942 26460065.22357556 27250466.80478567
64 34317245.75280606 193832.3396171363 33981232.56851129 34597197.10880071
128 39456541.93193964 113976.5801907396 39209403.61453075 39660294.06610318
256 42635454.04064438 80153.79876395276 42451610.16918147 42787938.52197109
512 44416233.16784105 97585.55299865748 44303590.57996053 44679489.68957391
1024 45318015.39554749 96571.86696562931 45250461.74214108 45578430.64623751
2048 45821152.85929533 147289.9869548722 45728449.37868049 46196724.07561509
4096 46004921.26923935 117174.7468307569 45750256.59978181 46371464.78167988
8192 45731761.69724753 78018.50827098159 45509513.66144961 45865209.91523812
16384 44546078.7735757 14908.90355395654 44526992.19619308 44576748.77710373
32768 44361749.26958662 13085.91692769402 44336724.54800968 44381003.66915412
65536 44268197.89397357 5916.833841383599 44256668.21130499 44277344.70730247
131072 44225411.38458449 5108.506381991086 44209789.57892141 44234314.78501249
262144 44158165.20455708 32932.0249336275 44036708.24435083 44187608.33373197
524288 44164156.99297027 20247.72820168929 44107107.64386244 44217581.89394629
1048576 44120002.67429534 11665.11250067903 44078429.4204269 44134369.9341949
