16 3.166122894526779e-06 3.540625088672071e-09 3.160621417919174e-06 3.171520802425221e-06
32 4.474069669413439e-06 5.702231903705276e-09 4.460160198505037e-06 4.483512384467758e-06
64 7.126668947421422e-06 7.051833030591567e-09 7.116339475032873e-06 7.141014066291973e-06
128 1.235192371495941e-05 2.380593950011423e-08 1.231880014529452e-05 1.239041012013331e-05
256 2.280694934597705e-05 5.75080983524442e-08 2.269204560434446e-05 2.287576353410259e-05
512 4.375664775579935e-05 9.890207780315465e-08 4.353375697974116e-05 4.394720599520952e-05
1024 8.547541619918775e-05 2.79625247813497e-07 8.511389023624361e-05 8.602268644608557e-05
2048 0.0001700212087598629 1.880923954023728e-07 0.0001697309780865908 0.0001703293528407812
4096 0.0003378132605575956 5.198161140643751e-07 0.0003372617065906525 0.0003396059619262815
8192 0.0006745900027453899 8.528910238760676e-07 0.0006728514563292265 0.0006764363497495651
16384 0.001345188677078113 2.205457224429639e-06 0.001341505907475948 0.001351004000753164
32768 0.002708678890485317 3.364738109091909e-06 0.002702566795051098 0.002714019268751144
65536 0.005388418328948319 7.286391039519911e-06 0.005379803478717804 0.005401797592639923
131072 0.01075083459727466 1.482565802602598e-05 0.01071431115269661 0.01077417284250259
262144 0.02149948757141829 3.698211950644192e-05 0.02144865691661835 0.02160616219043732
524288 0.04294474981725216 0.0001139194109008651 0.04273487627506256 0.04316392540931702
1048576 0.08595722541213036 0.0002684518709007763 0.08541837334632874 0.08638536930084229


16 5053505.278166622 5651.378497265569 5044898.330089781 5062295.632525884
32 7152335.81984965 9120.571289334046 7137261.427192143 7174630.187212964
64 8980360.838006252 8882.174425010844 8962312.551952792 8993387.713520279
128 10362794.37597036 19966.17294715089 10330570.07467504 10390622.34067438
256 11224715.95278038 28344.51970473669 11190883.29525534 11281486.22929737
512 11701135.28951261 26479.73448616487 11650342.45990088 11760988.15083348
1024 11980172.68901812 39087.65832909479 11903836.5610889 12030938.74757419
2048 12045569.86588206 13319.9777411057 12023764.34738415 12066153.29203596
4096 12125068.88933148 18583.00128979706 12061036.787361 12144871.23784697
8192 12143690.60127158 15353.04748386369 12110525.99854058 12175049.81662944
16384 12179734.70842809 19935.8605623482 12127277.18856951 12213140.40340426
32768 12097427.8344232 15027.79580896928 12073606.2478577 12124769.70412139
65536 12162402.44384504 16432.83182079784 12132257.61907376 12181857.61975445
131072 12191819.40292868 16824.25359576199 12165388.64894941 12233357.62159674
262144 12193068.53726391 20924.76027006103 12132834.96113079 12221930.77259265
524288 12208511.14792924 32368.18741173949 12146439.30152913 12268386.98737364
1048576 12198923.26828964 38133.58633230079 12138351.76589071 12275766.42964798
