16 2.229204653758643e-06 2.793064411879199e-08 2.175838744733483e-06 2.265132934553549e-06
32 2.684936816876871e-06 2.646022376034879e-08 2.631008101161569e-06 2.725414560700301e-06
64 3.583208979307528e-06 2.161408193421226e-08 3.557785021257587e-06 3.637225745478645e-06
128 5.412311224972655e-06 3.828124413931234e-08 5.363426680560224e-06 5.470359610626474e-06
256 9.091502988667344e-06 6.767424754526901e-08 8.942213753471151e-06 9.198072802973911e-06
512 1.640618256715243e-05 1.423243308468965e-07 1.623406569706276e-05 1.670309575274587e-05
1024 3.110050784016494e-05 3.793140519893923e-07 3.063587064389139e-05 3.200263017788529e-05
2048 6.055254743841942e-05 6.513229347963932e-07 5.977337423246354e-05 6.191444117575884e-05
4096 0.0001198694408230949 7.524297547391459e-07 0.0001185742148663849 0.0001211643102578819
8192 0.0002405436935077887 1.913730359226251e-06 0.0002380568766966462 0.0002433796180412173
16384 0.0004789979138877243 2.74560634783846e-06 0.0004750015214085579 0.0004853446735069156
32768 0.0009586964006302878 8.453774026171713e-06 0.0009471133816987276 0.0009788661263883114
65536 0.001919227855978534 1.160216192220223e-05 0.001899951137602329 0.001936702989041805
131072 0.003861872653942555 6.561830101238881e-05 0.003780117258429527 0.003970027901232243
262144 0.007634282810613513 3.595677093478441e-05 0.007574772462248802 0.007705023512244225
524288 0.01532931416295469 9.898237705410628e-05 0.01516331359744072 0.01556061208248138
1048576 0.03103446634486318 0.0002053074332838812 0.03072897344827652 0.03160574287176132


16 7178514.129840243 90787.1737587211 7063603.091866021 7353486.115975857
32 11919433.81494273 117986.5663889393 11741333.02926859 12162638.33846511
64 17861689.61813615 106926.0828356714 17595828.38089085 17988720.40261095
128 23650893.80799726 167130.924817931 23398827.33693649 23865339.7582439
256 28159629.33696416 210494.6230813253 27831917.12912191 28628257.72875615
512 31209941.0957047 269753.1528881306 30653000.35269396 31538618.20903167
1024 32930054.44807704 397712.3776781899 31997370.03827931 33424870.20861538
2048 33825499.09846304 360535.5219161421 33077904.94605719 34262747.02236418
4096 34171772.80115835 214488.6072746907 33805334.18860898 34543766.57366502
8192 34058203.42262547 270913.9383713151 33659351.04151841 34411944.37932156
16384 34205792.6199106 195539.8928640148 33757452.99029545 34492521.10059624
32768 34182217.9670204 298968.1609513104 33475466.27331253 34597758.44495812
65536 34148236.0199739 206475.0268918365 33838952.26620387 34493518.65053967
131072 33949170.19480432 575043.3416176608 33015385.09573624 34674056.65993934
262144 34338451.16427105 161602.6497807417 34022478.91695867 34607508.18674421
524288 34202992.39108973 220013.5478316746 33693276.1526945 34576083.69245162
1048576 33788843.26237538 221957.4613181856 33176755.3844421 34123365.74682455
