16 7.161063331295736e-05 9.971715173545303e-09 7.158363587222993e-05 7.162487599998713e-05
32 7.187915616668761e-05 3.015359094536928e-08 7.185706635937095e-05 7.198585080914199e-05
64 7.240705781441648e-05 9.117872702409693e-09 7.238952093757689e-05 7.241955609060824e-05
128 7.348404869844671e-05 2.355778622773011e-08 7.34608038328588e-05 7.356115384027362e-05
256 7.567029388155788e-05 9.859955108461736e-09 7.565086707472801e-05 7.568567525595427e-05
512 7.995838132046629e-05 1.072163661849931e-08 7.993640610948205e-05 7.998154615052044e-05
1024 8.853412145981565e-05 1.213412885973472e-08 8.851574966683984e-05 8.855067426338792e-05
2048 0.0001056928285834147 1.090341241450414e-08 0.0001056783366948366 0.0001057128829415888
4096 0.0001403940041200258 3.743399720059747e-08 0.0001403049100190401 0.0001404524082317948
8192 0.0002110259556502569 2.160735192493634e-08 0.0002109916531480849 0.0002110739587806165
16384 0.0003520084210322239 3.866836672132429e-08 0.0003519629826769233 0.0003520909231156111
32768 0.0006332350458251312 5.458270731257031e-07 0.0006330546457320452 0.0006352791097015142
65536 0.001195534685393795 4.041668820754904e-08 0.001195453107357025 0.001195603515952826
131072 0.002319977444130927 4.748371535477835e-08 0.002319925464689732 0.002320101484656334
262144 0.004571193014271557 9.706262459757278e-08 0.004570977762341499 0.004571327939629555
524288 0.009077045600861311 4.831207467226994e-07 0.009076297283172607 0.009078063070774078
1048576 0.01811717730015516 1.0511811674317e-06 0.01811496913433075 0.01811899989843369


16 223430.5095581751 31.11710227893025 223386.0760890236 223514.7712887691
32 445191.721490817 186.5349721026 444531.8022960158 445328.5058975532
64 883891.7487229117 111.3084832845851 883739.1922138538 884105.8646484017
128 1741874.795839267 558.0173825601557 1740048.834442316 1742425.80153671
256 3383097.791000849 440.849451978241 3382410.200269175 3383966.501628103
512 6403331.335315715 858.6216126345721 6401476.648581497 6405091.558641721
1024 11566162.30159259 1585.227002128599 11564000.03182564 11568562.70047064
2048 19376906.152305 1998.883435535256 19373230.04549611 19379563.15412054
4096 29175037.05881807 7780.097144010104 29162903.30344632 29193561.36178093
8192 38819869.5997944 3974.695190976392 38811040.67657395 38826180.4567711
16384 46544341.57368864 5112.565162998349 46533434.75889669 46550349.91290358
32768 51747013.95987361 44470.63084948331 51580477.77676184 51761724.23805228
65536 54817313.85202888 1853.182119216171 54814157.97591702 54821054.54131168
131072 56497101.03133126 1156.319370419037 56494080.48174889 56498366.86349303
262144 57346955.00548216 1217.692274282494 57345262.3530753 57349655.50690315
524288 57759762.86189777 3074.194630901529 57753288.99045581 57764524.85442784
1048576 57877448.8948893 3358.131108550234 57871626.7938522 57884503.81694449
