16 1.143140428400136e-06 1.479931230237684e-09 1.139715218867465e-06 1.146018823394712e-06
32 1.754268120379709e-06 7.178568482986255e-10 1.753152873762431e-06 1.755386199731035e-06
64 2.899692124885833e-06 1.710888508437721e-09 2.897247303845774e-06 2.904873075859626e-06
128 5.218052984423682e-06 5.561644392270011e-10 5.217247351474441e-06 5.218902288994798e-06
256 9.864288075922545e-06 2.729791161025498e-09 9.862547676320332e-06 9.873869723620032e-06
512 1.915878237745972e-05 2.429484510294732e-09 1.915625061954529e-05 1.916665689449815e-05
1024 3.777123788761827e-05 1.359981767980466e-09 3.776854753567704e-05 3.777355873069155e-05
2048 7.491215715482724e-05 4.161455649818247e-09 7.490954071442957e-05 7.492650127005618e-05
4096 0.0001491853651618413 4.912853880840707e-09 0.0001491794479022701 0.0001491997285540947
8192 0.0002977560033343707 8.711883419512575e-09 0.0002977401869657115 0.0002977797979042407
16384 0.0005993699544077913 5.051998919347513e-08 0.0005993204259766571 0.0005994649280864905
32768 0.001204088431762784 3.279410657435567e-07 0.001203949380396807 0.001205312717956986
65536 0.002408028829307796 5.649992166417868e-08 0.002407941367437161 0.002408125178135379
131072 0.004815857950688951 1.205248680009318e-07 0.004815734323528886 0.00481621085327788
262144 0.00963317008802278 1.339890847526725e-07 0.009632907507693744 0.009633374134864425
524288 0.01927093198492003 6.219109315552523e-07 0.01927002820957568 0.01927196804535924
1048576 0.0385761674619971 1.883484095768201e-06 0.03857306590361986 0.03857931627135258


16 13996552.61780354 18131.06539286279 13961376.26483756 14038594.6727106
32 18241228.15229981 7465.410702268903 18229606.68421748 18252829.21923687
64 22071315.88827637 13009.76146030791 22031943.67831743 22089933.40507975
128 24530222.6223757 2614.602978844031 24526230.4047953 24534010.25041031
256 25952204.1930356 7176.234023007539 25927018.19709075 25956782.00011626
512 26724036.92621022 3387.916194994156 26713057.09797369 26727568.4667438
1024 27110575.62612324 976.1437232519235 27108909.89384025 27112506.75003337
2048 27338686.85280704 1518.466180306569 27333452.98772769 27339641.65936343
4096 27455776.2399861 904.1061940034186 27453133.05657209 27456865.25588536
8192 27512459.58045385 804.9518911570668 27510261.13139604 27513921.05810497
16384 27335371.06528193 2303.892563348934 27331040.11989192 27337629.90523894
32768 27213949.91615153 7404.939804696262 27186305.68798943 27217091.12820014
65536 27215621.02421453 638.5651304849098 27214532.11611898 27216609.54301051
131072 27216749.62572553 681.1170361941605 27214755.3321494 27217448.30473802
262144 27212641.07788128 378.5059954837512 27212064.6753734 27213382.85358052
524288 27206156.96854614 878.0004399575698 27204694.3397797 27207432.92630315
1048576 27181964.18491957 1327.165931282122 27179745.55652324 27184149.75413186
