16 7.578030395549717e-05 8.200085998033464e-09 7.576611329795924e-05 7.579418945624639e-05
32 7.605987550363125e-05 8.489196052326946e-09 7.604492185464551e-05 7.6070312502452e-05
64 7.665551756019795e-05 9.392302875482517e-09 7.663964834137005e-05 7.66699218957001e-05
128 7.79958496650579e-05 3.845898357415048e-07 7.784960939716257e-05 7.894726559243281e-05
256 8.019287099614303e-05 1.991116425372553e-08 8.017578147700988e-05 8.02343747636769e-05
512 8.489257800192718e-05 2.035128894622566e-08 8.487499962939182e-05 8.493750010529766e-05
1024 9.438476581635769e-05 5.075944915999435e-08 9.431250146008097e-05 9.445312571187969e-05
2048 0.0001132148436226998 4.555465855148316e-08 0.0001131249991885852 0.0001132500001403969
4096 0.0001517265618531383 1.154245839992562e-07 0.0001515000039944425 0.0001518749995739199
8192 0.000228843751756358 3.043552055317825e-07 0.0002285000082338229 0.0002292499993927777
16384 0.0003821874961431604 4.771554897773443e-07 0.000381499994546175 0.0003827500040642917
32768 0.0006895000115036964 9.63631449168841e-07 0.0006885000038892031 0.0006910000229254365
65536 0.00130412500584498 2.5877478785092e-06 0.001301500014960766 0.001309000013861805
131072 0.002532562502892688 6.079464404476177e-06 0.002529499994125217 0.002547500014770776
262144 0.004987812499166466 1.387124961036419e-06 0.004986000014469028 0.004990000044927001
524288 0.009904562495648861 2.908570418183912e-06 0.00990149995777756 0.009910499968100339
1048576 0.01977331249509007 5.297808443188815e-06 0.01976950000971556 0.01978499995311722
