16 1.291870120212479e-06 1.973164219368616e-08 1.249999996844053e-06 1.319091808227313e-06
32 1.6791381867165e-06 1.679215701977206e-08 1.6577148471697e-06 1.700683583294449e-06
64 2.498657195815213e-06 1.478210179836491e-08 2.477539055689704e-06 2.521484361750481e-06
128 4.03662116355008e-06 1.727320398213692e-08 4.013671969005372e-06 4.06640629080357e-06
256 7.079101521867415e-06 6.568843482622386e-08 7.039062438707333e-06 7.238281341415131e-06
512 1.314843746058614e-05 5.249109332134909e-08 1.309374965785537e-05 1.325781249761349e-05
1024 2.532421899559267e-05 7.07453476829652e-08 2.52187510341173e-05 2.540625064284541e-05
2048 4.967968652636046e-05 1.537757371739965e-07 4.949999856762588e-05 4.987500142306089e-05
4096 9.889843659038888e-05 2.057694551960117e-07 9.856249380391091e-05 9.912499808706343e-05
8192 0.000196796872842242 3.949276333009971e-07 0.0001962499954970554 0.0001972499885596335
16384 0.000392156249290565 9.537239953008455e-07 0.0003912500105798244 0.0003937500005122274
32768 0.0007848750028642826 3.805549018862487e-06 0.0007805000059306622 0.0007930000429041684
65536 0.001568124986079056 4.541466855233896e-06 0.00156299996888265 0.001576000009663403
131072 0.003137500003504101 1.253559303134422e-06 0.003135000006295741 0.003138999978546053
262144 0.006300937486230396 7.432333254761245e-05 0.006265000032726675 0.006483999954070896
524288 0.01258900000539143 7.018597931482665e-05 0.01254500000504777 0.01276000001234934
1048576 0.02514587500627385 4.013525909695962e-05 0.02506600000197068 0.02519700000993907
