16 4.476501462846727e-06 2.561424771174094e-08 4.444335928610599e-06 4.531249999217835e-06
32 6.873474127644386e-06 2.266989398944328e-08 6.831542975760385e-06 6.89843750478758e-06
64 1.14794921870498e-05 2.462798217229429e-08 1.145312501193985e-05 1.153027346845192e-05
128 2.066699215674817e-05 3.226250203056165e-08 2.062695307358808e-05 2.07167968255817e-05
256 3.901904295844361e-05 4.381952385862391e-08 3.897265651175985e-05 3.91054686588177e-05
512 7.579394525691896e-05 5.363110425144931e-08 7.571093738079071e-05 7.585937510157237e-05
1024 0.0001492519531893777 1.378541235742724e-07 0.0001491562488808995 0.0001495781252742745
2048 0.0002962929688692384 2.385423774337114e-07 0.0002959375015052501 0.0002965937528642826
4096 0.0005914218763791723 8.330168062448438e-07 0.0005904999998165295 0.0005929374965489842
8192 0.001180031247713487 1.172130943702931e-06 0.001178124992293306 0.001181750005343929
16384 0.002357031247811392 2.626911501133672e-06 0.002352749987039715 0.002359499980229884
32768 0.004717750001873355 1.071382919658309e-05 0.004702500009443611 0.004737500043120235
65536 0.00941981249343371 1.302452070882809e-05 0.009400999988429248 0.009435499960090965
131072 0.01885306250915164 1.42338623722126e-05 0.01882850000401959 0.01887000002898276
262144 0.03769999998621643 1.942015012984499e-05 0.03766400000313297 0.03772149997530505
524288 0.07541550000314601 6.489329844304677e-05 0.07530150003731251 0.07548399997176602
1048576 0.1508718750046683 0.0001042396759567353 0.1507815000368282 0.1511124999960884
