16 2.264434819210237e-06 1.614254709992286e-08 2.237060556353754e-06 2.280761719930524e-06
32 3.284973125516899e-06 4.338051215728099e-08 3.22021480769763e-06 3.359375000400178e-06
64 5.481567384890695e-06 2.317940678733382e-07 5.265625077299774e-06 6.001953124723514e-06
128 9.270752002521476e-06 2.285000152325492e-07 9.033203241415322e-06 9.726562666401151e-06
256 1.71088868228253e-05 4.186094665873609e-07 1.657031225477112e-05 1.79218750417931e-05
512 3.30146483520366e-05 9.327019501374392e-07 3.173437562509207e-05 3.44062500516884e-05
1024 6.426171876228182e-05 1.76756478989349e-06 6.142187521618325e-05 6.668750029348303e-05
2048 0.0001257851554328226 3.562516717112745e-06 0.00012131249968661 0.0001316874986514449
4096 0.0002495859362170449 6.948464607003874e-06 0.0002404999977443367 0.0002610624942462891
8192 0.0004927656209474662 1.188137923835032e-05 0.000479374997667037 0.0005077499954495579
16384 0.0009852187540673185 2.148397320332849e-05 0.000958500022534281 0.001013000000966713
32768 0.001982437504921108 3.114990497920766e-05 0.001929000020027161 0.00202100002206862
65536 0.003929125021386426 8.47238163302078e-05 0.00383150001289323 0.004032500030007213
131072 0.007896750008512754 0.0001463047220876834 0.007670500024687499 0.008088000002317131
262144 0.01589487499586539 0.0004850615452625201 0.01532349997432902 0.01676200004294515
524288 0.03164681250200374 0.0004875836863383908 0.03093050001189113 0.03237349999835715
1048576 0.06373493749561021 0.001195924252837717 0.0629225000157021 0.06659800000488758
