16 7.107629424185635e-06 9.432015617716485e-09 7.094482377567601e-06 7.128220337548896e-06
32 7.709213887596711e-06 2.160188676193052e-08 7.686140735430058e-06 7.781617485491665e-06
64 8.812590396201081e-06 1.624019468799718e-08 8.774354615326274e-06 8.838441024394683e-06
128 1.105612036156334e-05 1.759893057662395e-08 1.103259458012928e-05 1.109793152487271e-05
256 1.5551240219569e-05 8.813520277754575e-08 1.539953352391876e-05 1.581552199070302e-05
512 2.449725357656085e-05 1.540758234893166e-07 2.425931088723132e-05 2.49249557668918e-05
1024 4.240090646412398e-05 1.760412551151316e-07 4.21448429932525e-05 4.280853507054871e-05
2048 7.822993390682598e-05 3.377225626055622e-07 7.751928706056788e-05 7.886095792741799e-05
4096 0.0001500996292307377 1.472037557552516e-06 0.0001480625030865212 0.0001545449491970885
8192 0.0002942218358192861 1.780588090101895e-06 0.0002905751906610021 0.0002989883166719665
16384 0.0005813480287741868 3.369888015239194e-06 0.000574520469399431 0.0005875917106550332
32768 0.001157334292557266 4.853965974139637e-06 0.00114274417614979 0.001162937647677609
65536 0.002310415328906856 5.160594435025178e-06 0.00229229688511623 0.002317449529073201
131072 0.004611932791817708 3.047741269222916e-05 0.004552938279630325 0.004688351318691275
262144 0.009201829893299873 5.049135204516603e-05 0.009105795401410433 0.009248251522876672
524288 0.01836580609869998 0.0001211059509127862 0.018201437422249 0.01866553380386904
1048576 0.03696036338760678 0.0002973766967575568 0.03648043688008329 0.03795244099455886


16 2251105.880736727 2985.000500232335 2244599.527278606 2255273.767483192
32 4150907.531836118 11554.16850183529 4112255.589491771 4163337.766181238
64 7262360.016746083 13407.91138414636 7241096.005885626 7293983.752173682
128 11577325.4545575 18406.6385892776 11533680.8226944 11601985.28735387
256 16462201.52452352 92595.36507734474 16186629.82799346 16623880.17158944
512 20901072.03642101 130586.2997218079 20541661.32884767 21105298.59566154
1024 24150816.75117428 100111.8839061596 23920463.48496724 24297160.15703144
2048 26179695.47151369 113219.7009737661 25969758.0884693 26419231.62167169
4096 27290968.33223967 263964.2215607088 26503616.07597051 27663992.66940987
8192 27843890.11503328 168025.3153829002 27399063.9205739 28192358.6847342
16384 28183664.13963379 163836.5540398573 27883306.89984633 28517695.83967451
32768 28313811.56448188 119782.613368064 28176919.08541944 28674834.3889217
65536 28365596.24932167 63742.46419677835 28279364.52458979 28589664.98865047
131072 28421347.48915612 187059.8566602299 27956949.27499332 28788442.08945489
262144 28489056.0451898 157335.5632129149 28345249.84009735 28788698.67418671
524288 28548123.5019084 187618.897834577 28088561.81178833 28804757.98901041
1048576 28371976.10174773 224371.8526526504 27628684.01930542 28743515.42024641
