16 1.959464544754042e-05 9.511905881760488e-09 1.958303903748515e-05 1.961190544363944e-05
32 1.999846299205466e-05 2.047004865836674e-08 1.997292799771344e-05 2.004052602799788e-05
64 2.085461031509084e-05 3.932674064706071e-08 2.079171798285984e-05 2.093545475290171e-05
128 2.244421360009241e-05 4.252934611892658e-08 2.237866157273061e-05 2.253161686027738e-05
256 2.572558255042878e-05 9.59542338194708e-08 2.557715070139466e-05 2.59035350644865e-05
512 3.214713726196194e-05 3.344082048821964e-07 3.180572755923095e-05 3.274938995900811e-05
1024 4.478541482288989e-05 4.158973684323454e-07 4.441332829685507e-05 4.586254276972568e-05
2048 7.027324745134678e-05 8.247093812241139e-07 6.953125489417289e-05 7.232555863367907e-05
4096 0.0001223513059089854 2.104206190632279e-06 0.0001205200062770473 0.0001288832961847675
8192 0.0002248891985630053 2.874241201514072e-06 0.0002229106634956679 0.0002344345634810452
16384 0.0004295684671831168 4.758660818561265e-06 0.0004267104974360336 0.0004401967490821335
32768 0.0008382323724376306 5.992959052735552e-06 0.0008343856753754153 0.0008506893698267959
65536 0.001659067829507421 1.672462391716753e-05 0.001649993908358738 0.001710156308490696
131072 0.003311678466843659 4.437143602616587e-05 0.003281062960468262 0.003427202895636583
262144 0.006589477215527495 8.455158359616096e-05 0.006547578510435415 0.006883968982037914
524288 0.0131822246316915 0.0001384762518406034 0.01308406315183674 0.01352568812399113
1048576 0.02648885591315775 0.0004799725433324762 0.02618140573031269 0.02761378367358702


16 816549.7853322217 396.286553540919 815830.978075062 817033.5548723247
32 1600124.540484156 1636.501836496203 1596764.473911212 1602168.695729712
64 3068876.007711013 5783.928230826781 3057015.03766616 3078148.715404854
128 5703048.142179104 10801.65818381953 5680906.114894065 5719734.381075483
256 9951313.446248272 37079.52874291335 9882820.98805014 10008933.48085254
512 15928375.14569346 164791.3089641327 15633879.00174208 16097729.53775436
1024 22866414.45933994 209951.7896067184 22327588.88100624 23056141.912078
2048 29147104.56724574 338495.9724191948 28316407.6253167 29454379.94923394
4096 33486365.54898428 558045.9008741567 31780689.36200982 33986058.63481499
8192 36432245.10641682 452227.9827647498 34943652.84009135 36750148.56415429
16384 38144924.68365288 416224.1879811669 37219720.57758886 38396055.63595504
32768 39093644.98756881 277444.9067046692 38519348.14545961 39272006.89927555
65536 39505390.7395913 390528.8814014079 38321643.2758939 39718934.51727296
131072 39585266.92728464 521120.658096087 38244598.87299848 39948029.51946215
262144 39788147.36358535 493200.3931300596 38080357.5210758 40036786.05490557
524288 39776400.599888 411720.0318695336 38762390.14191422 40070732.91498141
1048576 39597453.22797026 700625.6075294365 37972920.06031676 40050408.70612857
