16 8.161692544653154e-07 1.414102778513021e-09 8.146429802957655e-07 8.20213400531955e-07
32 1.320025557832727e-06 3.745441191644965e-09 1.314422737985765e-06 1.326812837154634e-06
64 2.231562220816885e-06 2.851163093176324e-09 2.230030478500566e-06 2.241630467469946e-06
128 4.079968937031886e-06 5.42339328138286e-09 4.075385305668533e-06 4.099533335022443e-06
256 7.801975367094371e-06 2.47201017170238e-09 7.798216886456544e-06 7.806198555115884e-06
512 1.536842873206545e-05 3.610286726669643e-08 1.535162185106742e-05 1.548641714421706e-05
1024 3.028897828061261e-05 1.990054508536441e-09 3.028609905797452e-05 3.029272588150889e-05
2048 6.01149031682624e-05 1.669925925566128e-09 6.011243049641735e-05 6.011914349812741e-05
4096 0.0001197957478042966 1.304289552760324e-09 0.0001197937045986919 0.0001197977359908009
8192 0.0002391818093609999 1.714218469259959e-08 0.0002391611106986602 0.0002392099705446071
16384 0.0004812506682760898 1.904748856799056e-08 0.0004812143687900061 0.0004812881134625968
32768 0.0009707242395933235 3.868740297857081e-08 0.0009706406143550339 0.0009707783785870561
65536 0.001941411276220606 3.377756508626289e-08 0.001941353638130749 0.001941478309163358
131072 0.003883043514321116 2.101107942245934e-07 0.00388267223161165 0.003883347571900231
262144 0.007767507259245576 1.63327376555199e-07 0.007767273737044889 0.007767890588183946
524288 0.0155411457885748 1.595051720623827e-06 0.01553926587257592 0.01554565798505791
1048576 0.03111653144219417 7.121530278250478e-06 0.03110840615408961 0.03113568880871753


16 19603831.95096021 33874.52275164676 19507118.5006525 19640505.57974613
32 24242137.42572076 68628.64518682806 24117945.72972657 24345287.91630394
64 28679503.97538599 36507.51528942399 28550646.91917516 28699159.32406111
128 31372839.63535694 41534.42696295014 31223066.0271724 31408073.2003333
256 32812206.14603296 10395.37166712508 32794451.51087368 32828017.44647611
512 33315223.17924383 77796.29096586574 33061230.05934857 33351525.0028387
1024 33807677.32265873 2221.162372904035 33803494.74013708 33810891.19598498
2048 34068091.16450176 946.3473902764886 34065688.24560501 34069492.50075755
4096 34191530.79745863 372.2642233117926 34190963.3443701 34192113.96560089
8192 34250096.44894536 2454.607887715046 34246064.16425432 34253060.52505255
16384 34044628.09943002 1347.461249770586 34041979.30866472 34047196.14087355
32768 33756239.63250685 1345.353809430757 33754357.04253428 33759147.84049451
65536 33756886.45745309 587.3122271849506 33755720.93218052 33757888.67766614
131072 33754965.62847563 1826.513058986147 33752322.59621376 33758193.37332876
262144 33748793.70683952 709.6254658255647 33747128.26140444 33749808.34649127
524288 33735479.50127266 3461.876429141375 33725687.29505899 33739560.43350003
1048576 33698359.13186619 7710.263063251423 33677623.3357784 33707159.24197714
