16 2.286567484216517e-06 5.299049587697223e-09 2.276268460388309e-06 2.300262016419197e-06
32 4.090785400534536e-06 1.010541739626413e-08 4.073463284015588e-06 4.109963281706541e-06
64 7.729395554822993e-06 3.553137850898251e-08 7.662428259891385e-06 7.784911920438731e-06
128 1.494931329526494e-05 4.126159341078565e-08 1.487533437050104e-05 1.501168712714218e-05
256 2.942732639077406e-05 8.542428630229168e-08 2.92685582614638e-05 2.957687565086076e-05
512 5.838584648731882e-05 1.803771012405729e-07 5.807799918500223e-05 5.863757909452261e-05
1024 0.0001162193068608985 4.606545704433654e-07 0.0001156160808193363 0.0001170108631498579
2048 0.0002319091460059042 1.023077821087137e-06 0.0002303474051927878 0.0002334374877932532
4096 0.0004629433279212947 1.484937892972708e-06 0.0004606132784488182 0.0004654428159938107
8192 0.0009258513108392208 2.318036086438243e-06 0.0009211416962671137 0.0009287178783097261
16384 0.001858389753266465 6.587523280747586e-06 0.00184808989774865 0.001869875050942937
32768 0.003729495493018931 1.537237180225265e-05 0.003704554575051588 0.003760176080504607
65536 0.007402591148434112 2.548012349139583e-05 0.007365139768808149 0.007464155466550437
131072 0.01488318640633679 3.5905756754892e-05 0.01484056223125663 0.01495657636405667
262144 0.02999098691407198 9.975548980317975e-05 0.0297966548569093 0.03018447100475896
524288 0.06025290215347923 0.0002851613296445422 0.05971269377187127 0.06067062218062347
1048576 0.1202742985115037 0.0007567750052062243 0.1188592379767215 0.1213605118246051


16 6997423.247921509 16198.66139895953 6955729.341176141 7029047.881843673
32 7822503.470000358 19315.45595592225 7785957.636758483 7855723.193963503
64 8280242.569130748 38129.45497445994 8221030.713523241 8352443.615688377
128 8562327.398034371 23649.13853669902 8526689.832788151 8604848.591090102
256 8699465.853792338 25237.05467297806 8655410.497780208 8746587.300716491
512 8769327.026325045 27093.28608359277 8731601.950596668 8815730.692943987
1024 8811058.186818842 34907.45282383756 8751324.214133393 8856899.427339355
2048 8831205.598959835 38940.18478765824 8773226.697049774 8890918.472842962
4096 8847820.508121092 28352.98765312049 8800221.765705517 8892492.230779521
8192 8848125.096757332 22188.63877200751 8820762.678661367 8893311.455987412
16384 8816338.398113236 31241.49195074177 8762082.788225826 8865369.601315957
32768 8786314.698162012 36156.45161528166 8714485.518349079 8845327.916256621
65536 8853214.342551056 30397.93833931788 8780095.79163917 8898133.919677841
131072 8806764.241191192 21206.33623901806 8763502.877235292 8832010.402135652
262144 8740850.030387715 29072.70504782286 8684730.633797415 8797766.100217575
524288 8701639.295027116 41225.37582294099 8641546.454544902 8780176.65729519
1048576 8718529.173882997 54943.54661865498 8640174.503511017 8821998.338954208
