16 6.1237701412864e-05 5.133043086492309e-07 6.057031248474232e-05 6.196948243086808e-05
32 6.403509521391015e-05 4.693805234742342e-07 6.325195312228971e-05 6.495361327552018e-05
64 6.973791502673521e-05 4.455262377155227e-07 6.928710945430794e-05 7.040332025098905e-05
128 8.107592773853867e-05 1.084304533517078e-06 7.898828130237234e-05 8.2232421846129e-05
256 0.0001039506835809334 1.321301003535659e-06 0.0001020156250888249 0.0001065546875906875
512 0.0001493710935847048 1.070438700373329e-06 0.0001479765624026186 0.0001512031249149004
1024 0.0002389902342656569 2.522208658847426e-06 0.0002334062482987065 0.0002414531263639219
2048 0.0004275507812963042 9.480712282423228e-06 0.0004207187485008035 0.000443343749793712
4096 0.0007903906252977322 1.080032488123618e-05 0.0007831249968148768 0.0008158124983310699
8192 0.00151735937470221 1.417090639125982e-05 0.001508000001194887 0.001551375011331402
16384 0.002991437504533678 3.728648083198713e-05 0.002963000006275252 0.003072000021347776
32768 0.005869062501005828 4.640168106006289e-06 0.005865000013727695 0.005878500000108033
65536 0.0116736874988419 1.111928202937593e-05 0.01165850000688806 0.01169549999758601
131072 0.02330531251936918 7.920900974629198e-05 0.02324150002095848 0.02348600002005696
262144 0.0465616875080741 0.0001335525211543835 0.04643150005722418 0.04686349997064099
524288 0.09303756250301376 0.0003266416134930098 0.09287399996537715 0.09384099999442697
1048576 0.1864624374939012 0.0007602297735813495 0.1859319999930449 0.1882094999891706
