16 2.133941652715521e-06 8.531394758385116e-09 2.120361330071319e-06 2.145507806972091e-06
32 2.484313966988339e-06 1.587892542892489e-08 2.462402335368097e-06 2.501953076716745e-06
64 3.243408187358909e-06 3.148779330892465e-08 3.194335931766545e-06 3.284179683760158e-06
128 4.716552751915515e-06 3.146614722887312e-08 4.6601562644355e-06 4.757812575917342e-06
256 7.654296894088475e-06 3.740909052502506e-08 7.593750069645466e-06 7.707031272730092e-06
512 1.349316414689383e-05 5.5469123875286e-08 1.341406277788337e-05 1.357812470814679e-05
1024 2.526367120481154e-05 7.537013889675987e-08 2.514062362024561e-05 2.537499858590309e-05
2048 4.879296784565668e-05 3.314447406198368e-08 4.875000013271347e-05 4.884374720859341e-05
4096 9.595312440069392e-05 2.829813333540664e-07 9.562500054016709e-05 9.643749945098534e-05
8192 0.0001920624999911524 4.118734318144921e-07 0.0001916250039357692 0.0001926249969983473
16384 0.0003842187506961636 6.329936350921836e-07 0.0003834999806713313 0.0003849999920930713
32768 0.0007678750043851323 9.161108002619269e-07 0.0007670000195503235 0.000769499980378896
65536 0.001535437513666693 7.288595634952541e-07 0.001534499984700233 0.001536499999929219
131072 0.003070437494898215 9.03864199669049e-07 0.003069499973207712 0.003071499988436699
262144 0.006142937498225365 2.426584230476138e-06 0.006140500016044825 0.006147999956738204
524288 0.01228799999807961 2.521348467409161e-06 0.0122859999537468 0.01229400001466274
1048576 0.02462149999337271 1.232592317912742e-05 0.02460800000699237 0.02464949997374788
