16 1.493239593397533e-05 9.614945447612426e-08 1.477783200698468e-05 1.507495116470636e-05
32 2.131445312247848e-05 9.852409446232511e-08 2.09887695064026e-05 2.149804686268908e-05
64 3.336502074802183e-05 5.850208069900128e-08 3.321972656067373e-05 3.357714842877613e-05
128 5.746868896494561e-05 7.966455017223935e-08 5.72265626033186e-05 5.77460937165597e-05
256 0.0001047633666715342 1.642200606970733e-07 0.0001045156245709222 0.0001057187496371625
512 0.0001997475585540087 2.527475127953899e-07 0.0001993437499550055 0.0002015468753597816
1024 0.0003898654785245981 7.353457967881811e-07 0.0003892812492267694 0.0003938593745260732
2048 0.0007701816408030027 4.049648206609248e-07 0.0007697500004724134 0.0007721250003669411
4096 0.001537040038783744 1.97096891065476e-06 0.001535687493742444 0.001551812500110827
8192 0.003081138671177541 4.422398133943124e-06 0.003078499998082407 0.003113250000751577
16384 0.006178894534059509 7.529541938909176e-06 0.006173750007292256 0.006234749977011234
32768 0.01232667187832703 1.472397444970543e-05 0.01231749996077269 0.01243800000520423
65536 0.02461330468668166 2.820033674611967e-05 0.02459550002822652 0.02474850002909079
131072 0.04917036718870804 2.580963027879344e-05 0.04914499999722466 0.04928650002693757
262144 0.09856595312703575 6.414446913875835e-05 0.09852350002620369 0.09883849998004735
524288 0.1994999218723024 0.0001515775045679463 0.199375499971211 0.2001734999939799
1048576 0.4037393671887912 0.0001406587467634962 0.4035354999941774 0.4042054999736138
