16 0.0009240243797288272 5.208849052501684e-08 0.0009239113769581309 0.0009241679687477244
32 0.0009271553726168946 9.000569438795362e-08 0.0009270478515759351 0.0009275805663833125
64 0.0009337077026341234 7.235143195603269e-08 0.0009335683594144939 0.0009339033202877545
128 0.0009464715881364327 1.172308683878916e-07 0.0009463378905820719 0.0009468027344610164
256 0.0009720254517020521 1.770354025970644e-07 0.0009718554688333825 0.0009724531250867585
512 0.001023113159121181 3.009200364116824e-07 0.001022882812321768 0.001024617186885735
1024 0.001125616699283682 2.826651153992018e-07 0.001125406250139349 0.001127156250731787
2048 0.001330897461116365 8.070341790793386e-07 0.00132965625016368 0.001334593751380453
4096 0.001751465819893383 1.407045913416728e-06 0.001750374998664483 0.001759687496814877
8192 0.002608126952281964 2.575399961837834e-06 0.002606249996460974 0.002620125000248663
16384 0.00428335547030656 2.845493521012928e-06 0.004279249988030642 0.004293749982025474
32768 0.007628851562913042 7.565411396130836e-06 0.007620499993208796 0.007683999952860177
65536 0.01430493750103778 3.587341458584388e-06 0.01429950003512204 0.01431350002530962
131072 0.02765925000312563 1.385583966326314e-05 0.02764599997317418 0.02772900002310053
262144 0.0546007812517928 2.508064394073828e-05 0.0545830000191927 0.05470699997385964
524288 0.1106632343717138 6.527791442974104e-05 0.1106034999829717 0.1109295000205748
1048576 0.2260483437512448 0.000110181374042905 0.2259340000455268 0.2263645000057295
