16 0.0001511272130301222 1.451828503718233e-07 0.0001509475405327976 0.0001515520270913839
32 0.0001763368163665291 1.782129673842702e-07 0.0001760571030899882 0.0001766826026141644
64 0.0002266629817313515 1.377345022989064e-07 0.0002264514332637191 0.0002269582473672926
128 0.0003247733766329475 2.305289170608273e-07 0.0003244081744924188 0.0003252412425354123
256 0.0005216195422690362 3.089411304391458e-07 0.000521079171448946 0.0005221064202487469
512 0.000910234113689512 5.251823534061655e-07 0.0009090215899050236 0.0009110500104725361
1024 0.00168666971148923 5.321305283797216e-07 0.001685611438006163 0.001687480602413416
2048 0.003242751874495298 1.224482989201187e-06 0.003239480778574944 0.003244566731154919
4096 0.006352185620926321 1.875168542483059e-06 0.006346743553876877 0.006354453042149544
8192 0.01253210380673409 4.497922150214043e-06 0.0125211738049984 0.01253874972462654
16384 0.02490917034447193 5.602025771164962e-06 0.0248991921544075 0.02491849660873413
32768 0.04965635668486357 1.055033742847194e-05 0.04963625967502594 0.04967193305492401
65536 0.09915066696703434 2.266280818972937e-05 0.09911525249481201 0.09919387102127075
131072 0.1981240212917328 6.950792015116686e-05 0.1979774832725525 0.1982512474060059
262144 0.3967065922915936 7.424174632919768e-05 0.396529495716095 0.3968417644500732
524288 0.7965390607714653 0.0002998204525932648 0.795662522315979 0.797050952911377
1048576 1.596907641738653 0.0004673966863746675 1.596069991588593 1.597940981388092


16 105871.1631141056 101.5488445435167 105574.3054518974 105997.0897407471
32 181471.06932248 183.3130851972363 181115.7382024811 181759.2101560583
64 282357.6291768827 171.4899914118111 281990.1930967377 282621.306818877
128 394121.1615589916 279.6677182540763 393554.0247054103 394564.6567022351
256 490779.3198674654 290.6595332269742 490321.4939935695 491288.1075022632
512 562492.8270191125 324.679072470131 561988.9074304933 563242.9478968644
1024 607113.5851858866 191.5653832878266 606821.7901500537 607494.6911912544
2048 631562.4362050199 238.5678990406629 631209.0857416284 632200.0777238508
4096 644817.4816035661 190.4264758688807 644587.3425817986 645370.3328690473
8192 653681.2267023327 234.6676528312797 653334.6768945093 654251.760065002
16384 657749.7584360795 147.9311705293176 657503.5507662721 658013.3161910558
32768 659895.4006002612 140.2199734663619 659688.4394204523 660162.5548446983
65536 660973.9017829115 151.0647183993369 660685.9811524717 661210.0393269982
131072 661565.4894889161 232.1136612430818 661140.8589605136 662055.0874442385
262144 660800.737123195 123.6740468755768 660575.6336238154 661095.8398607715
524288 658207.6077533575 247.8728188770607 657784.7979290916 658932.631983125
1048576 656629.1354639621 192.1808586948021 656204.4607486866 656973.6950923665
