16 3.765843030123506e-05 3.485537355600398e-08 3.756963997147977e-05 3.77153919544071e-05
32 4.760062074637972e-05 3.694017959360068e-08 4.752252425532788e-05 4.766052006743848e-05
64 6.752162880729884e-05 4.372564756880584e-08 6.742871482856572e-05 6.757141090929508e-05
128 0.0001071246624633204 4.077054751275613e-08 0.0001070371072273701 0.0001071895530913025
256 0.0001864356672740541 2.08033656224267e-08 0.0001863979268819094 0.0001864755759015679
512 0.0003450209187576547 1.1888285602471e-07 0.0003449429059401155 0.0003454560646787286
1024 0.0006621104694204405 8.34646481095004e-08 0.0006619745399802923 0.0006622637156397104
2048 0.001296482980251312 1.644179603093595e-07 0.001296252012252808 0.001296767499297857
4096 0.002567124727647752 5.7127514172861e-07 0.002566465176641941 0.002568601630628109
8192 0.005108010373078287 2.828058836371578e-06 0.005105787888169289 0.005115929991006851
16384 0.01017466536723077 1.534384603884707e-06 0.01017250120639801 0.01017765328288078
32768 0.0202977885492146 3.003415777515944e-06 0.02029325067996979 0.02030503004789352
65536 0.04053771588951349 6.065246028795648e-06 0.04053124785423279 0.04055212438106537
131072 0.08102607540786266 1.444815633955482e-05 0.08101001381874084 0.08105301856994629
262144 0.1624258980154991 4.451196693917427e-05 0.1623709797859192 0.1625097393989563
524288 0.3274378105998039 5.540224371595097e-05 0.3273339867591858 0.3275179862976074
1048576 0.658032264560461 6.921522048982741e-05 0.6579064726829529 0.6581412553787231


16 424872.0069181407 393.5342417998515 424229.9806758439 425875.7872618975
32 672260.5204714192 522.00376857482 671415.2500795369 673364.9043571668
64 947844.8062482651 614.1183186947159 947146.1249478838 949150.5238193689
128 1194869.738141525 454.8655819567293 1194146.223288863 1195846.966679509
256 1373127.82865728 153.2210053549118 1372833.942259178 1373405.832792263
512 1483968.15697189 510.7598006786787 1482098.745251892 1484303.608461183
1024 1546569.738054167 194.9503018167128 1546211.842529939 1546887.286677952
2048 1579658.246250826 200.3209067646682 1579311.635361699 1579939.688148063
4096 1595559.477888148 354.9848738997485 1594641.98385578 1595969.443606229
8192 1603756.013388189 887.2136184949609 1601272.88966043 1604453.647395308
16384 1610274.122829364 242.8247120241449 1609801.350529256 1610616.6681696
32768 1614363.091480607 238.8497373685852 1613787.31884218 1614724.053664959
65536 1616667.341441306 241.8505301461265 1616092.892795528 1616925.29762949
131072 1617652.135403079 288.432460778487 1617114.356905645 1617972.813747105
262144 1613929.93147855 442.2360528691845 1613097.165557842 1614475.692304304
524288 1601183.483091895 270.933496759918 1600791.473856928 1601691.303707213
1048576 1593502.427387174 167.611281797097 1593238.520500593 1593807.088907167
