16 5.983379105600761e-05 1.534185979892154e-07 5.943700671195984e-05 6.012257654219866e-05
32 6.70065655867802e-05 1.688554477062394e-07 6.658642087131739e-05 6.735848728567362e-05
64 8.148312917910516e-05 1.699856599483144e-07 8.112122304737568e-05 8.202227763831615e-05
128 0.0001103566100937314 1.938598941198134e-07 0.0001099864020943642 0.0001110821031033993
256 0.000168159487657249 2.485488797589729e-07 0.0001675589010119438 0.0001689651980996132
512 0.0002836377825587988 3.377975599507311e-07 0.000283118337392807 0.0002853982150554657
1024 0.0005148165510036051 6.153602304913626e-07 0.0005141273140907288 0.0005183443427085876
2048 0.0009781306143850088 9.805074858028438e-07 0.0009771212935447693 0.0009848177433013916
4096 0.001903384923934937 1.686789382348644e-06 0.001901373267173767 0.001915380358695984
8192 0.003758053760975599 1.168362141631862e-06 0.003755480051040649 0.00376012921333313
16384 0.007517787627875805 6.869281066247221e-06 0.007512986660003662 0.007563769817352295
32768 0.01498398371040821 1.337699026467593e-05 0.01497459411621094 0.0150829553604126
65536 0.02988277561962605 2.546801924507325e-05 0.02986454963684082 0.0299915075302124
131072 0.05969241261482239 4.461749197496735e-05 0.05967044830322266 0.05991196632385254
262144 0.1195545755326748 5.939594307005279e-05 0.1195180416107178 0.1198490858078003
524288 0.2420121505856514 8.952905472125344e-05 0.2419319152832031 0.2422879934310913
1048576 0.4872815776616335 0.0001459087629486107 0.4871259927749634 0.4880105257034302
