16 0.001250163491931744 1.49883292186589e-07 0.001249950146302581 0.001250609406270087
32 0.001254765185876749 1.402619663594454e-07 0.001254568342119455 0.001255056587979198
64 0.001264493650523946 1.885510772956248e-07 0.001264296937733889 0.001264970749616623
128 0.001283395919017494 5.339185625721597e-07 0.001283031422644854 0.001285283360630274
256 0.00132117239991203 2.098079722376355e-07 0.001320949289947748 0.001321693416684866
512 0.001396758656483144 2.092504405594222e-07 0.001396494451910257 0.001397150568664074
1024 0.001547731109894812 2.205775799216297e-07 0.001547504216432571 0.001548288855701685
2048 0.001849988446338102 1.683990264333806e-07 0.001849746331572533 0.001850320491939783
4096 0.002455896872561425 2.929947764193412e-07 0.002455441281199455 0.002456597052514553
8192 0.003668558201752603 3.40183785183286e-07 0.003668012097477913 0.003669258207082748
16384 0.006065916386432946 6.600903500814697e-07 0.006065124645829201 0.006067320704460144
32768 0.01084571774117649 1.359518460450697e-06 0.01084412261843681 0.0108485147356987
65536 0.02039563236758113 2.44670830492256e-06 0.0203922837972641 0.02040128409862518
131072 0.03949365392327309 6.211022541648116e-06 0.03948631882667542 0.03950661420822144
262144 0.07822863198816776 1.642485531175151e-05 0.07820525765419006 0.07827222347259521
524288 0.1582024917006493 7.37822746884672e-05 0.1581187844276428 0.1583634614944458
1048576 0.3188655599951744 0.0001105072597659817 0.3187274932861328 0.319072961807251


16 12798.32623399181 1.534127689132151 12793.76272062404 12800.51052222271
32 25502.77991055218 2.850573374401243 25496.85831419292 25506.78103828088
64 50613.14567087142 7.545883747629475 50594.05525336977 50621.01954839254
128 99735.41200134493 41.44263851248911 99588.93417653185 99763.72966465587
256 193767.2979458463 30.76633340348094 193690.9095318878 193800.0209002167
512 366562.9766428381 54.91148941780277 366460.1450146949 366632.3194479133
1024 661613.6439649188 94.27552305343154 661375.2958493801 661710.6364728397
2048 1107033.949299717 100.7671172331033 1106835.280115706 1107178.841251668
4096 1667822.497114173 198.9579337703453 1667347.111650796 1668131.928611687
8192 2233029.875912502 207.0642517168586 2232603.850060764 2233362.317870417
16384 2700993.409424477 293.8996809250357 2700368.218208075 2701345.96677527
32768 3021284.6456685 378.6995488605261 3020505.645088159 3021729.018840948
65536 3213237.015797908 385.4398121560492 3212346.815189755 3213764.610749118
131072 3318811.758806334 521.874202849258 3317722.933916305 3319428.194239593
262144 3350998.274793222 703.4401992781003 3349131.893407656 3351999.697503137
524288 3314031.917193983 1545.094906012217 3310662.668347825 3315785.672763763
1048576 3288458.364918096 1139.476791184064 3286320.451788814 3289882.492373059
