16 0.0001509738958702656 1.037253178207461e-07 0.0001506965490989387 0.0001512329326942563
32 0.000162791162438225 1.786741843074645e-07 0.0001624389551579952 0.0001631986815482378
64 0.0001864640289568342 2.444587079595275e-07 0.0001860379707068205 0.0001868749968707561
128 0.0002343198939342983 2.68146192115275e-07 0.0002334630116820335 0.0002348474226891994
256 0.0003296197246527299 2.911752266698479e-07 0.0003288863226771355 0.0003304881975054741
512 0.0005208727088756859 4.273470354032434e-07 0.0005201473832130432 0.0005224309861660004
1024 0.0009041926241479814 6.945689234703683e-07 0.0009034536778926849 0.0009072534739971161
2048 0.001671289908699691 1.495293699482619e-06 0.001670099794864655 0.001677997410297394
4096 0.003207230474799871 2.910471545398981e-06 0.003204569220542908 0.003221884369850159
8192 0.006289835087954998 7.36883179579318e-06 0.006284505128860474 0.006327122449874878
16384 0.01245088689029217 9.914546217615501e-06 0.01244449615478516 0.01251071691513062
32768 0.02473621815443039 1.82287704906272e-05 0.02472591400146484 0.02483391761779785
65536 0.0492972806096077 2.992927573575451e-05 0.04927992820739746 0.04940557479858398
131072 0.0984362605959177 4.31996333335515e-05 0.09840357303619385 0.09863698482513428
262144 0.1969551369547844 0.0001108849041792599 0.1968660354614258 0.1974409818649292
524288 0.3964426051825285 0.0001080118523938192 0.3963165283203125 0.3966729640960693
1048576 0.7955391425639391 0.0001119561351190121 0.7952975034713745 0.7957619428634644
