16 0.0001461409701732919 3.980132203967477e-07 0.0001452502328902483 0.0001465610694140196
32 0.0001527257227280643 4.854033386574894e-07 0.0001516401534900069 0.0001534458715468645
64 0.0001641935305087827 5.128695894826054e-07 0.0001630997285246849 0.000165136530995369
128 0.0001865113081294112 5.486620682684674e-07 0.0001853518187999725 0.0001875273883342743
256 0.0002313573786523193 5.815214350388732e-07 0.0002296837046742439 0.0002325978130102158
512 0.0003199572383891791 1.111305094233012e-06 0.0003172028809785843 0.0003266260027885437
1024 0.0004977885982953012 1.223243524706815e-06 0.0004933439195156097 0.0005010627210140228
2048 0.0008559215348213911 1.836439219541181e-06 0.0008490979671478271 0.0008628144860267639
4096 0.001567477360367775 2.105365446557241e-06 0.001560181379318237 0.001571431756019592
8192 0.003007346298545599 5.583269337508683e-06 0.003002375364303589 0.003038614988327026
16384 0.00589738879352808 4.165382271645769e-06 0.005890727043151855 0.005921483039855957
32768 0.01163781806826591 5.069992903034672e-06 0.01162552833557129 0.011649489402771
65536 0.02308972179889679 1.524689158273993e-05 0.02307558059692383 0.02319741249084473
131072 0.04603233747184277 2.803845919186313e-05 0.04601049423217773 0.04614651203155518
262144 0.0921950675547123 7.377809839892769e-05 0.09214401245117188 0.09254598617553711
524288 0.1874188613146544 0.0001319367775082543 0.1873289346694946 0.1881195306777954
1048576 0.3778265565633774 0.000122747421401371 0.3776935338973999 0.3783144950866699
