16 0.0003731735987457796 1.79309338813989e-07 0.0003726811846718192 0.0003734875353984535
32 0.0003792135430558119 1.968511651073832e-07 0.0003782471176236868 0.0003796014934778214
64 0.0003915062152373139 2.009261267530211e-07 0.0003907529171556234 0.0003919384907931089
128 0.0004153060508542694 3.05763133158104e-07 0.0004142383113503456 0.0004159728996455669
256 0.0004628232854884118 4.032592596629405e-07 0.0004618093371391296 0.0004643592983484268
512 0.0005579382705036551 4.179395867634784e-07 0.0005569923669099808 0.0005595088005065918
1024 0.0007472612778656185 5.631831072780724e-07 0.0007464215159416199 0.0007508471608161926
2048 0.001124122063629329 1.289164814846874e-06 0.001122593879699707 0.001130186021327972
4096 0.001877335831522942 9.818393017906712e-07 0.001875683665275574 0.001879185438156128
8192 0.003392907790839672 4.20059132714703e-06 0.003387629985809326 0.003418266773223877
16384 0.006408145651221275 1.06254076534577e-05 0.006394743919372559 0.006452023983001709
32768 0.0124018844217062 1.733582050720961e-05 0.01238548755645752 0.01249599456787109
65536 0.02441027760505676 3.268670647861817e-05 0.02436649799346924 0.02452957630157471
131072 0.04835476167500019 3.120677162899226e-05 0.04832649230957031 0.04847753047943115
262144 0.09678003191947937 9.457468984424277e-05 0.09665501117706299 0.09712851047515869
524288 0.196360532194376 0.0002689246762002247 0.1960444450378418 0.196988582611084
1048576 0.3953654058277607 0.0002207039887127702 0.3950904607772827 0.3958985805511475
