16 0.0001495946780778468 4.637702095329435e-08 0.0001494706957601011 0.0001496633631177247
32 0.0001612987980479375 7.819784067157685e-08 0.0001611716579645872 0.0001614831853657961
64 0.0001847864186856896 8.70419749094054e-08 0.0001846281811594963 0.0001849550753831863
128 0.0002317825201316737 8.164328576725863e-08 0.0002316531026735902 0.0002319494960829616
256 0.0003257931384723634 1.701014828578646e-07 0.0003256391501054168 0.0003263251855969429
512 0.0005136106046847999 8.930712974645002e-08 0.0005134716629981995 0.0005137792322784662
1024 0.0008891634206520393 1.361897327342584e-07 0.0008888584561645985 0.0008893965277820826
2048 0.001639617315959185 1.755730275236232e-07 0.001639386638998985 0.001639963127672672
4096 0.003133181482553482 4.150133347260879e-07 0.003132565878331661 0.003133847378194332
8192 0.006139890756458044 1.311344429029018e-06 0.006137218326330185 0.006141804158687592
16384 0.01224515959620476 2.155659974552486e-06 0.0122419074177742 0.01224879547953606
32768 0.02436645608395338 4.087484645754652e-06 0.0243607833981514 0.02437359094619751
65536 0.04857988562434912 8.95755798596168e-06 0.04856625199317932 0.0485975593328476
131072 0.09701007232069969 1.263223327534216e-05 0.09699401259422302 0.09703513979911804
262144 0.1943144574761391 5.414421048731672e-05 0.1942477822303772 0.1944087743759155
524288 0.3912266753613949 4.469763383076098e-05 0.3911465406417847 0.3913012742996216
1048576 0.7856155186891556 9.481113452956588e-05 0.7854957580566406 0.7859172224998474


16 106955.6861756263 33.16672863314066 106906.5913440316 107044.3936762015
32 198389.6187502685 96.16099676492557 198163.0466819981 198546.0744408987
64 346345.8719815413 163.1095794510362 346029.9744000323 346642.6392659514
128 552241.8809371738 194.4834392395149 551844.2685222223 552550.3372184825
256 785774.8832825393 409.8409194044897 784493.5398771081 786146.2601076283
512 996864.1804542306 173.325049953858 996536.9711995251 997133.896368095
1024 1151644.342017507 176.403739343465 1151342.475502555 1152039.442161054
2048 1249071.964586149 133.7463330847092 1248808.564925717 1249247.707209884
4096 1307297.419628614 173.1551028896347 1307019.617005102 1307554.305029155
8192 1334225.750148599 284.9925605370227 1333810.031766057 1334806.676968667
16384 1337998.116504207 235.5425982999895 1337600.911646585 1338353.529468115
32768 1344799.619261436 225.5864319082401 1344405.921652348 1345112.735680191
65536 1349035.742809081 248.7373228888656 1348545.089500071 1349414.404249352
131072 1351117.455619692 175.9246493211364 1350768.394535681 1351341.144616247
262144 1349071.100951009 375.8463219950053 1348416.504561205 1349534.069269826
524288 1340113.135004835 153.1136105436517 1339857.635113526 1340387.669387948
1048576 1334719.069786066 161.0419891467865 1334206.669583709 1334922.549542768
