16 0.0001918687885336112 5.566622383093409e-07 0.0001907602418214083 0.0001924619427882135
32 0.0002004734815272968 5.592517334462409e-07 0.0001992055913433433 0.0002009650925174356
64 0.0002157960916520096 2.637340978503762e-07 0.0002150876098312438 0.000216219516005367
128 0.0002451679429213982 3.256014114150084e-07 0.0002444067504256964 0.000245508854277432
256 0.0003030244697583839 8.877673820267676e-07 0.0003018325660377741 0.0003040317678824067
512 0.0004203511343803257 5.678367285482029e-07 0.0004190210020169616 0.000420908210799098
1024 0.0006542647752212361 8.937538846505618e-07 0.0006528301164507866 0.0006550985854119062
2048 0.001123755471780896 8.601884902611196e-07 0.00112225953489542 0.001124558970332146
4096 0.002066741813905537 1.108770868602386e-06 0.002064976841211319 0.002068683505058289
8192 0.003957276814617217 1.33826393497629e-06 0.003955164924263954 0.003959484398365021
16384 0.007725031930021942 1.471708212834023e-06 0.007723703980445862 0.007728906348347664
32768 0.01523172482848167 5.460047398089334e-06 0.01522453129291534 0.01524720340967178
65536 0.03023375105112791 7.664552864000276e-06 0.03022715449333191 0.03025566041469574
131072 0.06025169510394335 1.503332084798168e-05 0.06023131310939789 0.06028161942958832
262144 0.1208285223692656 2.404337390954348e-05 0.1207856237888336 0.1208886206150055
524288 0.2445224598050117 6.088780953864425e-05 0.2444255352020264 0.2446289658546448
1048576 0.4925674423575401 0.0001299101738128106 0.4924435019493103 0.4929719567298889


16 83390.98132150738 242.514371227496 83133.31855745899 83874.91988492743
32 159623.2786530412 447.0829636314745 159231.6337088428 160638.0613325557
64 296576.6860736316 362.9108084034991 295995.4826575941 297553.169381602
128 522091.9605762333 694.4784299014459 521366.1249681707 523717.1222851068
256 844823.0646296663 2476.565708120756 842017.272678609 848152.3493656474
512 1218031.392041126 1648.09041932461 1216417.230321935 1221895.794090232
1024 1565118.331335105 2140.181609518447 1563123.509656397 1568555.086838115
2048 1822461.53835184 1396.076244151486 1821158.386558519 1824889.819439892
4096 1981863.955035366 1063.369847271126 1980003.219431379 1983557.354375596
8192 2070110.649856279 700.1058244151566 2068956.251824783 2071215.779080188
16384 2120897.454630013 403.9345048713398 2119834.199246401 2121262.031983547
32768 2151299.627217941 770.7672930122669 2149115.422649521 2152315.849306206
65536 2167643.83075879 549.253991379353 2166074.020587828 2168116.75126275
131072 2175407.802593352 542.694496772036 2174327.784161441 2176143.823428429
262144 2169554.047249162 431.6366514309419 2168475.400466775 2170324.511949365
524288 2144130.362882708 533.8727023933377 2143196.731296019 2144980.472546198
1048576 2128796.948750702 561.1645505011712 2127049.998859346 2129332.595209948
