16 0.0003420042121433653 2.501565282373569e-06 0.0003408408956602216 0.0003513378323987126
32 0.0003645642718765885 2.818013333652025e-07 0.0003640215145424008 0.000365355983376503
64 0.0004110688314540312 2.35065283858536e-07 0.0004106361884623766 0.0004114897456020117
128 0.000503413742990233 2.205714843691716e-07 0.0005031113978475332 0.0005040164105594158
256 0.000687786377966404 1.367601564092553e-07 0.000687451334670186 0.0006880429573357105
512 0.001057027198839933 6.494541069197888e-07 0.001056675799190998 0.001059419941157103
1024 0.001793922856450081 1.837236104690642e-07 0.001793587580323219 0.001794281415641308
2048 0.003267020627390593 4.493184679134785e-07 0.003266468644142151 0.003268163651227951
4096 0.006214116816408932 6.132069875115956e-07 0.006213422864675522 0.006215492263436317
8192 0.01209559780545533 1.28835362610355e-06 0.01209342107176781 0.01209787651896477
16384 0.02382739819586277 2.37109347761813e-06 0.02382384240627289 0.02383234351873398
32768 0.04728725459426641 5.358394768866171e-06 0.04728056490421295 0.04729899764060974
65536 0.09420343674719334 9.507362603692237e-06 0.09419223666191101 0.09422400593757629
131072 0.1882317215204239 3.14579175925519e-05 0.1882017254829407 0.1882914900779724
262144 0.3764976896345615 2.813344679262459e-05 0.3764440417289734 0.3765487670898438
524288 0.7545407190918922 8.167641350590153e-05 0.7544267177581787 0.754774272441864
1048576 1.513432983309031 5.371914794827394e-05 1.513373494148254 1.513574242591858


16 46785.33857429606 333.8122031739449 45540.21379013502 46942.72372746645
32 87776.06688592232 67.80181013217233 87585.81070512722 87906.8920973699
64 155691.7351019383 89.00975263129605 155532.4298698323 155855.7228958495
128 254264.061729333 111.3377738695486 253959.9848701965 254416.8161318224
256 372208.6067577543 74.01639461121165 372069.7919666261 372389.9963374417
512 484377.4894337235 297.0080269868181 483283.3328026577 484538.3989980583
1024 570816.0785105146 58.46008004959059 570702.004197042 570922.7758008152
2048 626870.8618307039 86.20113950878341 626651.60578189 626976.7823036463
4096 659144.3576622778 65.03987647227774 658998.487391805 659217.9687763617
8192 677271.2038619305 72.13792085357787 677143.6282357593 677393.100875673
16384 687611.7995519958 68.42375619094456 687469.1105019096 687714.4215697987
32768 692956.2875999182 78.51804868715173 692784.2371836272 693054.3250992375
65536 695685.8782301591 70.20753179446341 695534.0026979728 695768.593278358
131072 696333.234233783 116.3614912511207 696112.1819457824 696444.1992423756
262144 696269.880505 52.02878378799223 696175.4304123189 696369.1038806096
524288 694843.8864763398 75.20359650579243 694628.8700379396 694948.8766224388
1048576 692846.0082492806 24.59134651250425 692781.3453038215 692873.2424973201
