16 0.001083649272914045 5.099137172079058e-08 0.001083543698769063 0.001083784212823957
32 0.001087927674234379 1.035741012874565e-07 0.001087569748051465 0.001088395481929183
64 0.001096915289963363 1.132937319848711e-07 0.001096407184377313 0.001097126863896847
128 0.00111464877409162 1.515373344404311e-07 0.001114361453801394 0.001115041319280863
256 0.001150515570770949 2.463680732757363e-07 0.001150273717939854 0.001151347532868385
512 0.001221987884491682 2.831971342911936e-07 0.001221578568220139 0.001222860068082809
1024 0.001364952127914876 3.351052125021203e-07 0.001364376395940781 0.00136653333902359
2048 0.001651744008995593 1.673810805389546e-06 0.001650750637054443 0.001661807298660278
4096 0.002226663287729025 5.121485499257412e-07 0.002225190401077271 0.002227559685707092
8192 0.003391619771718979 1.716614262294446e-06 0.003388255834579468 0.003396868705749512
16384 0.005688893608748913 8.094746317398558e-06 0.005681991577148438 0.005719959735870361
32768 0.01025999709963799 3.189591146012051e-06 0.01025497913360596 0.01026952266693115
65536 0.01938118040561676 1.006022506198601e-05 0.01937055587768555 0.01945292949676514
131072 0.03762746602296829 1.597836346991876e-05 0.0376129150390625 0.0376894474029541
262144 0.07476078346371651 4.337735681581447e-05 0.07472658157348633 0.07500004768371582
524288 0.1512847039848566 7.612480202048688e-05 0.1512174606323242 0.1515564918518066
1048576 0.3041749335825443 0.0001058810122537365 0.3040540218353271 0.3045170307159424
