16 4.756835824082373e-05 4.94824074385843e-08 4.743944737128913e-05 4.761810123454779e-05
32 6.388127076206729e-05 8.650896476336299e-08 6.373474025167525e-05 6.401061546057463e-05
64 9.658006820245646e-05 5.193670419550556e-08 9.645300451666117e-05 9.666869300417602e-05
128 0.0001617335110495333 5.829521687359481e-08 0.0001616523950360715 0.0001618264359422028
256 0.0002921027116826735 9.066941872050107e-08 0.0002920073457062244 0.0002923276042565703
512 0.0005530223425012082 3.596589837451393e-07 0.0005527264438569546 0.0005542491562664509
1024 0.001074380008503795 1.448897693597193e-07 0.001074095722287893 0.001074715051800013
2048 0.002117512980476022 3.459416476484593e-07 0.002116995863616467 0.002118156291544437
4096 0.004202184616588056 2.295019894218596e-07 0.004201937466859818 0.004202898591756821
8192 0.008373502176254988 1.759185464140779e-06 0.008371390402317047 0.008377920836210251
16384 0.01671523042023182 5.251082661121603e-07 0.01671465486288071 0.0167163759469986
32768 0.03341031167656183 4.584847717896844e-06 0.03340406715869904 0.03341874480247498
65536 0.0667440090328455 2.579412810539939e-06 0.06674161553382874 0.06675112247467041
131072 0.1334648914635181 2.944959857347587e-05 0.1334304809570312 0.1335160136222839
262144 0.2675439231097698 2.411591669540739e-05 0.2675085067749023 0.2675897479057312
524288 0.5364814437925816 3.547656218797277e-05 0.536421537399292 0.5365442633628845
1048576 1.078232850879431 5.118782656086029e-05 1.078151226043701 1.078368782997131


16 336358.3870403066 350.337031588547 336006.6778217463 337272.0570451538
32 500930.1574500736 678.4159516171746 499917.0804678393 502080.9667324076
64 662662.7889798788 356.4320672380827 662055.0874442385 663535.5769445702
128 791425.4427354719 285.2156702927396 790970.8896123492 791822.4779251661
256 876404.1307245693 271.9275589872407 875729.8191220892 876690.2742835456
512 925821.9123087337 601.114591089314 923772.2677810629 926317.1785797632
1024 953107.8476451171 128.5243334245556 952810.6992499349 953360.0951494471
2048 967172.3716111542 158.0055255208357 966878.6048392664 967408.5978143571
4096 974731.0946986675 53.22958262593325 974565.5077268622 974788.4237461091
8192 978324.2622365545 205.5016867781005 977808.2366920105 978571.0146468148
16384 980183.9162999239 30.79176472836623 980116.7461145624 980217.667334848
32768 980775.0641692586 134.5870618759315 980527.5510399546 980958.3918126751
65536 981900.8633345081 37.94443489540003 981796.2240989804 981936.0750532378
131072 982071.0491365558 216.6856532235239 981694.9775837524 982324.2714849334
262144 979816.6930863609 88.31860156423053 979648.891826567 979946.4067906582
524288 977271.4568522314 64.62451627262874 977157.0321410833 977380.5924010463
1048576 972494.9498247819 46.16563480552217 972372.3614157973 972568.5735643709
