16 0.000151956617628457 1.069260022513094e-07 0.0001516938209533691 0.0001520817750133574
32 0.000177047484612558 1.104785408846047e-07 0.0001767839421518147 0.0001771686947904527
64 0.000227937398449285 1.264846278867065e-07 0.0002276992308907211 0.0002281676861457527
128 0.000329852533468511 1.62803596847778e-07 0.0003294505877420306 0.0003300653770565987
256 0.0005336606263881549 1.42996776345664e-07 0.0005333272274583578 0.0005337968468666077
512 0.0009411053761141375 1.338176705030735e-07 0.0009408164769411087 0.0009413894731551409
1024 0.001755833596689627 1.498618768139614e-07 0.001755496021360159 0.00175606831908226
2048 0.003387397970072925 4.936830634682109e-07 0.003386558033525944 0.003388257697224617
4096 0.006646813475526869 1.389700263298287e-06 0.006645102053880692 0.006649227812886238
8192 0.0131665023509413 4.212255322083224e-06 0.01316193491220474 0.01317418739199638
16384 0.02619559271261096 3.524886892080483e-06 0.02619103342294693 0.02620140463113785
32768 0.05223696026951075 5.09544030442785e-06 0.05223056674003601 0.05224467813968658
65536 0.1043225210160017 1.226322880835811e-05 0.104305624961853 0.1043469905853271
131072 0.2084997035562992 3.460289951824415e-05 0.2084632515907288 0.2085612416267395
262144 0.4174124225974083 8.513575453713452e-05 0.4173142313957214 0.4177000522613525
524288 0.8361200839281082 6.187239855362047e-05 0.8360220193862915 0.8362005352973938
1048576 1.675960678607225 6.228657323429587e-05 1.675860702991486 1.676066994667053


16 105293.2585819253 74.15161531736814 105206.557449732 105475.6212180747
32 180742.537861558 112.875065557281 180618.81664731 181011.915508252
64 280778.9284044775 155.8441700456782 280495.4596380359 281072.5348067394
128 388052.2847605434 191.619119799729 387801.9595434602 388525.6386315137
256 479705.6492082988 128.5879830483568 479583.2000558308 480005.4953503915
512 544041.1060228829 77.36071794588901 543876.9123729329 544208.1559462836
1024 583198.7774492018 49.77828239698076 583120.8210254333 583310.9204124566
2048 604593.8678817225 88.11285536997212 604440.4478672191 604743.8076434518
4096 616235.1603419173 128.8366979146475 616011.3798570611 616393.8441860295
8192 622185.0395449551 199.0102049348654 621822.0339705221 622400.8897357301
16384 625448.7332220378 84.15679068383317 625309.9874091938 625557.5996342845
32768 627295.3120401554 61.1876625857366 627202.6389441659 627372.0934925741
65536 628205.6857015252 73.84409778956243 628058.3621279387 628307.4381076575
131072 628643.5958834868 104.3233729881091 628458.092106004 628753.504513739
262144 628021.5825573453 128.0304419155736 627589.1003144477 628169.3272794714
524288 627048.6892605673 46.40183675611857 626988.3573006056 627122.2382215126
1048576 625656.6843973766 23.25207355151449 625616.9970152638 625694.0079376796
