16 0.0001034017732308712 4.532894383560502e-08 0.0001032534055411816 0.0001034941524267197
32 0.0001354721371171763 6.345723211560261e-08 0.0001353368861600757 0.0001356254797428846
64 0.0001999566702579614 8.856702152638207e-08 0.0001997530926018953 0.0002002958208322525
128 0.0003282569305156358 1.738264793388602e-07 0.0003280979581177235 0.0003289333544671535
256 0.0005853684415342286 2.530592101767747e-07 0.0005851369351148605 0.0005862303078174591
512 0.001099567161872983 3.783244515157492e-07 0.001099288463592529 0.001101210713386536
1024 0.002127988613210618 9.369730120108869e-07 0.002127371728420258 0.002130951732397079
2048 0.004184811608865857 2.148523568463515e-06 0.0041828453540802 0.004191093146800995
4096 0.008291934849694371 3.698498698063358e-06 0.008289128541946411 0.008303612470626831
8192 0.01649124780669808 8.821608773039556e-06 0.01648664474487305 0.0165371298789978
16384 0.03291995264589787 1.551046280095037e-05 0.03291052579879761 0.03301173448562622
32768 0.06575340777635574 2.300726910492024e-05 0.06573450565338135 0.06585597991943359
65536 0.1313924361020327 3.175832872126118e-05 0.131369948387146 0.1315444707870483
131072 0.2626814600080252 4.689371677299786e-05 0.2626404762268066 0.2628195285797119
262144 0.5257983896881342 9.417353946211586e-05 0.5256774425506592 0.5261725187301636
524288 1.053739359602332 0.0001004662323319842 1.05362856388092 1.054356932640076
1048576 2.109500674530864 9.471209222577615e-05 2.109309434890747 2.109810948371887
