16 7.950308827275876e-05 1.283789219661661e-07 7.938279304653406e-05 7.991993334144354e-05
32 9.757117913977709e-05 3.348810760491193e-08 9.753808262757957e-05 9.768651216290891e-05
64 0.0001327165045950096 8.3012386379216e-08 0.0001325795892626047 0.0001328396028839052
128 0.0002025284084083978 1.079737267020012e-07 0.000202368653845042 0.0002028337330557406
256 0.0003421224319026805 1.558536961831975e-07 0.0003419653512537479 0.000342649407684803
512 0.0006202602380653843 4.858298906201204e-07 0.0006199043709784746 0.0006219756323844194
1024 0.00117691358900629 1.658768664110286e-07 0.001176615245640278 0.001177222467958927
2048 0.002288998628500849 2.744842093978515e-07 0.002288633026182652 0.002289609983563423
4096 0.004512130632065237 9.280145323903713e-07 0.004511242732405663 0.004513850435614586
8192 0.008968099020421505 2.873463175610486e-06 0.008964844048023224 0.008973531424999237
16384 0.01784097030758858 3.716236277901793e-06 0.01783771812915802 0.01784925162792206
32768 0.03557480964809656 5.086624289615208e-06 0.03557056188583374 0.03558887541294098
65536 0.07104131020605564 1.172430190201391e-05 0.07102963328361511 0.07107198238372803
131072 0.1420007459819317 2.992888611917041e-05 0.1419755220413208 0.1420784592628479
262144 0.2846812568604946 4.08636187417444e-05 0.2846219539642334 0.2847487330436707
524288 0.5709238089621067 5.967185073629604e-05 0.5708354711532593 0.5710472464561462
1048576 1.147135343402624 4.974057172634396e-05 1.147077202796936 1.147212743759155


16 201250.5340740151 323.8373640837319 200200.367180524 201555.0144553471
32 327965.735505962 112.4621746359836 327578.488488099 328076.9842706727
64 482231.0810119951 301.692970724 481784.0358641589 482728.9053764763
128 632010.2700065615 336.6962398420836 631058.7399425539 632509.0253256927
256 748270.2853705171 340.5004306441256 747119.3419820231 748613.855355307
512 825460.4477293801 645.103257607034 823183.3746238346 825933.8439440985
1024 870072.389880102 122.623141021625 869844.0845895638 870292.9898233392
2048 894714.3969884312 107.2809077171378 894475.4847778071 894857.3128895122
4096 907775.1723988407 186.6742161711693 907429.2687418888 907953.8040764589
8192 913460.1178735384 292.6255973471424 912907.0387136574 913791.6907552186
16384 918335.7398057198 191.2390059780516 917909.632377532 918503.1337174382
32768 921101.2216806191 131.6744331696515 920737.1578840269 921211.2000134054
65536 922505.5321053623 152.217119448037 922107.3874957019 922657.1639236892
131072 923037.4428716726 194.4888424324869 922532.5266056993 923201.3949690044
262144 920833.3838151875 132.1758576221955 920615.1584871007 921025.2278464154
524288 918315.1887153501 95.97599142927034 918116.6764285639 918457.2902254666
1048576 914082.2030101063 39.63445498821299 914020.529935934 914128.5324503364
