16 5.034139394410886e-05 1.021962598247828e-07 4.997168434783816e-05 5.056295776739717e-05
32 6.993261558818631e-05 1.043682999971335e-07 6.96767820045352e-05 7.017480675131083e-05
64 0.0001085533804143779 1.246686183227014e-07 0.0001080487854778767 0.0001087842974811792
128 0.0001858668620116077 2.027489395973256e-07 0.0001853946596384048 0.0001863008365035057
256 0.0003401779249543324 1.880962921798911e-07 0.0003397539258003235 0.0003409534692764282
512 0.0006492513348348439 4.131647065245049e-07 0.00064876489341259 0.0006507411599159241
1024 0.001267117739189416 6.637813562622384e-07 0.001266594976186752 0.001269936561584473
2048 0.002502434654161334 1.628675807750222e-06 0.002501562237739563 0.002508722245693207
4096 0.004971368936821818 2.92892356472866e-06 0.004969313740730286 0.004984945058822632
8192 0.009911490138620138 8.762757732498879e-06 0.009905368089675903 0.009945988655090332
16384 0.0197935439646244 1.002508396052387e-05 0.01978474855422974 0.01984822750091553
32768 0.03954057022929192 2.665104156120018e-05 0.03951847553253174 0.03964352607727051
65536 0.07901889085769653 3.495918740422173e-05 0.07899343967437744 0.07912957668304443
131072 0.1579710394144058 4.588075094431342e-05 0.1579290628433228 0.1581389904022217
262144 0.3163627199828625 9.235695012826951e-05 0.3162555694580078 0.3165915012359619
524288 0.63527612388134 0.0001305292522169333 0.6350444555282593 0.6357380151748657
1048576 1.273051917552948 0.0001357076347545956 1.2728670835495 1.273543000221252
