16 6.28190264251316e-05 3.22560577355664e-06 5.936739034950733e-05 6.675731856375933e-05
32 7.23468456271803e-05 3.277708149064636e-06 6.89502339810133e-05 7.633492350578308e-05
64 8.987016553874128e-05 3.312160483279689e-06 8.635059930384159e-05 9.389361366629601e-05
128 0.0001254097878700122 3.232464137510704e-06 0.0001219706609845161 0.0001294314861297607
256 0.0001949564466485754 3.299991801082467e-06 0.0001912033185362816 0.0001990310847759247
512 0.000334661453962326 3.29234207572528e-06 0.0003309845924377441 0.0003401394933462143
1024 0.0006142437341623008 3.373037622259091e-06 0.0006104372441768646 0.0006200484931468964
2048 0.001175273908302188 4.027512678518681e-06 0.001170776784420013 0.001190342009067535
4096 0.00230023474432528 5.277003699659486e-06 0.002295121550559998 0.002326816320419312
8192 0.004555408377200365 8.062121016540569e-06 0.004548132419586182 0.004599899053573608
16384 0.009044667705893517 1.710460683864734e-05 0.009033739566802979 0.009129226207733154
32768 0.0179942399263382 4.856949446264832e-05 0.01797652244567871 0.01836955547332764
65536 0.03588161990046501 9.888488889663326e-05 0.03584301471710205 0.0366215705871582
131072 0.07164413295686245 9.013519945385921e-05 0.07159292697906494 0.07223808765411377
262144 0.1438748128712177 0.0003821703883405611 0.143733024597168 0.1468049287796021
524288 0.2903983723372221 0.0001424606011718253 0.2902190685272217 0.2909665107727051
1048576 0.583196297287941 0.001382103797695231 0.5826864242553711 0.5939360857009888
