16 0.0005128406701260246 3.851395760135834e-06 0.0005085786106064916 0.0005170985823497176
32 0.0005388094432419166 3.809079623251588e-06 0.0005345672834664583 0.0005426425486803055
64 0.0005909563769819215 3.697511872690865e-06 0.0005868144799023867 0.0005946962628513575
128 0.0006955007265787572 3.632031509147237e-06 0.0006914520636200905 0.0006993301212787628
256 0.0009037784911924973 3.72739444906717e-06 0.0008997800759971142 0.0009088837541639805
512 0.001321138202911243 3.748643960342385e-06 0.001316845417022705 0.001325179822742939
1024 0.00215566682163626 3.801699784666626e-06 0.002151406370103359 0.002160281874239445
2048 0.003823410894256085 3.944920140709046e-06 0.003818769939243793 0.003827902488410473
4096 0.007157737854868174 4.171405823161373e-06 0.007152820006012917 0.007163507863879204
8192 0.01381258200854063 6.241021505113083e-06 0.01380540430545807 0.01382153108716011
16384 0.02711954386904836 6.03096094943463e-06 0.02711153775453568 0.02713003009557724
32768 0.05372686218470335 6.575706945133093e-06 0.05372019112110138 0.05373799800872803
65536 0.1069393567740917 3.08016998300739e-05 0.1069152355194092 0.1070463955402374
131072 0.2133763432502747 2.577942345309712e-05 0.2133429646492004 0.2134090065956116
262144 0.4270011223852634 1.291397538190869e-05 0.4269602298736572 0.4270179867744446
524288 0.8550917878746986 7.023402524401022e-05 0.8549984693527222 0.855279266834259
1048576 1.715510446578264 5.711072558563795e-05 1.715428233146667 1.715611457824707


16 31200.42611949216 234.7035126457928 30941.87558452651 31460.22987659594
32 59392.98634077534 420.5819059306278 58970.67982933384 59861.50104902156
64 108303.006721565 678.6455811392476 107617.9623075866 109063.4300821037
128 184044.7776880311 962.2841087098715 183032.2992036223 185117.6773265485
256 283259.7652385322 1168.500992723343 281664.1829355579 284513.9682786453
512 387547.5449474701 1100.365869708155 386362.6590240642 388807.9750147106
1024 475028.411927373 838.0606783153255 474012.2167439434 475967.7270783596
2048 535647.9072920218 552.7380931416268 535018.8533277991 536298.345431501
4096 572248.0184764466 333.5015620719123 571786.9063358468 572641.2794613531
8192 593082.5650632239 267.9512596101306 592698.4462387227 593390.8068712795
16384 604139.9825420628 134.3459697099105 603906.4439766668 604318.3587865283
32768 609899.7620127869 74.64150609208589 609773.3673420041 609975.4918245008
65536 612833.3578030583 176.3769744493167 612220.5205439712 612971.5721208202
131072 614276.1648133063 74.21593748856232 614182.1382842016 614372.2630625365
262144 613918.7615255977 18.56808566561435 613894.5152642182 613977.5596372796
524288 613136.5202545184 50.35671312635161 613002.1156020839 613203.4369569258
1048576 611232.6527541449 20.34840377729266 611196.6641500121 611261.9459903385
