16 3.975256186095066e-05 4.446762325817679e-07 3.892823588103056e-05 4.051002906635404e-05
32 4.792362597072497e-05 5.93950586189771e-07 4.652247298508883e-05 4.911085125058889e-05
64 6.333659621304832e-05 5.424430711509459e-07 6.242073141038418e-05 6.441818550229073e-05
128 9.344875434180722e-05 5.449117271206821e-07 9.270897135138512e-05 9.477371349930763e-05
256 0.0001537120551802218 5.268778580312463e-07 0.0001524956896901131 0.0001547811552882195
512 0.0002740189083851874 6.34991425052939e-07 0.0002730321139097214 0.0002761092036962509
1024 0.0005154017708264291 8.122372667340717e-07 0.000514499843120575 0.0005182810127735138
2048 0.0009993491694331169 1.796674084674992e-06 0.0009978115558624268 0.00100446492433548
4096 0.001967201475054026 4.127067201413935e-06 0.001963496208190918 0.00197918713092804
8192 0.003912593238055706 5.862446723788144e-06 0.003906995058059692 0.003929376602172852
16384 0.007811663672327995 1.389857547774044e-05 0.007796764373779297 0.007859468460083008
32768 0.01555275544524193 1.77422281244626e-05 0.015533447265625 0.01562643051147461
65536 0.03103101998567581 7.163600896807352e-05 0.03099656105041504 0.03151106834411621
131072 0.06197905167937279 7.049789488122769e-05 0.06193697452545166 0.06221497058868408
262144 0.1242398638278246 0.000140589877840783 0.1241484880447388 0.1247944831848145
524288 0.2510355655103922 0.0002849817941588731 0.2507998943328857 0.2518730163574219
1048576 0.5057426206767559 0.0006176925924777091 0.5052714347839355 0.5073720216751099
