16 0.005219902775024821 6.21671877769821e-07 0.005218526115640998 0.005222450941801071
32 0.005230311791819986 6.157612466292308e-07 0.005228283233009279 0.005231370567344129
64 0.005251577866147272 6.032111677561797e-07 0.005250063491985202 0.005253582959994674
128 0.005293891728797462 6.732524585525611e-07 0.005292134825140238 0.005295384675264359
256 0.005378109446610324 9.046501591184884e-07 0.005376484245061874 0.005381332710385323
512 0.005546697211684659 9.336642938550614e-07 0.005544571205973625 0.005548624321818352
1024 0.00588383903959766 1.591368096615938e-06 0.005881406366825104 0.00588877871632576
2048 0.006559119676239789 2.46466339696521e-06 0.006555505096912384 0.006566561758518219
4096 0.007910852553322911 3.127963028842485e-06 0.007905319333076477 0.007922559976577759
8192 0.01061395881697536 4.988932581885331e-06 0.01060876250267029 0.01063337922096252
16384 0.01600899361073971 6.427572337841447e-06 0.01599997282028198 0.01604300737380981
32768 0.02679528668522835 1.372951720573613e-05 0.02677702903747559 0.02685201168060303
65536 0.0483432449400425 1.468907867331724e-05 0.04831850528717041 0.04840803146362305
131072 0.09145716950297356 3.218057322875502e-05 0.09141051769256592 0.09157145023345947
262144 0.1780395433306694 7.044007225389576e-05 0.1779055595397949 0.178289532661438
524288 0.3534841686487198 0.0001167169167066357 0.353272557258606 0.3537739515304565
1048576 0.705736393108964 0.000218221564099408 0.7052071094512939 0.7060675621032715
