16 0.000147660130096483 3.150015501179509e-07 0.0001471647992730141 0.000148748280480504
32 0.0001743630655255402 3.310860258206812e-07 0.0001738970167934895 0.0001751963282003999
64 0.0002281402994412929 3.890961737498686e-07 0.0002275770530104637 0.0002292313147336245
128 0.00033514774258947 3.900606012884751e-07 0.0003345506265759468 0.0003362833522260189
256 0.0005492836789926514 4.755826245831093e-07 0.0005486179143190384 0.0005511129274964333
512 0.0009774412901606411 6.743214975914066e-07 0.0009766798466444016 0.0009813904762268066
1024 0.001834451570175588 1.489035425653945e-06 0.001832656562328339 0.001838404685258865
2048 0.003547764499671757 2.291290525404739e-06 0.003544844686985016 0.003556057810783386
4096 0.006978981196880341 3.614895016530858e-06 0.006973743438720703 0.006990939378738403
8192 0.01382531598210335 5.025459240667646e-06 0.01382076740264893 0.01384475827217102
16384 0.02754230145365 1.123917900643187e-05 0.02753275632858276 0.02758997678756714
32768 0.0549603346735239 4.178220169684301e-05 0.05494141578674316 0.05525994300842285
65536 0.1097853295505047 9.203381841627989e-05 0.1097370386123657 0.1103584766387939
131072 0.2193888835608959 0.0001531338445159669 0.2193264961242676 0.2205550670623779
262144 0.4391089212149382 0.0003233226082007368 0.4389029741287231 0.4414589405059814
524288 0.880691759288311 0.0005916651880833792 0.8803420066833496 0.8845469951629639
1048576 1.766164461150765 0.002534622975297204 1.765058994293213 1.784366488456726
