16 5.576682724495186e-05 4.70365962861059e-07 5.529588088393211e-05 5.691702244803309e-05
32 6.447766645578668e-05 4.028665442187715e-07 6.343156564980745e-05 6.55746553093195e-05
64 8.067005546763539e-05 4.595260328947393e-07 7.98350665718317e-05 8.214847184717655e-05
128 0.0001128845251514576 4.645246404297861e-07 0.0001119337975978851 0.0001144236885011196
256 0.0001772955147316679 4.829599670757695e-07 0.0001764176413416862 0.0001784805208444595
512 0.0003060776216443628 7.750917961575637e-07 0.0003051012754440308 0.0003089290112257004
1024 0.0005634214612655342 1.134231423323276e-06 0.0005618110299110413 0.0005682967603206635
2048 0.001080331741832197 2.444703939980962e-06 0.001077160239219666 0.001089528203010559
4096 0.002115549286827445 2.636387630056173e-06 0.002107813954353333 0.002129241824150085
8192 0.004192015156149864 5.468066164635237e-06 0.004182368516921997 0.004214257001876831
16384 0.00833592563867569 9.915809013809453e-06 0.008319497108459473 0.008374273777008057
32768 0.01659735105931759 2.749774115630503e-05 0.01655793190002441 0.01670050621032715
65536 0.03309843130409718 4.073434976538956e-05 0.03303253650665283 0.03318655490875244
131072 0.06609333120286465 8.061497555755942e-05 0.06592047214508057 0.0662078857421875
262144 0.1324130930006504 0.0001825980337175872 0.1320744752883911 0.1327160596847534
524288 0.2675776071846485 0.0003262827345336591 0.2669185400009155 0.2681509256362915
1048576 0.5391708705574274 0.0006456840123518163 0.5379570722579956 0.5404460430145264
