16 0.0004205062505207025 1.180926434521762e-06 0.0004184613935649395 0.0004224462900310755
32 0.0004275560131645761 1.157297117108677e-06 0.0004260025452822447 0.0004289653152227402
64 0.0004417327581904829 1.102656892958623e-06 0.0004400932230055332 0.0004437329480424523
128 0.0004696861142292619 1.008516072970545e-06 0.0004681899445131421 0.000471054227091372
256 0.0005254657298792154 1.260090889547065e-06 0.0005239658057689667 0.0005286016967147589
512 0.0006366005254676566 1.231944927376067e-06 0.0006349286995828152 0.0006390039343386889
1024 0.0008571106445742771 1.048285378729518e-06 0.0008554423693567514 0.0008594442624598742
2048 0.001299371855566278 1.075876536027368e-06 0.001296607311815023 0.001302130520343781
4096 0.002188515616580844 1.688338028710012e-06 0.002185231074690819 0.002192742191255093
8192 0.003966740565374494 2.361264794164867e-06 0.00396038219332695 0.003971116617321968
16384 0.00751217536162585 6.108701602839061e-06 0.007497476413846016 0.007517313584685326
32768 0.01458502444438636 1.878997640577649e-05 0.01455197110772133 0.0146128423511982
65536 0.02874873857945204 3.043805037578036e-05 0.02867015451192856 0.02880246937274933
131072 0.05706182681024075 4.283432301961723e-05 0.05693787336349487 0.0571456253528595
262144 0.114238053560257 0.0001056788710189307 0.1140194833278656 0.114431768655777
524288 0.2309341914951801 0.0002410140023967616 0.2305342555046082 0.2315127849578857
1048576 0.4650489501655102 0.0002744602280716482 0.4643877148628235 0.4655464887619019


16 38049.65635570192 106.8792752543145 37874.63726767024 38235.30735701433
32 74844.50916257073 202.7206518864411 74598.10587106326 75116.9220803567
64 144884.8260371769 361.6247514127699 144230.8944655538 145423.7344599949
128 272523.6062124699 585.5608064087925 271730.923189808 273393.312906589
256 487189.4840690106 1166.343183101095 484296.5915376948 488581.5012762085
512 804274.8582707032 1556.258757257419 801247.0228839414 806389.7573639585
1024 1194713.240056182 1460.434381389602 1191467.608462636 1197041.480152538
2048 1576147.203372256 1305.02569691193 1572807.002065584 1579506.749143006
4096 1871589.242126459 1443.136039308594 1867980.657432195 1874401.315009457
8192 2065172.296491491 1230.066940331651 2062895.852583776 2068487.231813919
16384 2180994.10355003 1775.572754040517 2179502.001004503 2185268.628487145
32768 2246691.539967882 2896.832393338151 2242411.107467614 2251791.166807167
65536 2279615.461569658 2416.849431113474 2275360.461350064 2285861.41636359
131072 2297018.455865073 1725.932173257719 2293648.887218649 2302017.835531516
262144 2294718.811140768 2124.201199636824 2290832.371808892 2299115.838353687
524288 2270294.111702683 2368.406824053419 2264617.913414038 2274230.347470075
1048576 2254765.529987784 1331.448586251052 2252355.082278972 2257975.321999509
