16 0.0001645525189815089 7.40539407019901e-07 0.0001637035747990012 0.0001652606879360974
32 0.0001798829762265086 7.26830711703786e-07 0.0001790676615200937 0.0001807736698538065
64 0.0002104436825902667 6.612499915138108e-07 0.000209676509257406 0.000211133505217731
128 0.0002715367518248968 6.675453725800767e-07 0.0002707426901906729 0.0002721772762015462
256 0.000393723435990978 7.870952247798949e-07 0.00039291987195611 0.0003956577274948359
512 0.000638299374259077 1.292773442891465e-06 0.0006372276693582535 0.0006410421337932348
1024 0.001127287949202582 2.437949225129651e-06 0.001125824172049761 0.001132339704781771
2048 0.002104676910676062 3.708283415275421e-06 0.002102566882967949 0.002115964889526367
4096 0.004059896687977016 4.501531414961713e-06 0.00405585765838623 0.00407550111413002
8192 0.007982983021065593 1.164043796632176e-05 0.007972750812768936 0.008017469197511673
16384 0.01584595907479525 3.164269127449689e-05 0.01581715047359467 0.01593688130378723
32768 0.03154645953327417 2.118808433870564e-05 0.03152275085449219 0.03160426020622253
65536 0.06294003129005432 4.321382785420329e-05 0.06287449598312378 0.0630512535572052
131072 0.1257437206804752 0.0001504695915759484 0.1256125569343567 0.1262612342834473
262144 0.2519783601164818 0.0005116871155583729 0.251553475856781 0.2530574798583984
524288 0.5067388117313385 0.001003605932395988 0.5057512521743774 0.5087710022926331
1048576 1.01597335934639 0.000658555336419361 1.015229761600494 1.016652286052704


16 97235.24274802374 438.0633794879448 96816.73360930727 97737.63352232928
32 177896.156717597 719.2944939787227 177016.9296550694 178703.4003144627
64 304122.1862448106 956.299271743698 303125.739962495 305232.0940798925
128 471393.7425548132 1159.565969901685 470281.7288288847 472773.6136102322
256 650205.0282263909 1298.024719063796 647023.8850657638 651532.3308173015
512 802134.5228850356 1620.521001000449 798699.4504875139 803480.4899724942
1024 908378.8010924899 1958.27266996213 904322.2591910699 909555.8839668791
2048 973073.7891828467 1707.59520676541 967879.954028169 974047.4924198734
4096 1008893.827088721 1115.382972934817 1005029.782914035 1009897.374364401
8192 1026184.856107971 1492.067935423723 1021768.814845275 1027499.816861192
16384 1033958.307225055 2057.01711152365 1028055.595551591 1035837.651500606
32768 1038722.390167456 697.1329414380812 1036822.244412111 1039503.187753373
65536 1041245.573037784 714.5279022432342 1039408.35911439 1042330.423095409
131072 1042375.513505703 1243.500184303824 1038101.68452617 1043462.558193894
262144 1040347.315726814 2106.639539446624 1035906.941563972 1042100.488204936
524288 1034635.419548099 2043.91358974481 1030498.982130357 1036651.906932365
1048576 1032090.461227905 669.0087588308253 1031400.818534766 1032846.001625224
