16 2.166847789109028e-05 1.557115648469737e-08 2.163348034400769e-05 2.168963553117464e-05
32 2.863522654017459e-05 3.377321258279681e-08 2.856118750926839e-05 2.867266483619346e-05
64 4.287456545837287e-05 3.687720031456725e-08 4.27799060460643e-05 4.28956247802148e-05
128 7.137019262426492e-05 4.231103190967223e-08 7.131433045515223e-05 7.143737823867014e-05
256 0.0001282190234928038 5.6246818562326e-08 0.0001280849805311846 0.0001282834303424352
512 0.0002419771157935457 3.544032119336041e-08 0.0002418872048792764 0.0002420087782866176
1024 0.0004695166733554856 5.487455945427077e-08 0.000469437476681378 0.0004696050021379961
2048 0.0009246040605148664 1.15324084350668e-07 0.0009244150327276657 0.0009247628081539006
4096 0.001835476068464459 1.993179938051614e-07 0.001835162129509627 0.001835765490341146
8192 0.003658113124259899 4.815985921950978e-07 0.003657546873000683 0.003659289509869268
16384 0.007334805643210984 8.790677037093866e-07 0.007333609201850777 0.007336242634664814
32768 0.0146751931564495 1.608142344649773e-06 0.01467229808076809 0.01467853113354067
65536 0.02930872828073916 3.463071264912829e-06 0.02930347042638459 0.0293143105773197
131072 0.05858017466380261 7.632712491267404e-06 0.0585681266602478 0.05859568458981812
262144 0.1172471186337134 2.342528784597062e-05 0.1172046247666003 0.1172853628813755
524288 0.237538582417983 6.242833587253414e-05 0.2374590182444081 0.2376412573212292
1048576 0.4800276765272429 4.193887433596497e-05 0.4799322632024996 0.4800917525717523


16 738400.1696680702 530.9805358562508 737679.5233374531 739594.357707306
32 1117506.150517497 1319.550766176221 1116045.550102007 1120401.593582748
64 1492727.536354424 1286.256602536311 1491993.655015357 1496029.466055546
128 1793466.396371874 1063.217402956016 1791779.081986406 1794870.668813135
256 1996583.964210564 876.3749790385253 1995581.185478458 1998673.060169395
512 2115902.607649283 309.9751044950185 2115625.737317778 2116689.058669037
1024 2180966.23873779 254.8900494880869 2180555.989263274 2181334.151757596
2048 2215002.201840782 276.2890411891768 2214621.935421919 2215455.101327138
4096 2231573.658549085 242.3331562168647 2231221.809948518 2231955.386467403
8192 2239405.905402945 294.7951853180591 2238685.94652208 2239752.5676217
16384 2233733.382667662 267.7012158109639 2233295.81856838 2234097.774921683
32768 2232883.752844764 244.6846469994258 2232375.957913432 2233324.310862461
65536 2236057.471686314 264.2034834739194 2235631.632104792 2236458.653067657
131072 2237480.561269791 291.5237944968571 2236888.277994037 2237940.796029645
262144 2235824.750879445 446.7220312027313 2235095.612613973 2236635.290817491
524288 2207170.00417653 580.0372357279269 2206216.234966721 2207909.406331197
1048576 2184407.397277223 190.8531855011671 2184115.836989482 2184841.654534841
