16 0.003517655197356362 7.725992798815722e-06 0.003499651327729225 0.003524355473928154
32 0.003550422772605089 7.84601501704528e-06 0.003530332469381392 0.003557218704372644
64 0.003616306668845937 8.053129151295357e-06 0.003594444366171956 0.003623205004259944
128 0.003748386341612786 7.571108681685934e-06 0.003726654220372438 0.003754796925932169
256 0.004012403442175128 7.07280651611652e-06 0.003989738412201405 0.004018534906208515
512 0.004539535293588415 6.427144160947227e-06 0.004517890512943268 0.004545053467154503
1024 0.005593853071331978 5.983787319847292e-06 0.005567718297243118 0.005601014941930771
2048 0.007702681585215032 8.068025450775515e-06 0.007675223052501678 0.007718689739704132
4096 0.01191612076945603 1.722975914826706e-05 0.01189631223678589 0.01194800436496735
8192 0.02032575570046902 3.838753933232955e-05 0.02028098702430725 0.0203816294670105
16384 0.03712839633226395 8.386937667583125e-05 0.03702473640441895 0.03724950551986694
32768 0.07070576399564743 0.0001775256439184987 0.07050049304962158 0.07099151611328125
65536 0.1378721967339516 0.000354043020041916 0.1374880075454712 0.1384874582290649
131072 0.272283649072051 0.0007143333138420124 0.271418571472168 0.2731889486312866
262144 0.5415219310671091 0.001406427219496341 0.5398736000061035 0.5433645248413086
524288 1.082681210711598 0.002765776173999023 1.079819440841675 1.086246967315674
1048576 2.164008868858218 0.005490373345982912 2.158256530761719 2.17095148563385
