16 0.008034294645767659 2.647543803615445e-06 0.008028818410821259 0.008037593215703964
32 0.008084776884061284 2.480808189248038e-06 0.008078371174633503 0.008087551686912775
64 0.008186635503079742 3.521632325493641e-06 0.008179205469787121 0.008193165995180607
128 0.008387267414946109 3.618574897834146e-06 0.008379199542105198 0.00839227344840765
256 0.008789167040959001 5.278203641733425e-06 0.008778922259807587 0.008793827146291733
512 0.009593060705810785 7.788703213485725e-06 0.009581923484802246 0.009601794183254242
1024 0.01120101357810199 1.473419983473843e-05 0.01117886230349541 0.01121640577912331
2048 0.01440927176736295 2.778754003436165e-05 0.01437605917453766 0.01444100216031075
4096 0.02082587871700525 5.755542219403817e-05 0.02076190710067749 0.02089265733957291
8192 0.0336561081930995 0.0001097115216842863 0.03352813422679901 0.03377918899059296
16384 0.05932718701660633 0.0002042387106832154 0.05905711650848389 0.05954325199127197
32768 0.1106588095426559 0.0004236330456702557 0.1101112365722656 0.1110991239547729
65536 0.2133362516760826 0.0008561731780658482 0.2122524976730347 0.2143067717552185
131072 0.418984442949295 0.00169868968831909 0.4165967106819153 0.4206252694129944
262144 0.8300739713013172 0.003311239559870643 0.825591504573822 0.8336607813835144
524288 1.654566753655672 0.007503150899217474 1.64496374130249 1.662813246250153
1048576 3.303802758455276 0.01601384267109446 3.286568760871887 3.322214007377625


16 1991.463138304866 0.6564379747104548 1990.645653569401 1992.821257289263
32 3958.056392222146 1.214936878128048 3956.698051374707 3961.194566112737
64 7817.620691655606 3.363264735888436 7811.388178592519 7824.720901853774
128 15261.23062645734 6.586833195366603 15252.12456277705 15275.92216378238
256 29126.7745164185 17.49871195271627 29111.32954301389 29160.75486532568
512 53371.94584844101 43.34638494129177 53323.3675111408 53433.9478719566
1024 91420.44643245349 120.3047153020181 91294.8425872693 91601.45032646261
2048 142131.2035844539 274.0440937838413 141818.4124110629 142459.0685900446
4096 196679.7835876868 543.3667989296583 196049.7381174075 197284.3814461698
8192 243405.4929595842 793.4109303977914 242516.1836265921 244332.1165617424
16384 276166.508448805 951.0170006079553 275161.3231068 277426.3453524072
32768 296121.4808466191 1134.444182638839 294943.8198391145 297589.9737398233
65536 307200.4394279601 1233.722798710333 305804.6158002665 308764.3288935767
131072 312837.4445507435 1269.963080511399 311612.2818367954 314625.6238688298
262144 315812.7138394607 1260.699941036093 314449.2410509643 317522.6471538381
524288 316879.392749186 1437.004613907941 315301.7942227328 318723.1346417802
1048576 317391.5504241809 1537.325400077383 315625.663389364 319048.8549893675
