16 0.006166939878312405 6.815812067158381e-06 0.006156184012070298 0.006180344265885651
32 0.006171494082082063 6.681853905824517e-06 0.006165773374959826 0.006188431521877646
64 0.00618097060942091 6.225052636756812e-06 0.006175804417580366 0.006196535192430019
128 0.006200800591614097 5.109846218528317e-06 0.006195534951984882 0.006209144368767738
256 0.006240138201974332 6.094754765717864e-06 0.006230959668755531 0.006250867620110512
512 0.006317173363640904 4.774232396036517e-06 0.006308211013674736 0.006327273324131966
1024 0.006472087232396007 3.826300890739665e-06 0.006462078541517258 0.006479047238826752
2048 0.006783003685995936 4.992592764931618e-06 0.006767509505152702 0.006790734827518463
4096 0.00740592204965651 1.225542625402446e-05 0.007383765652775764 0.007419444620609283
8192 0.008645660243928432 3.245588021382731e-05 0.008609030395746231 0.008684482425451279
16384 0.0111242700368166 6.977065182023698e-05 0.01105121895670891 0.01120363920927048
32768 0.01606751931831241 0.0001496507889398174 0.01590099930763245 0.01623353362083435
65536 0.02596847014501691 0.0002865679215297991 0.02567937225103378 0.02629287540912628
131072 0.04579888749867678 0.0005614345206811759 0.04531024396419525 0.04643206298351288
262144 0.08555915020406246 0.00100866090843409 0.08458301424980164 0.08665376901626587
524288 0.1664995923638344 0.002029085644144764 0.1644939780235291 0.1687082648277283
1048576 0.32807781919837 0.004402310152729163 0.3241584897041321 0.3329690098762512


16 2594.482617646915 2.866802680370156 2588.852547958698 2599.012630004097
32 5185.135836569269 5.608057145382999 5170.938692118032 5189.940994256621
64 10354.37067070879 10.41721524250706 10328.35254097894 10363.02247814297
128 20642.50891071399 17.00580045062624 20614.75662312596 20660.04001139438
256 41024.76909965046 40.05821931230967 40954.31475406514 41085.16402115137
512 81048.95094968188 61.23773556483708 80919.53259664832 81164.05727235549
1024 158217.9440603679 93.58085029564822 158047.9293102715 158462.9455400539
2048 301931.2883078689 222.5185655814358 301587.3910582958 302622.4046587119
4096 553072.32392638 915.5196239478696 552062.8846830906 554730.4983142577
8192 947539.9121467533 3554.298787870768 943291.6780385232 951558.9588402094
16384 1472869.981217589 9224.899402803989 1462381.971961666 1482551.387695897
32768 2039559.370373368 18956.75706967014 2018537.723539444 2060750.985900077
65536 2523963.287899434 27787.44990751631 2492538.339007699 2552087.3080284
131072 2862305.627326782 34983.55445004683 2822876.942739786 2892767.474471663
262144 3064290.905120668 36088.4663972491 3025188.667221073 3099251.100531864
524288 3149322.414864058 38321.98041581931 3107660.436999705 3187277.773323753
1048576 3196657.616127892 42755.60550379448 3149169.949448767 3234763.343564016
