16 0.002004451203902136 4.830161723382826e-06 0.001999309577513486 0.00201372557785362
32 0.002011174472499988 4.745834008758857e-06 0.002005998976528645 0.002020188025198877
64 0.002021579301072052 4.808669582489121e-06 0.002016357379034162 0.002030644565820694
128 0.002041127627308015 4.753265491377956e-06 0.002035976387560368 0.002050619106739759
256 0.002080112550174817 4.838662986148333e-06 0.002073866315186024 0.002089656889438629
512 0.00215783339808695 4.757755975356086e-06 0.002151405438780785 0.002168374136090279
1024 0.002313694974873215 4.716264212998535e-06 0.002307001501321793 0.002322439104318619
2048 0.002627252484671772 5.115675381433397e-06 0.002619840204715729 0.002636440098285675
4096 0.003258879762142897 5.416909528009484e-06 0.003252744674682617 0.003273814916610718
8192 0.004522441886365414 5.596751478637188e-06 0.004515737295150757 0.004542380571365356
16384 0.007030989043414593 6.948283963482972e-06 0.007023453712463379 0.007052242755889893
32768 0.0120292454957962 9.144770076648153e-06 0.01201903820037842 0.01207494735717773
65536 0.0220094695687294 1.90535234037618e-05 0.02199351787567139 0.0220799446105957
131072 0.04198657907545567 2.191283511561848e-05 0.04196298122406006 0.04205751419067383
262144 0.08233826421201229 4.354061063322228e-05 0.08229804039001465 0.0824894905090332
524288 0.1656198967248201 6.690096222113641e-05 0.1655474901199341 0.1658989191055298
1048576 0.3310200236737728 0.0001058539015475927 0.3309065103530884 0.3313014507293701
