16 0.002708290405280422 6.211112483827459e-06 0.002701089368201792 0.002715301816351712
32 0.002720286182011478 6.319237852295665e-06 0.00271250493824482 0.002727553714066744
64 0.002744286903180182 5.968033374994816e-06 0.002736890688538551 0.002751152496784925
128 0.002792070969007909 6.484155822175214e-06 0.002784469164907932 0.002799484878778458
256 0.002887064474634826 6.215591490163093e-06 0.002879070118069649 0.002894023433327675
512 0.00307717191753909 6.151159702880647e-06 0.003069906495511532 0.003084477037191391
1024 0.003457593033090234 7.162908465847545e-06 0.003448952920734882 0.003465604968369007
2048 0.004221028415486217 6.296222921928066e-06 0.004210773855447769 0.004227953031659126
4096 0.00574544828850776 9.259732530325807e-06 0.005730202421545982 0.005755554884672165
8192 0.008800085401162505 1.88795979273429e-05 0.008775766938924789 0.008821252733469009
16384 0.01488698809407651 2.90220118853781e-05 0.01484270393848419 0.01491821929812431
32768 0.02702511940151453 5.487436656901461e-05 0.02693425118923187 0.02708074450492859
65536 0.05128768365830183 0.0001135373355629717 0.05110025405883789 0.05139981210231781
131072 0.09997676685452461 0.0002253122211185963 0.09965726733207703 0.1002126336097717
262144 0.1974729560315609 0.0003862278627929803 0.1968594789505005 0.1978654861450195
524288 0.3952431306242943 0.0007241737802632448 0.3942797780036926 0.3959825038909912
1048576 0.7913269698619843 0.001289005917345806 0.7899487614631653 0.7927787303924561


16 5907.81506864415 13.54417264127351 5892.530953151149 5923.53595862389
32 11763.52769679407 27.31896775207822 11732.12459023894 11797.21354561155
64 23321.28015912938 50.70681709430106 23262.97799732738 23384.20027808082
128 45844.33862927703 106.4305729218117 45722.69740419252 45969.26466744777
256 88671.768307316 190.8634400169515 88458.1641779037 88917.59821801151
512 166387.166902226 332.4998494343023 165992.4822997574 166780.3240094082
1024 296160.9734972012 613.3282171531498 295475.1073322467 296901.704237184
2048 485190.8282920746 723.9312808366108 484395.1634903397 486371.40589974
4096 712913.9052285776 1149.251666679645 711660.3146133159 714808.9541477172
8192 930904.0728906131 1996.751061704412 928666.2844290199 933479.6670208391
16384 1100562.337020698 2146.713310016322 1098254.401050398 1103841.999941772
32768 1212506.272374306 2464.512967059954 1210011.046558796 1216592.203354085
65536 1277817.534149036 2832.21776090206 1275024.116227163 1282498.516045351
131072 1311030.838518526 2956.405927319333 1307938.882340871 1315227.715037009
262144 1327497.932223246 2598.266074007104 1324859.656463126 1331630.061186513
524288 1326499.083276501 2431.011118438348 1324018.093850757 1329735.962251378
1048576 1325088.930159893 2158.067403597318 1322659.097426736 1327397.485955669
