16 0.002921363453424419 5.355319098505496e-06 0.00291522074257955 0.002930415561422706
32 0.002928077770775417 5.961754925156182e-06 0.0029115293873474 0.002943105879239738
64 0.002943256000435213 5.868761885665731e-06 0.002930153394117951 0.002957827178761363
128 0.002973889655550011 5.854305848713528e-06 0.002967644482851028 0.00298658199608326
256 0.003033023676835001 5.60729854128915e-06 0.003026816062629223 0.003044089302420616
512 0.003149578958982602 5.502412597660465e-06 0.003142789006233215 0.003160007297992706
1024 0.003385323099792004 5.169512497026669e-06 0.003378096967935562 0.003394559025764465
2048 0.003856409108266234 5.375954840217269e-06 0.003848247230052948 0.003870286047458649
4096 0.004800206515938044 6.523777674045067e-06 0.004789561033248901 0.004816815257072449
8192 0.006693936418741941 6.388646813130014e-06 0.00667688250541687 0.006708264350891113
16384 0.01045796647667885 9.442410388996534e-06 0.01042598485946655 0.01048499345779419
32768 0.01796741224825382 2.820505118341047e-05 0.0179135799407959 0.018157958984375
65536 0.03296975046396255 5.976107624838889e-05 0.03285098075866699 0.03334951400756836
131072 0.06299627013504505 6.885121036522945e-05 0.06276845932006836 0.06338250637054443
262144 0.1235999595373869 0.000218769102963069 0.1231309175491333 0.1251845359802246
524288 0.2471626028418541 0.0001651835268894338 0.2462685108184814 0.247357964515686
1048576 0.4933815095573664 0.0004682102785301763 0.4916784763336182 0.4937639236450195
