16 0.00420344300528086 7.659033612122833e-06 0.004179062263574451 0.004209497303236276
32 0.00421463790917187 7.530241619487393e-06 0.004189459956251085 0.004221143084578216
64 0.004237289824231993 7.627941032494971e-06 0.004213250009343028 0.004243928706273437
128 0.004283361748093739 7.469323189514982e-06 0.00425952160730958 0.004289589822292328
256 0.004374649026431143 7.485469684314894e-06 0.004346534609794617 0.004380707629024982
512 0.004555549850920215 7.973053178118545e-06 0.004526430740952492 0.004561180248856544
1024 0.004918019403703511 8.143714014068834e-06 0.004888419061899185 0.004925470799207687
2048 0.005643062409944832 1.220521875612291e-05 0.005607753992080688 0.005655564367771149
4096 0.007095705950632691 2.181929823248736e-05 0.007043316960334778 0.007120192050933838
8192 0.01000202726572752 4.155464181623901e-05 0.009927123785018921 0.01006373763084412
16384 0.01578185707330704 9.07212639525389e-05 0.01566022634506226 0.01591670513153076
32768 0.02728672325611115 0.0001633774408680961 0.02707648277282715 0.02758705615997314
65536 0.05030001699924469 0.0003283733477487232 0.04988789558410645 0.05090856552124023
131072 0.09635972417891026 0.0006630776903618674 0.09556043148040771 0.09761345386505127
262144 0.1891260165721178 0.001253073593976936 0.1875795125961304 0.1915415525436401
524288 0.3773566763848066 0.002059927199759642 0.3750795125961304 0.3821674585342407
1048576 0.7528765965253115 0.00389541669958091 0.7487205266952515 0.762097954750061
