16 0.00212980105789029 5.452893891429138e-06 0.002126482897438109 0.002141479519195855
32 0.002140208556738799 5.185790626380742e-06 0.002136826165951788 0.00215177156496793
64 0.002162162891181652 5.414991858895027e-06 0.002158744260668755 0.00217420794069767
128 0.00220478815754177 5.337624251106597e-06 0.002200582064688206 0.002216990105807781
256 0.002290185482706875 5.575168519109697e-06 0.002285960130393505 0.002302929759025574
512 0.002460815274389461 5.712797919193104e-06 0.002456787973642349 0.002474179491400719
1024 0.002802251081448048 6.153709864511647e-06 0.002797342836856842 0.002824094146490097
2048 0.003484520479105413 5.887568298545786e-06 0.003480061888694763 0.003499716520309448
4096 0.004852046025916934 5.668372891998155e-06 0.00484699010848999 0.004864320158958435
8192 0.007586281280964613 5.932496715048606e-06 0.007580488920211792 0.007601499557495117
16384 0.01303980592638254 8.332107425884881e-06 0.01303273439407349 0.01307696104049683
32768 0.02391458489000797 1.012483485549058e-05 0.02390456199645996 0.02395796775817871
65536 0.04565620236098766 1.585958655534552e-05 0.04564249515533447 0.04576003551483154
131072 0.0891693476587534 2.662002450885773e-05 0.08914554119110107 0.08924996852874756
262144 0.1765104345977306 5.833702785375163e-05 0.1764559745788574 0.1767004728317261
524288 0.3529019989073277 8.400798157981421e-05 0.3528009653091431 0.3530734777450562
1048576 0.7051455639302731 9.939017551221926e-05 0.7049510478973389 0.7053524255752563
