16 0.003088580097937665 5.268145264984612e-06 0.003079607617110014 0.003097579348832369
32 0.003111813466603053 5.573145338851615e-06 0.003098257351666689 0.003126115771010518
64 0.003157923325488809 5.627505115450712e-06 0.003147044917568564 0.003172178752720356
128 0.003248810433433391 5.969285426592167e-06 0.003238558769226074 0.003269509878009558
256 0.003423143411055207 6.768248887004973e-06 0.003413749858736992 0.003446241840720177
512 0.003769438277231529 6.061416292971154e-06 0.003759780898690224 0.00379454717040062
1024 0.004457111179362983 6.072244737006476e-06 0.004447281360626221 0.00447135791182518
2048 0.005827938090078533 6.509032214334956e-06 0.005819283425807953 0.005841247737407684
4096 0.008571173064410686 8.541757945654488e-06 0.008558869361877441 0.008596256375312805
8192 0.01403764355927706 1.762303001568029e-05 0.01401799917221069 0.01410210132598877
16384 0.02495804149657488 3.642649124261853e-05 0.02491700649261475 0.02514499425888062
32768 0.04678739234805107 6.270695591894133e-05 0.04671704769134521 0.04702699184417725
65536 0.09048387035727501 0.0003045122238751014 0.09026753902435303 0.09268295764923096
131072 0.1778266802430153 0.0002347016909403149 0.1775895357131958 0.178617000579834
262144 0.3532261177897453 0.000476207456386724 0.3526054620742798 0.3552080392837524
524288 0.7065837681293488 0.000798342343414792 0.7056275606155396 0.7100130319595337
1048576 1.411955703049898 0.001681340009503662 1.410093545913696 1.418528914451599
