16 0.004294478153497039 4.61824203439517e-06 0.004290758806746453 0.004310136428102851
32 0.00431079665577272 4.964357698362125e-06 0.00430575292557478 0.004325830494053662
64 0.004343760178016964 6.258602524889433e-06 0.004339448176324368 0.004374481504783034
128 0.004408252651046496 6.446672274698411e-06 0.004403677769005299 0.004440230783075094
256 0.004536475928034633 6.008961581551248e-06 0.004531608894467354 0.004563555121421814
512 0.004792160441866145 6.296700351834606e-06 0.004787053912878036 0.004815546795725822
1024 0.00530407321639359 6.1773937226151e-06 0.005298718810081482 0.005327813327312469
2048 0.006331523414701223 5.830448528352483e-06 0.006326064467430115 0.00635240226984024
4096 0.008381594670936465 6.053646928416994e-06 0.008375257253646851 0.008406683802604675
8192 0.01247146259993315 6.83771235866695e-06 0.01246410608291626 0.01249212026596069
16384 0.0206102542579174 1.00055119449587e-05 0.02059900760650635 0.02065050601959229
32768 0.03687307611107826 1.327440572752178e-05 0.03685593605041504 0.03693795204162598
65536 0.06938988342881203 2.21712895964945e-05 0.06936895847320557 0.06947147846221924
131072 0.1344539225101471 2.986431486189298e-05 0.1344269514083862 0.1345444917678833
262144 0.2650861460715532 8.911128510419345e-05 0.264986515045166 0.2655689716339111
524288 0.5293082967400551 7.311161522397197e-05 0.5291675329208374 0.5295175313949585
1048576 1.056479858234525 7.708966765674857e-05 1.056357026100159 1.056714057922363
