16 0.002962370765999367 1.120434313454058e-05 0.002941066399216652 0.00297379243420437
32 0.00296748650362133 1.141700967395908e-05 0.002944118110463023 0.002979124081321061
64 0.002977257761813235 1.136598161740371e-05 0.002954213880002499 0.002988821128383279
128 0.002995828988787252 1.104577595760035e-05 0.002973379101604223 0.00300719914957881
256 0.003033157714526169 1.05269405240722e-05 0.003011386841535568 0.003044222481548786
512 0.003108123986748978 1.085517669441491e-05 0.0030868761241436 0.003120109438896179
1024 0.003257981617935002 1.195673591053663e-05 0.003236420452594757 0.003273189067840576
2048 0.003553625429049134 1.330468154861704e-05 0.003533251583576202 0.003570064902305603
4096 0.00414851401001215 1.640606877716876e-05 0.004128322005271912 0.004171386361122131
8192 0.00532539514824748 2.079977262857321e-05 0.005299866199493408 0.005358874797821045
16384 0.007663089781999588 2.92957271805723e-05 0.007624030113220215 0.007696747779846191
32768 0.01232776790857315 4.882054279417517e-05 0.01225745677947998 0.01239049434661865
65536 0.02163972705602646 9.718732794748754e-05 0.02151095867156982 0.02179896831512451
131072 0.04026811569929123 0.0001741473739299 0.0400240421295166 0.04052150249481201
262144 0.0779841598123312 0.0003634673659415095 0.07753205299377441 0.07847440242767334
524288 0.1551869343966246 0.0007477717068008166 0.1542620658874512 0.1561670303344727
1048576 0.3088554050773382 0.001602384219166377 0.3067504167556763 0.3107689619064331
