16 9.459289549429428e-06 1.432489785392032e-08 9.364501948994075e-06 9.471679703665359e-06
32 1.412601470995867e-05 3.762007254144543e-08 1.395605471543604e-05 1.417773438561198e-05
64 2.271504211748265e-05 6.974467872870745e-08 2.230371092082351e-05 2.296582033523009e-05
128 4.054327390790036e-05 3.072412468130202e-07 3.996289069618797e-05 4.283203111299372e-05
256 7.512426757472213e-05 1.293215370999992e-07 7.467968725904939e-05 7.57734374019492e-05
512 0.0001433006591469166 2.424813497349495e-07 0.0001428984369340469 0.0001449062501706067
1024 0.0002821027831885203 4.846173738151902e-07 0.0002817500007950002 0.0002856562496162951
2048 0.0005558398437415235 1.072309669667483e-06 0.0005552500006160699 0.0005637812500935979
4096 0.001103326171687513 1.94592904583947e-06 0.001101874993764795 0.00111768749775365
8192 0.002212597656352955 1.548403388276854e-06 0.002210499995271675 0.002216875000158325
16384 0.004437210936885094 2.554261410572683e-06 0.004433499998413026 0.004442500008735806
32768 0.008858054687152617 1.642638568546988e-05 0.008849999983794987 0.008984499960206449
65536 0.01767889843995363 2.102930297941012e-05 0.01766399998450652 0.01779800001531839
131072 0.03533203906226845 4.443001915758494e-05 0.03529949998483062 0.03547450003679842
262144 0.07107025780624099 0.0001023869857434678 0.07101649994729087 0.07158950000302866
524288 0.1446605781256949 6.968906137432438e-05 0.1446035000262782 0.1448690000106581
1048576 0.2931850156237488 9.663981455401814e-05 0.2930780000169761 0.2933590000029653
