16 2.172464167826682e-05 4.521643942990096e-09 2.171926796279422e-05 2.173196083887774e-05
32 2.68958420805987e-05 3.966988051106589e-09 2.689019610002674e-05 2.690368661362186e-05
64 3.883895732670339e-05 6.144690167973999e-09 3.883190858999797e-05 3.885577488205172e-05
128 6.358517273863384e-05 9.738607142665385e-09 6.35744752202072e-05 6.361253493025743e-05
256 0.0001115181800228626 3.774162465486705e-08 0.0001114931690153753 0.0001116535606087155
512 0.0002073263265387482 1.749601866171847e-08 0.0002072968676998244 0.0002073537534386105
1024 0.0003990469148966724 4.777340281871719e-08 0.0003989893151015167 0.0003991357885411162
2048 0.0007823763190444311 1.072939792112587e-07 0.0007822665215826419 0.0007826239418591285
4096 0.001549356194161078 3.799592469600693e-07 0.001549091839024186 0.001550644614326302
8192 0.003084119909232186 2.996053708862167e-07 0.003083624781993421 0.003084460895934171
16384 0.0061667127759506 6.739840374739496e-07 0.006166070516883337 0.006168249937218206
32768 0.01233094712119964 1.166669070585865e-06 0.01232885797799099 0.01233242189846351
65536 0.02462949392088376 2.691387289293359e-06 0.02462596585246501 0.02463456366967876
131072 0.04925667941279244 6.518671783450892e-06 0.04924762609880418 0.04926931273075752
262144 0.09861299483691255 3.183250680469732e-05 0.09857261441356968 0.09869376086862758
524288 0.2001731595100864 7.429087704675744e-05 0.2000829928147141 0.200326274294639
1048576 0.4063116930792603 7.584194701112404e-05 0.4061602656729519 0.406419249397004


16 736490.8883966509 153.2718404470327 736242.8139193286 736673.078826068
32 1189775.005248151 175.4742533221523 1189428.068337585 1190024.791227468
64 1647830.063077033 260.6491736608663 1647116.810674207 1648129.137193237
128 2013047.968595048 308.2463659228215 2012182.035196911 2013386.654889997
256 2295590.076960178 776.1162113374157 2292806.414809642 2296104.795126028
512 2469536.850268403 208.3959741813568 2469210.185537266 2469887.778243713
1024 2566114.347791808 307.1925785796772 2565542.928993737 2566484.768494261
2048 2617666.187298528 358.9459498743209 2616837.90957757 2618033.551859781
4096 2643678.868833645 647.9296161258171 2641482.105027373 2644129.868103998
8192 2656187.279864672 258.0458232505169 2655893.615250045 2656613.751399497
16384 2656845.028901743 290.3320528260099 2656182.899000515 2657121.736629336
32768 2657379.02798006 251.4344818878749 2657061.22202019 2657829.302478476
65536 2660874.841526963 290.7530073330418 2660327.208501137 2661256.025149567
131072 2660999.558122474 352.1406203923822 2660317.198177096 2661488.692612996
262144 2658311.169187616 857.8905983683596 2656135.481035553 2659399.890725763
524288 2619172.665119504 971.7396370412741 2617170.422831703 2620352.647791082
1048576 2580718.33056598 481.7449602747199 2580035.275287159 2581680.407025176
