16 8.332370376340492e-05 2.900660568513305e-08 8.329833983111712e-05 8.341357420249551e-05
32 0.0001217918777483007 4.563339217898514e-08 0.0001217631835856992 0.0001219897461055552
64 0.0001988913879493737 7.810377484832655e-08 0.0001988486328627914 0.0001991279297044457
128 0.0003521892700319995 1.537331913341557e-07 0.0003520976561048883 0.0003526367188442237
256 0.0006590692138814802 3.051597022711768e-07 0.000658925780953723 0.0006606406250284635
512 0.001272817993196895 5.273084712527482e-07 0.001272445312679338 0.001274476562684868
1024 0.002500402343628139 1.977830830839437e-06 0.002499531250578002 0.002513734374588239
2048 0.004955841308913023 2.577213455563237e-06 0.004954249998263549 0.004966000000422355
4096 0.009866471679629285 4.487056905977587e-06 0.009863749997748528 0.009881062505883165
8192 0.0196945898442209 1.095475656649596e-05 0.01968774999841116 0.01972875000501517
16384 0.03944205078278173 1.724348082252657e-05 0.03942874999484047 0.03950399998575449
32768 0.07886707031502738 3.315438642476622e-05 0.07884550001472235 0.07904350000899285
65536 0.1576706093765097 4.364844042556289e-05 0.1576284999609925 0.1578239999944344
131072 0.3152715546848412 6.022062483442267e-05 0.3152049999916926 0.3154459999641404
262144 0.6314733984390841 0.0001198912275330867 0.6312650000327267 0.6317005000310019
524288 1.270723523437482 0.0001777442553437866 1.270501999999397 1.271665500011295
1048576 2.555339531249956 0.0001227960221714013 2.555111500027124 2.555589499999769
