16 0.004421940528870572 5.084397336676211e-08 0.004421866455089685 0.004422214355457754
32 0.004427533142092877 5.168321598530439e-08 0.004427427246127991 0.004427698730467
64 0.004439300048833417 7.483864897770465e-08 0.004439112304680748 0.004439501953129366
128 0.004462698547364141 1.621062674207888e-07 0.004462484374926134 0.004463312499865424
256 0.004509389526361929 2.773088177455092e-07 0.004508937499849708 0.004509953124852473
512 0.004603733032169544 5.244158503763292e-07 0.004603164062245924 0.004605328124853258
1024 0.004790795898429678 8.494940129176134e-07 0.004790046874404652 0.004793718750079279
2048 0.005165851074366401 1.057817439455919e-06 0.005164906251593493 0.005169250001927139
4096 0.00592124316403897 2.130685700295222e-06 0.005919499999436084 0.005928250000579283
8192 0.007435933593114896 1.757350350676494e-06 0.007433499995386228 0.00744762500107754
16384 0.01043713671879232 3.551753799274704e-06 0.01043349999235943 0.01046000001952052
32768 0.01643496874748962 1.189400088621814e-05 0.01642649999121204 0.01649399998132139
65536 0.02841012499720819 1.124933538579407e-05 0.02840350003680214 0.02847799996379763
131072 0.05236330469051609 1.586641393898022e-05 0.05235299997730181 0.05243050004355609
262144 0.1006056718779291 6.136296958381658e-05 0.1005625000107102 0.1008509999956004
524288 0.1992804687542957 9.808955971576588e-05 0.1992024999926798 0.1996259999577887
1048576 0.3988356171794294 0.000147206900815492 0.3986659999936819 0.3993570000166073
