16 9.975258255012776e-05 4.082417967827284e-08 9.972680663850042e-05 9.999804689186931e-05
32 0.0001123710403403422 3.822025194975117e-08 0.0001123349609315483 0.0001124931640106297
64 0.0001378925628578997 5.063092716822289e-08 0.0001378115234729194 0.0001381015624701831
128 0.0001883013915850995 1.205624722884877e-07 0.0001882109374946594 0.0001887480468667491
256 0.0002899089965779922 2.44273350825316e-07 0.0002897304684665869 0.0002908554688474396
512 0.0004930068359527695 3.19716122491129e-07 0.0004926249994241516 0.0004948359373884159
1024 0.0008994311521917098 8.823288242859875e-07 0.0008987656237877673 0.0009030312503455207
2048 0.001712097656309197 1.251344551231411e-06 0.001710156251647277 0.001718437499221181
4096 0.003337244140197981 2.585677394206564e-06 0.003334437504236121 0.003350124999997206
8192 0.006590679687406009 5.619680135481499e-06 0.00658649999240879 0.006620625004870817
16384 0.01311606640410901 1.045988939419204e-05 0.01310875001945533 0.01317375001963228
32768 0.02614833593997901 2.011456459474689e-05 0.02613549999659881 0.02626350003993139
65536 0.05219747655792162 2.740197680608841e-05 0.05218150001019239 0.05231999995885417
131072 0.1043101796885821 5.432751345217814e-05 0.1042625000118278 0.1045264999847859
262144 0.2088932265633048 8.474901900058378e-05 0.2088184999884106 0.2091809999546967
524288 0.4208283515627045 0.0001382371081755166 0.4206160000176169 0.4212200000183657
1048576 0.845826875001876 0.0001360579951579106 0.8455144999898039 0.8464399999938905
