16 0.0001173165473957738 6.544690708363146e-08 0.0001172443847679006 0.0001174580078213694
32 0.0001229731674214918 5.818148921904699e-08 0.0001228793944960671 0.0001231845703273393
64 0.0001342695159838314 7.974633389547796e-08 0.0001341582030818245 0.0001345488281003782
128 0.0001569380798009945 1.94710343485473e-07 0.0001568124998811982 0.0001581914061716816
256 0.0002019931640901973 2.484219497705008e-08 0.0002019414059759583 0.0002020742185777635
512 0.0002924252929119575 4.557809250965345e-07 0.0002921874993262463 0.0002940546874015126
1024 0.0004729755860921614 1.809982006865364e-07 0.0004727031246147817 0.0004736718747153645
2048 0.0008345810543914922 1.349554085185716e-06 0.0008339062478626147 0.0008423437502642628
4096 0.001557941406304053 4.830807241765251e-07 0.001557374998810701 0.001559187498060055
8192 0.003012865233358752 7.431255639972601e-07 0.003011624998180196 0.003016125003341585
16384 0.005927609376158216 1.516417212564559e-05 0.005919249990256503 0.005994250008370727
32768 0.0117199999949662 2.635230939027968e-06 0.01171250001061708 0.01172700000461191
65536 0.02330916406299366 2.103587805320834e-05 0.02329649997409433 0.02342449995921925
131072 0.04648092969000572 2.699748210760715e-05 0.04646749998209998 0.04659300000639632
262144 0.09317038281005807 0.0001057490209845582 0.09311349998461083 0.09377849998418242
524288 0.1889650234425062 0.0001239510400737886 0.1888655000366271 0.1894369999645278
1048576 0.3831937109343926 0.0001485608151321812 0.3830359999556094 0.3838509999914095
