16 0.004011971207177112 1.699435288690622e-07 0.004011836955839954 0.004012495655047132
32 0.004017277453861823 2.167307075202445e-07 0.004017101486965657 0.004018046894771032
64 0.004027924676364592 9.777117787680106e-08 0.004027777433975643 0.004028146611972261
128 0.004049784405623313 2.183836506464772e-07 0.004049398347433453 0.004050132921747718
256 0.004092457933893456 4.372739972240803e-07 0.004091999191587092 0.004093188244041812
512 0.004177811685735833 4.58124851080558e-07 0.004177383384558198 0.004178749342827359
1024 0.004348574111304515 6.383506476574362e-07 0.004347710395450122 0.004349772701061738
2048 0.00469056469592033 3.379563564401338e-07 0.004690187656706257 0.004691195731538755
4096 0.00537426265088925 5.696263057853093e-07 0.005373609160415072 0.005375514915613167
8192 0.006755962599299892 5.552239490169804e-07 0.006755250872629404 0.006756718450560584
16384 0.009529451113166942 7.40690420854176e-07 0.009528500588203315 0.009530779881970375
32768 0.01504865712513492 1.252401157028805e-06 0.01504656336510379 0.0150505934998364
65536 0.02608660105352101 2.078138876369674e-06 0.02608400233657449 0.02608943940140307
131072 0.04816896420516059 7.183897061159818e-06 0.04816087954532122 0.04818405512924073
262144 0.09281528102110315 2.423797362487598e-05 0.09278013114817441 0.09285613856627606
524288 0.1833578591031255 4.145710330419103e-05 0.1833182299451437 0.1834254901041277
1048576 0.3671966588372015 7.11272619399644e-05 0.3670739714580122 0.3672962457640097


16 3988.064520076622 0.1689157980308149 3987.543258738322 3988.197969189428
32 7965.593727299463 0.4296738454880741 7964.068324250734 7965.942633969001
64 15889.07568478031 0.3856757366434435 15888.2002481693 15889.65652871946
128 31606.62087868655 1.704415802940811 31603.90102573851 31609.63407838787
256 62554.09508784994 6.683338895442859 62542.93346333205 62561.10717869173
512 122552.198204436 13.43705140873174 122524.6977014368 122564.7619255204
1024 235479.4915474216 34.56619416043207 235414.5998824378 235526.2671293874
2048 436621.2050646874 31.45688407549989 436562.4708923064 436656.3024555469
4096 762151.0724747217 80.77545099556606 761973.5158957853 762243.7504709803
8192 1212558.526111329 99.65052966512886 1212422.873609649 1212686.272421347
16384 1719301.552442332 133.6284610482368 1719061.839943869 1719473.053324264
32768 2177470.051998374 181.2183897834347 2177189.88957852 2177773.037263514
65536 2512247.580872988 200.1313314911816 2511974.251024939 2512497.858049441
131072 2721088.254559615 405.7912659456958 2720235.971182473 2721544.980852276
262144 2824362.689795245 737.5254549006359 2823119.764051945 2825432.522630769
524288 2859370.34653759 646.4280448536729 2858315.928186263 2859988.339167842
1048576 2855625.212410154 553.1986003539208 2854850.851575862 2856579.549443596
