16 1.704353332598885e-05 2.809380322883449e-08 1.703320310753043e-05 1.725976562738651e-05
32 2.299256897320134e-05 1.57584809129322e-08 2.295068361490848e-05 2.302099608186836e-05
64 3.496336364960939e-05 5.554310543930702e-09 3.49472655898353e-05 3.49726562944852e-05
128 5.878332520481422e-05 6.221925117746077e-08 5.875195301996428e-05 5.925976552134671e-05
256 0.0001066720581022196 7.729730714731264e-08 0.0001066054687726137 0.0001071484375643195
512 0.0002024066162249483 1.324321553518473e-07 0.0002022734379352187 0.0002029687502727029
1024 0.0003938291017107076 1.651924498931284e-07 0.0003936718749173451 0.0003943593765143305
2048 0.0007771596673364911 2.383908772598777e-07 0.0007768124996800907 0.0007777812497806735
4096 0.001546362304566173 4.64805554972458e-07 0.00154556249617599 0.001547500003653113
8192 0.003091273438030839 5.115232860040955e-06 0.003088124998612329 0.003129749995423481
16384 0.006224621093679161 1.098655397302419e-05 0.006213000015122816 0.006284750008489937
32768 0.01245547656435519 2.350167465925781e-05 0.01242399995680898 0.01258249999955297
65536 0.02492180468925653 5.061389874689293e-05 0.02484899997944012 0.02503700001398101
131072 0.04981416406462813 6.181180397310059e-05 0.04970899998443201 0.04992249998031184
262144 0.09961847656359168 8.272628850513022e-05 0.09948299999814481 0.09982699999818578
524288 0.2014281640649642 0.0001337554055863404 0.2012969999923371 0.2022310000029393
1048576 0.4076474843805045 8.709928764777725e-05 0.4075554999872111 0.4078585000243038
