16 7.963786401887774e-06 1.920265898306346e-09 7.962142262840644e-06 7.968552381498739e-06
32 1.147344732999045e-05 2.004856296869954e-09 1.147129660239443e-05 1.147793591371737e-05
64 1.857843608377152e-05 2.56470947993808e-09 1.857562165241688e-05 1.858502218965441e-05
128 3.295389888080535e-05 7.356334447924624e-09 3.294849011581391e-05 3.297386865597218e-05
256 6.137278614914976e-05 1.177663822343978e-08 6.135983858257532e-05 6.139904144220054e-05
512 0.000118219699288602 3.750240055607959e-08 0.0001181955740321428 0.0001183521817438304
1024 0.0002319023878953885 1.956095812192694e-08 0.0002318759798072278 0.000231938436627388
2048 0.0004593980120262131 3.413384784564856e-08 0.0004593417979776859 0.0004594755591824651
4096 0.0009143263596342877 9.67337108518527e-08 0.0009141962509602308 0.0009145010262727737
8192 0.001827562256949022 2.655315082468867e-07 0.001827090047299862 0.001827923581004143
16384 0.003709438373334706 4.76329617422504e-07 0.003708938136696815 0.003710651770234108
32768 0.007423010072670877 6.875440890045902e-07 0.007421992719173431 0.007424218580126762
65536 0.01483687595464289 1.32361332311335e-06 0.01483505964279175 0.01483923569321632
131072 0.02966474089771509 2.619664646742044e-06 0.02966118603944778 0.02966874837875366
262144 0.05932788271456957 8.277504453194109e-06 0.05931638181209564 0.0593450665473938
524288 0.1214328072965145 3.093817900752345e-05 0.121385246515274 0.1214977502822876
1048576 0.2486798949539661 5.946876104384693e-05 0.2486090064048767 0.2487955093383789


16 2009094.677390611 484.3265255664184 2007892.931362107 2009509.43500119
32 2789048.486957977 487.297784440858 2787957.71648773 2789571.319542079
64 3444854.069237827 475.4816344388344 3443633.230399177 3445375.944749226
128 3884214.321359602 866.7302770214911 3881861.765614112 3884851.765591689
256 4171230.033673512 800.278666373737 4169446.199595668 4172110.062765023
512 4330919.90032739 1372.63331634317 4326071.496579656 4331803.489196338
1024 4415650.981964122 372.4478496104452 4414964.655664506 4416153.845910695
2048 4458007.99521661 331.2285657746175 4457255.579913679 4458553.541211785
4096 4479800.893653062 473.9359360862338 4478945.219661526 4480438.413193825
8192 4482473.924473247 651.274254715131 4481587.789080244 4483632.326773618
16384 4416841.204592771 567.0970813600816 4415396.812880212 4417436.850157768
32768 4414381.7592522 408.8657676639085 4413663.154761334 4414986.815515132
65536 4417102.406822138 394.0523433084321 4416399.965259627 4417643.176233773
131072 4418444.152612588 390.188058474016 4417847.302714768 4418973.66564106
262144 4418563.292491653 616.4624045142228 4417283.781974499 4419419.930744061
524288 4317515.534522664 1099.9449286182 4315207.473240208 4319206.946900489
1048576 4216569.483447216 1008.211208434079 4214609.832743664 4217771.572974804
