16 3.40824472004897e-05 9.859342961833527e-09 3.406562609598041e-05 3.410437784623355e-05
32 4.78984520668746e-05 8.335230627438404e-09 4.788432852365077e-05 4.791229730471969e-05
64 7.510885552619584e-05 1.209023175565498e-08 7.509288843721151e-05 7.51364859752357e-05
128 0.0001294743924518116 2.555402386622463e-08 0.0001294518588110805 0.000129537598695606
256 0.0002382061720709316 2.53433497444536e-08 0.0002381718368269503 0.0002382472739554942
512 0.0004556954372674227 1.260991506626678e-07 0.0004556190688163042 0.0004561470123007894
1024 0.0008919444226194173 6.482198445046334e-08 0.0008918398525565863 0.0008920615073293447
2048 0.001762528816470876 1.771354333738251e-07 0.001762298867106438 0.001763008069247007
4096 0.003503537445794791 4.770541407974223e-07 0.003502937965095043 0.003504526801407337
8192 0.007002374972216785 2.164570727007446e-06 0.0070000309497118 0.007006008177995682
16384 0.01406178856268525 3.004488197167355e-06 0.01405797153711319 0.01406651362776756
32768 0.02810911927372217 4.700375887541715e-06 0.02810309827327728 0.02811987698078156
65536 0.05619090422987938 8.455580292302411e-06 0.05618199706077576 0.05620561540126801
131072 0.1123552657663822 1.365641955217509e-05 0.112340122461319 0.1123771369457245
262144 0.2246973589062691 3.225876118082258e-05 0.2246547937393188 0.2247637510299683
524288 0.4522293470799923 4.963193491122008e-05 0.4521352052688599 0.4523169994354248
1048576 0.9100677147507668 0.0001130079687866799 0.9099205136299133 0.9104177355766296


16 469449.8948688017 135.7917638590698 469147.9807120136 469681.6654688736
32 668080.0637107382 116.2593975933412 667886.989356442 668277.0957975267
64 852096.615054619 137.1463453401035 851783.2471043937 852277.77665675
128 988612.5144091942 195.0748571663055 988130.097276088 988784.5657496563
256 1074699.284619492 114.3370143232747 1074513.868510504 1074854.203631151
512 1123557.522969281 310.6515467341589 1122445.146395874 1123745.767116756
1024 1148053.599643782 83.43534748372674 1147902.909818016 1148188.205611756
2048 1161966.828713509 116.7669357448247 1161650.950851697 1162118.434180612
4096 1169104.122494387 159.1817015172178 1168774.05484676 1169304.178610787
8192 1169888.897161562 361.5847038319103 1169282.106425347 1170280.54002208
16384 1165143.440192813 248.9399434545328 1164752.008461974 1165459.750487193
32768 1165742.70932591 194.9152599153714 1165296.705330368 1165992.435473155
65536 1166309.784285685 175.4950799237337 1166004.491403923 1166494.667840045
131072 1166585.303512807 141.7911623368861 1166358.24298767 1166742.54156284
262144 1166653.699630132 167.4829662616429 1166309.063622309 1166874.722042131
524288 1159340.961185871 127.2337198057034 1159116.284938236 1159582.341499452
1048576 1152195.598370454 143.0449379261652 1151752.606550294 1152381.976549746
