16 0.0007750406830382417 3.727692745116398e-08 0.0007749809883534908 0.0007752314559184015
32 0.0007779701900290092 6.641141227080011e-08 0.0007778402650728822 0.0007780942833051085
64 0.0007840326397854369 1.479576167933552e-07 0.0007838380988687277 0.0007849510293453932
128 0.0007958531132317148 1.638641320640577e-07 0.0007955958135426044 0.000796271488070488
256 0.0008194657857529819 2.326730563711529e-07 0.0008192351087927818 0.0008206097409129143
512 0.0008666915236972272 2.856747976646006e-07 0.0008664224296808243 0.0008676648139953613
1024 0.0009610557463020086 3.14122936231081e-07 0.0009606890380382538 0.000962577760219574
2048 0.001154015306383371 2.570073207255835e-07 0.001153558492660522 0.001154661178588867
4096 0.001536456169560552 1.341526390167825e-06 0.001535311341285706 0.001543194055557251
8192 0.002345262560993433 2.006798106330547e-06 0.002342492341995239 0.002358734607696533
16384 0.003902030177414417 4.46716426914409e-06 0.003897964954376221 0.00393444299697876
32768 0.007003022357821465 4.816737999803272e-06 0.006994962692260742 0.007009983062744141
65536 0.01319608278572559 1.024232959218909e-05 0.01318347454071045 0.01324760913848877
131072 0.02559849806129932 1.178715101205987e-05 0.02558553218841553 0.02565896511077881
262144 0.05106543190777302 3.544690075599891e-05 0.05104351043701172 0.05123996734619141
524288 0.103244137018919 5.598430340109618e-05 0.1032079458236694 0.1034139394760132
1048576 0.209509739652276 0.0001063586232454457 0.2094194889068604 0.2098881006240845
