16 1.574149291627691e-05 3.52006560099715e-09 1.573788904352114e-05 1.574703492224216e-05
32 2.037609374383464e-05 3.361498717277242e-09 2.037194644799456e-05 2.037994272541255e-05
64 2.99441339848272e-05 1.91743002319507e-08 2.988302730955184e-05 2.995886461576447e-05
128 4.856726718571736e-05 6.880790638485632e-09 4.855805309489369e-05 4.858434840571135e-05
256 8.578742745157797e-05 1.252708998949395e-08 8.577416883781552e-05 8.581738802604377e-05
512 0.0001603678356332239 7.234881782060343e-08 0.0001603283453732729 0.0001606316072866321
1024 0.0003093618070124649 4.971478063115167e-08 0.0003093115519732237 0.0003094786079600453
2048 0.0006083119660615921 1.134483169619035e-07 0.0006081191822886467 0.00060845329426229
4096 0.001204309664899483 4.942532711238599e-07 0.001203558407723904 0.001205198932439089
8192 0.002412704692687839 5.143993747177064e-06 0.002408175729215145 0.002423699945211411
16384 0.004826283780857921 1.37626863738173e-06 0.004824569448828697 0.004828765988349915
32768 0.009625651640817523 2.444214120074872e-06 0.009622968733310699 0.009630624204874039
65536 0.01922065205872059 4.178791927672834e-06 0.01921571791172028 0.01922834664583206
131072 0.03841214068233967 1.889242993759672e-05 0.03839968144893646 0.03847743570804596
262144 0.07682243175804615 1.846454818194427e-05 0.07680150866508484 0.07685199379920959
524288 0.1563599221408367 7.434524471199601e-05 0.1562872529029846 0.1564757227897644
1048576 0.318428672850132 7.603965814400398e-05 0.3183259963989258 0.3185442686080933


16 1016422.065879806 227.2668286384183 1016064.299025624 1016654.772171416
32 1570467.883530417 259.0899476089189 1570171.242929841 1570787.557374034
64 2137314.262337469 1370.67466595425 2136262.532670312 2141683.951128438
128 2635519.966953452 373.3402493012496 2634593.324811431 2636020.018139078
256 2984120.316015422 435.7023974158684 2983078.440027904 2984581.529248658
512 3192660.769740294 1438.281756765294 3187417.524163747 3193446.541271121
1024 3310040.223377084 531.8418899490642 3308790.894303756 3310577.93822277
2048 3366693.704949647 627.928626994519 3365911.598002057 3367760.892350715
4096 3401119.135861489 1395.867597002077 3398609.050964301 3403241.565771707
8192 3395374.026335344 7225.888874414135 3379956.341619442 3401745.105482762
16384 3394744.692350318 967.9070708689106 3392999.379039848 3395950.700632507
32768 3404237.261344329 864.252145693784 3402479.351589296 3405186.16532244
65536 3409665.952202559 741.2034756028723 3408301.358775721 3410541.323570717
131072 3412255.275466518 1676.031034080353 3406464.011649085 3413361.649218323
262144 3412336.842207502 820.0769013172642 3411024.061196134 3413266.282868929
524288 3353085.010018764 1593.978020761188 3350602.832520007 3354643.3906894
1048576 3292969.966148568 786.3410257699752 3291774.812279133 3294031.941663746
