16 7.031899642973016e-05 4.382861222050165e-08 7.029541015413088e-05 7.059033202949649e-05
32 7.618990325930497e-05 4.631624466130196e-08 7.615478511979745e-05 7.639941406978323e-05
64 8.787451172231897e-05 1.228284366208804e-07 8.783007808688126e-05 8.871191403159173e-05
128 0.0001114237060448886 8.400842571161664e-08 0.0001113789062401338 0.000111902343633119
256 0.0001583902587682928 1.085586261763586e-07 0.0001583476559972041 0.0001591992186149582
512 0.0002523009034263168 2.703750263822207e-07 0.0002522187496651895 0.0002544140625104774
1024 0.0004410864257238245 1.443139296228186e-06 0.0004407968754094327 0.0004524374999164138
2048 0.0008170747075837426 1.33228244743541e-06 0.0008164999999280553 0.0008274062529380899
4096 0.001569397461139488 3.157791380715867e-06 0.001568062500155065 0.001587562503118534
8192 0.003083208983980512 5.274134005831993e-06 0.003081250004470348 0.003123749993392266
16384 0.006134078126251552 7.418053323957675e-06 0.006131500005722046 0.006191499996930361
32768 0.01220371094041184 1.651785899836591e-05 0.01219799998216331 0.01232899999013171
65536 0.02433458594532567 2.963823242541334e-05 0.02432349999435246 0.0244789999560453
131072 0.04858948437140498 3.528095240850521e-05 0.04857199999969453 0.04871999996248633
262144 0.09740042969133356 6.823854452481253e-05 0.0973494999925606 0.09764049999648705
524288 0.1971413671944902 0.0001097086406602131 0.1970464999903925 0.1974940000218339
1048576 0.3985658515639443 0.0001397156347463551 0.3983799999696203 0.3988285000086762
