16 1.894384384248937e-05 9.242962823520462e-09 1.893432616384416e-05 1.900683594158181e-05
32 3.413540649432889e-05 3.660542303709909e-08 3.411132814790108e-05 3.425878907137303e-05
64 6.474723816474182e-05 3.575506059063313e-08 6.471777339811524e-05 6.499804680970556e-05
128 0.0001255668334927407 2.856371315674012e-07 0.0001254960936876159 0.0001277597657463048
256 0.0002472925414807037 2.631470712383673e-07 0.0002471171874276479 0.0002481445312696451
512 0.0004904594726866662 7.85192427438614e-08 0.0004902968748865533 0.000490609375447093
1024 0.0009772929686562293 6.870545436974868e-07 0.0009767968749656575 0.0009810937499423744
2048 0.001951150390709699 2.264016840835456e-06 0.001949781250004889 0.001958593751623994
4096 0.003897197265814611 5.505472237377446e-07 0.003895937501511071 0.003898250004567672
8192 0.007795623047059053 4.529799376280532e-06 0.007792000003973953 0.007828624991816469
16384 0.01562157421813026 2.084445680902165e-05 0.01560924999648705 0.0156812499917578
32768 0.03126429688018106 1.334841837019886e-05 0.03125399997225031 0.03136449999874458
65536 0.06251561718909215 4.251113185254403e-05 0.06249500002013519 0.06264849996659905
131072 0.124997578125658 5.931622520254774e-05 0.1249674999853596 0.1252484999713488
262144 0.2504105859388801 0.0001071489710517446 0.2503160000196658 0.2507179999956861
524288 0.5030218281217458 0.000101190932018651 0.502878499974031 0.5032500000088476
1048576 1.010474242179953 0.0001163002113532975 1.010307500022464 1.010994500014931
