16 1.065260404253809e-05 1.965067505830003e-09 1.065069500505444e-05 1.065678427636385e-05
32 1.759168590154125e-05 3.80466436890399e-09 1.758886830671713e-05 1.760092250435719e-05
64 3.160634722920719e-05 4.900669225599213e-09 3.160144336078474e-05 3.161492450232117e-05
128 5.933431303573045e-05 6.117583559550977e-09 5.932665861507758e-05 5.934600488899378e-05
256 0.0001147706473236809 9.67798120964819e-09 0.0001147579423417255 0.0001147927148252847
512 0.0002256771980668759 6.130228919998733e-08 0.0002256384052259364 0.0002258913479522562
1024 0.0004474375260414831 2.96426570286312e-08 0.0004474013582012049 0.0004475024932730776
2048 0.0008910736221992011 6.606955629857606e-08 0.0008909834479027268 0.0008911884925737468
4096 0.00177825909763385 1.612032716681838e-07 0.001778064381596778 0.001778613118176509
8192 0.003552983245555197 3.494108017792946e-07 0.003552570306055713 0.003553738364644232
16384 0.007129448165414942 6.18674171317474e-07 0.007128491554794891 0.007130421745387139
32768 0.01427901031638612 1.240292251285621e-06 0.01427715467434609 0.01428093731556146
65536 0.0287322248914279 4.660577064183697e-06 0.02872659044078318 0.02873965295293601
131072 0.05729497994752819 6.241293081752445e-06 0.05728718607861083 0.05730931449215859
262144 0.1146476652311321 1.701543910686737e-05 0.1146282553527271 0.1146878807194298
524288 0.231571958765926 4.063278585889081e-05 0.2315140107530169 0.23166202972061
1048576 0.4690761848869442 3.952112166838276e-05 0.4690250063722488 0.4691697764210403


16 1501980.215023624 277.0376856947306 1501390.999861666 1502249.383012748
32 1819041.198325593 393.315692666234 1818086.52313981 1819332.5142914
64 2024909.774553434 313.9383974062907 2024360.361679849 2025223.951619238
128 2157267.771828987 222.41354088793 2156842.743490872 2157546.084475916
256 2230535.486869467 188.0778535176135 2230106.678717666 2230782.417113098
512 2268727.367127028 615.80508378773 2266576.407823353 2269117.260810826
1024 2288587.667808629 151.6135921889917 2288255.407272399 2288772.66738088
2048 2298351.067222582 170.4131466331595 2298054.807783019 2298583.665971301
4096 2303376.396052181 208.795502492365 2302917.907295855 2303628.621322259
8192 2305668.084565375 226.7348157149524 2305178.141841094 2305936.067200672
16384 2298074.09150456 199.4196402455125 2297760.298764831 2298382.466200652
32768 2294836.932373276 199.3352943862639 2294527.262177239 2295135.182564015
65536 2280923.313949275 369.9665647912774 2280333.729405905 2281370.639341815
131072 2287669.907173087 249.1869493897369 2287097.676206441 2287981.117106012
262144 2286518.48150962 339.3254971893118 2285716.662960265 2286905.60798772
524288 2264039.298739769 397.2411705329794 2263158.967536907 2264605.922962128
1048576 2235406.615730103 188.3269593599165 2234960.674574637 2235650.521302444
