16 0.0001136379966748535 2.629618109000618e-08 0.0001136135254000692 0.0001137214355537708
32 0.0001545292282134625 5.439057327579131e-08 0.0001544868164273794 0.0001547099609524594
64 0.0002361968688884275 8.163033114329581e-08 0.0002361210937351643 0.0002365000000281725
128 0.0004001208190729244 2.052485441453681e-07 0.0003998730469447764 0.000400957031388316
256 0.0007275101318384714 3.456378854246445e-07 0.0007270078126566659 0.0007290859375643777
512 0.001381474121131987 5.899620006382373e-07 0.00138100781259709 0.001384179687192955
1024 0.002695560302583999 1.102923047375104e-06 0.002694749999136548 0.0027010781232093
2048 0.005311895996101157 3.191315397627014e-06 0.005309656247845851 0.005331062500772532
4096 0.01054311328141466 3.564559518783456e-06 0.0105401874970994 0.01055506250122562
8192 0.0210119218750151 6.345207496663423e-06 0.02100700000301003 0.02103750000242144
16384 0.04197531640738816 1.771389828848633e-05 0.04195574999903329 0.04206524998880923
32768 0.08389805468596023 2.783412928798617e-05 0.08386750001227483 0.08404899999732152
65536 0.1677293359343821 4.076034045642116e-05 0.1676890000235289 0.1678785000112839
131072 0.3353873593796379 5.178584216570263e-05 0.3353215000242926 0.3355214999755844
262144 0.6710211718782375 8.374475026056738e-05 0.6708639999851584 0.671167999971658
524288 1.343030789059412 0.0001249009761556889 1.342888000013772 1.343760500021745
1048576 2.68766695312388 0.0001053029543155505 2.687479999964125 2.687970999977551
