16 0.0008093491897565031 7.625874094308315e-08 0.0008092036132723024 0.0008095205078291201
32 0.0008122774734520277 1.174607828165265e-07 0.0008120996093339272 0.0008126186523327306
64 0.0008186643981886732 1.847712037573383e-07 0.0008184492187410797 0.0008197792968758222
128 0.00083091836547311 1.482445057709719e-07 0.000830705077987659 0.0008312617187584692
256 0.0008554282226214127 1.884528079974543e-07 0.0008552070312362048 0.0008560390624552383
512 0.00090489819339723 7.863338881083529e-07 0.0009045937495102407 0.0009108750000450527
1024 0.001006019531160973 3.371021174337114e-07 0.001005734375212342 0.001007828124784282
2048 0.00120268896472453 8.60754653098504e-07 0.001201843748276588 0.001206593751703622
4096 0.001596826172317378 1.443310259640584e-06 0.00159543749759905 0.001604500001121778
8192 0.002425949218604728 2.865080580075031e-06 0.002423500001896173 0.002442874989355914
16384 0.004030054686609219 1.068553176272873e-06 0.00402849999954924 0.004035249992739409
32768 0.007231468748614134 4.51001501823318e-06 0.007222499989438802 0.007237499987240881
65536 0.01362077343674173 1.069896015282631e-05 0.01361049996921793 0.01370050001423806
131072 0.02639550781350408 9.566594761219105e-06 0.02638749999459833 0.02646349999122322
262144 0.05223297656539216 5.211186154720484e-05 0.05220049998024479 0.05240449996199459
524288 0.1062413984373052 6.346915929258529e-05 0.1061850000405684 0.1065344999660738
1048576 0.2161108046848312 0.0001127884165701288 0.2160099999746308 0.2164699999848381
