16 0.0006045905846576716 3.160932730544938e-07 0.0006041299334924588 0.0006051660195112163
32 0.0006320005139315299 4.286848148851136e-07 0.0006314618444775988 0.000632975565167726
64 0.0006883352072648563 5.423155724862948e-07 0.0006875556472323296 0.000689374934040643
128 0.0008013449296768727 3.310684147229088e-07 0.0008006602548675801 0.0008018086354013576
256 0.001027790766144676 3.824544247668111e-07 0.001027120932349135 0.001028371139454975
512 0.001473092790007513 4.72342738852926e-07 0.001472054827672764 0.001474040997209158
1024 0.002364881266004204 5.211387421109842e-07 0.002363961109949742 0.002365730630117469
2048 0.004145154029743026 6.012203526655879e-07 0.004143617826230184 0.004146421635596198
4096 0.007705673243378897 4.719028368487373e-07 0.00770493722120591 0.007706718139161239
8192 0.01482517944828032 1.521064055621009e-06 0.01482236085939803 0.01482759277860168
16384 0.02906949551083926 3.270440665287631e-06 0.02906096612059628 0.02907430884442874
32768 0.05754947068726324 8.898308045566616e-06 0.05752944418782135 0.05756318128260318
65536 0.1147121586227513 2.651535405879161e-05 0.114667128858855 0.1147499972721562
131072 0.2286524675655528 2.569076940462661e-05 0.2286050118273124 0.2286962495709304
262144 0.4570721988256992 0.0001183215113879615 0.4568729836610146 0.4574084938212764
524288 0.9158509375447466 0.0001752223830793159 0.9156185145257041 0.9161995055619627
1048576 1.835908446615576 0.0002591663264470842 1.835391502128914 1.836413026845548


16 26464.1966080987 13.83485801154211 26439.02579481076 26484.36886334109
32 50632.89204517109 34.32362431899129 50554.87409142031 50676.06266293609
64 92978.00921088622 73.24888675842226 92837.72420455716 93083.37478955208
128 159731.49107809 66.00095938196422 159639.0888655466 159868.0579207341
256 249077.9657376126 92.69314063074034 248937.3633488752 249240.3688185974
512 347568.0913151605 111.4513669229405 347344.4775073308 347813.1319398226
1024 433002.7309783479 95.42048465474979 432847.2510622031 433171.2546750697
2048 494070.9140597447 71.66503411494743 493919.8615062035 494254.0759998726
4096 531556.411105398 32.55218885349715 531484.3395123554 531607.1867174708
8192 552573.4180436084 56.6944279590012 552483.4760651247 552678.4887851324
16384 563614.8789829136 63.41604792889241 563521.564267194 563780.2931950092
32768 569388.3947698079 88.0434579582893 569252.7631356467 569586.5910510012
65536 571308.2559825216 132.0595149928417 571119.8392847558 571532.5800183675
131072 573236.7682131968 64.4070621426941 573127.0199922884 573355.7587049379
262144 573528.6835161075 148.4255762142424 573106.9788625914 573778.7292638486
524288 572459.9893907149 109.5162498025076 572242.1774048232 572605.2844962231
1048576 571148.3170759331 80.62766542942101 570991.3753994463 571309.1723393793
