16 1.542576980551047e-05 1.532483742836002e-08 1.540063476568321e-05 1.548999023270881e-05
32 2.223430633296886e-05 3.92311823531576e-08 2.208496090361223e-05 2.236669922695e-05
64 3.768351746380461e-05 7.407590231407065e-08 3.746874995158578e-05 3.787792968523718e-05
128 6.553704834999508e-05 2.57170529289967e-07 6.516992198157823e-05 6.728320317961334e-05
256 0.0001195537719596018 1.820107486250179e-07 0.0001193593752759625 0.0001208242188113218
512 0.0002280571288508781 3.164857700207063e-07 0.0002275156248288113 0.0002297109367646044
1024 0.0004419711914636082 5.88177489285371e-07 0.0004416249994392274 0.0004457968752831221
2048 0.0008763349611626836 1.904598546894046e-06 0.0008754375012358651 0.0008851250022416934
4096 0.001741874999993342 2.244206096489037e-06 0.001740062500175554 0.001757937505317386
8192 0.003487853515707684 4.130590381102626e-06 0.003480500003206544 0.00351724999200087
16384 0.006975015625357628 7.178407191370272e-06 0.006958999991184101 0.007024999998975545
32768 0.01394386719130125 2.497891393248604e-05 0.01391049998346716 0.01409099996089935
65536 0.02785383593709412 3.595246703489722e-05 0.0277934999903664 0.02801349997753277
131072 0.05568110156491457 8.670938494337398e-05 0.05551650002598763 0.05613649997394532
262144 0.1116638984349265 0.0001529883317006319 0.1112960000173189 0.1121085000340827
524288 0.2260997812509231 0.0001970589426911057 0.2256315000122413 0.2265504999668337
1048576 0.4560347968717906 0.00030859530278094 0.4551909999572672 0.4566479999921285
