16 1.33168678284612e-05 4.499182932086485e-08 1.307348634327354e-05 1.335766600618626e-05
32 1.904836273247668e-05 1.993993140995364e-07 1.809960934906485e-05 1.92333984614379e-05
64 2.847274780215514e-05 1.978469474164157e-07 2.767285161553446e-05 2.873925780022546e-05
128 4.537295533069141e-05 2.848170283993194e-07 4.434179686541029e-05 4.580859376801527e-05
256 7.882330321962172e-05 2.480916010287516e-07 7.80507816671161e-05 7.907031249487773e-05
512 0.0001455648193626757 2.757526087198183e-07 0.0001447656250093132 0.0001458750002711895
1024 0.0002803518065661592 1.839617316725397e-06 0.0002790781254589092 0.0002940468748420244
2048 0.0005465996096063463 3.692463786729724e-07 0.0005457812512759119 0.0005473437522596214
4096 0.001080336914469626 1.950675580018225e-06 0.001079437504813541 0.001094999999622814
8192 0.002159738281079626 3.849843512121462e-06 0.002157874987460673 0.002188875005231239
16384 0.004289277346288145 2.738656266342076e-06 0.004286749986931682 0.00430475000757724
32768 0.008547093753804802 1.386810708301399e-05 0.008541000017430633 0.008653500000946224
65536 0.0170437734313964 3.04546144360095e-05 0.01703099999576807 0.01719400001456961
131072 0.034025820311399 2.366705735494636e-05 0.03401549998670816 0.03415599995059893
262144 0.06836473437306267 6.246534898584534e-05 0.06832849996862933 0.06868849997408688
524288 0.13910578125342 0.0001415383677576025 0.1390235000289977 0.1398584999842569
1048576 0.2828257890641908 0.0001247442076913403 0.2826864999951795 0.283179999969434
