16 7.458432993268094e-06 1.046985698226454e-09 7.456962849872184e-06 7.460136162151798e-06
32 1.270322797575218e-05 1.511913978180526e-09 1.27015829090027e-05 1.270669624453546e-05
64 2.311738226601356e-05 2.110527170605984e-09 2.311471364535578e-05 2.312063436349376e-05
128 4.43672408105833e-05 6.011394390676055e-09 4.436108231686831e-05 4.438073356283212e-05
256 8.6623747553638e-05 1.033487703884144e-08 8.661377036389695e-05 8.664771232247404e-05
512 0.0001711515198810076 6.453572209423559e-08 0.0001711208705899026 0.000171387930521405
1024 0.0003402328436230562 2.796344530328643e-08 0.000340198261653768 0.0003402953751674431
2048 0.0006781449975079568 7.144305678865445e-08 0.0006780761734717089 0.0006783017107636624
4096 0.001354283199319184 1.419098228872731e-07 0.00135412672284474 0.00135460168417012
8192 0.002706798165263535 2.856315032956944e-07 0.002706507494167454 0.002707418136196793
16384 0.005436573337419759 2.177312769880652e-06 0.005435061587377277 0.005444171460112557
32768 0.01091912328092803 1.302218176408522e-06 0.01091698381969763 0.01092232978226093
65536 0.02195450306999192 9.239849607883772e-06 0.02194487364613451 0.02197184337637736
131072 0.04380301810988385 6.146967231607556e-06 0.04379481232172111 0.04381493388791569
262144 0.08762754176404997 1.251770381980984e-05 0.08761063266138081 0.08765848980692681
524288 0.1769258036547399 3.679245721614539e-05 0.1768892392283306 0.1769985155551694
1048576 0.3582128590169305 6.882658521436764e-05 0.3581150185491424 0.3583687548525631


16 2145222.77132765 301.1364006439514 2144732.971654631 2145645.663270838
32 2519044.803887996 299.7864881498581 2518357.20191719 2519371.02873366
64 2768479.569340615 252.7497939388817 2768090.139475263 2768799.17190144
128 2885011.550508953 390.8568546647747 2884134.391757715 2885412.016904917
256 2955309.723321933 352.55129426535 2954492.313048646 2955650.111113371
512 2991501.732028072 1126.623987228159 2987374.889482403 2992037.138631832
1024 3009703.577056968 247.3544057699962 3009150.504899276 3010009.501583408
2048 3020003.139201221 318.1294772974207 3019305.37325974 3020309.634999213
4096 3024478.221556385 316.9004147801663 3023767.095424337 3024827.684808666
8192 3026453.981918491 319.3354354717475 3025760.923470652 3026778.982749476
16384 3013663.468528196 1205.623938977318 3009457.016561573 3014501.259387974
32768 3000973.575793032 357.8644960785372 3000092.530919442 3001561.653034269
65536 2985082.862971663 1255.927187548428 2982726.523094547 2986392.223385796
131072 2992305.281130727 419.8788791475819 2991491.447534744 2992865.890990281
262144 2991570.911807269 427.2995450522315 2990514.673220908 2992148.236312809
524288 2963321.406046902 616.1304075048604 2962103.9383044 2963933.828237247
1048576 2927242.866617421 562.386449562362 2925969.370380506 2928042.516195419
