16 0.0001891902324473449 6.376790055561989e-08 0.0001891088692218545 0.0001893332708959861
32 0.0001932181701160829 1.218508879840371e-07 0.0001930788616846257 0.0001934531408096518
64 0.0002012751760815945 6.771062044056324e-08 0.0002011445277219082 0.000201388443599626
128 0.0002172789153114252 1.088155530833434e-07 0.0002170273602644102 0.000217452884641034
256 0.0002493263538063673 1.808635734209413e-07 0.0002490283138172344 0.0002498130178878455
512 0.0003127617768292623 1.062034576604787e-07 0.0003126631262944102 0.0003130053486302131
1024 0.0004406478841012529 9.796720558863796e-08 0.0004404853698360967 0.0004409282242363588
2048 0.0006962400693595328 1.016629908347469e-07 0.0006961055433976071 0.0006964081395608446
4096 0.001206634940388085 1.430460540736076e-07 0.001206457245643833 0.001206970869361612
8192 0.002250329599121415 2.773033206418118e-07 0.002249957051844831 0.002250906073186343
16384 0.00430231929931324 3.168464590824595e-07 0.004302031793486094 0.004303101136429177
32768 0.008405412174397497 5.654851216500847e-07 0.008405062861129409 0.008407435676417663
65536 0.01682457165838969 7.615395917696239e-06 0.01681740996718872 0.0168499989049451
131072 0.03322792282369846 6.009929463083265e-06 0.03322306495829253 0.03324368727044202
262144 0.06649206952715758 1.126938096134417e-05 0.06648151170520578 0.06652249764010776
524288 0.1349610975958058 3.235234692819606e-05 0.1349337491847109 0.1350557297992054
1048576 0.2758108883790555 4.118907747075588e-05 0.2757157671148889 0.2758777720737271


16 84570.97122208207 28.50008271508394 84507.07012181664 84607.34848575227
32 165615.9558354593 104.4210039023179 165414.7348865553 165735.3877104821
64 317972.6781887673 106.9899048547623 317793.8061194632 318179.1755651589
128 589104.6994852686 295.1443518733419 588633.2582402821 589787.3883000476
256 1026767.216177189 744.3840584499237 1024766.451982627 1027995.556312051
512 1637028.861122493 555.6676000481182 1635754.795375336 1637545.194625509
1024 2323851.048388026 516.5120542647547 2322373.447001403 2324708.310700597
2048 2941514.18607334 429.4844030311644 2940804.226227841 2942082.589953183
4096 3394564.434414123 402.390119152401 3393619.600915841 3395064.362860324
8192 3640355.670483474 448.5810271440001 3639423.296061195 3640958.38775369
16384 3808178.552882598 280.4220647684078 3807486.619660504 3808433.035015635
32768 3898440.606972674 262.2195722765206 3897502.313566575 3898602.609094215
65536 3895255.933120813 1761.282761332421 3889377.107363886 3896913.979492842
131072 3944634.297918326 713.2985180709093 3942763.597001471 3945210.960052746
262144 3942485.305714495 667.9920086419046 3940681.864024722 3943111.299309896
524288 3884734.472158945 930.7791711068759 3882012.268413099 3885521.622039137
1048576 3801793.424787074 567.766711502456 3800871.640067373 3803104.954687142
