16 1.463054061501268e-05 2.120943400180175e-09 1.462767102466955e-05 1.463529829059951e-05
32 1.8282598963415e-05 3.018539299430673e-09 1.827975260582093e-05 1.829073828218952e-05
64 2.564956825423792e-05 3.239824331790577e-09 2.564596200116398e-05 2.565697989354021e-05
128 4.017455711879947e-05 6.094408493226537e-09 4.016948759044681e-05 4.019182875225624e-05
256 6.918685299250882e-05 1.457605552353153e-08 6.917310541609822e-05 6.922034967260515e-05
512 0.0001274729746754133 6.71740419985345e-08 0.0001274416517844656 0.0001277201930633964
1024 0.0002448532019663219 1.702789949822589e-07 0.0002445614909447613 0.0002451044512099543
2048 0.000477314413355856 1.316553433560207e-07 0.000477189454272775 0.0004775786267146032
4096 0.0009416085872260282 3.289220859932598e-07 0.0009410830133447234 0.0009421347685929504
8192 0.001898214789250119 4.530762768037206e-06 0.001892591832756807 0.001905796858864051
16384 0.00378810406635921 7.021027092365394e-07 0.003786168222632114 0.003789077815781638
32768 0.00754666472801091 1.184408677678219e-06 0.007544102406427555 0.00754867203431786
65536 0.01523448061925592 5.935409130414188e-06 0.0152259080841759 0.01524548495763156
131072 0.03024876551035049 4.374378216611399e-06 0.03024193573583034 0.03025421619531699
262144 0.06053452081232535 1.526775430189332e-05 0.06051350421330426 0.06056118612468708
524288 0.1234061196555558 3.957638074901087e-05 0.1233382576756412 0.1234701127541484
1048576 0.2527554994703678 0.000103510430648594 0.2525887561205309 0.2529007697012275


16 1093602.80909863 158.5254141346934 1093247.276707511 1093817.325602689
32 1750298.241603375 288.9185420520636 1749519.319904095 1750570.737473222
64 2495168.742132828 315.137067081501 2494447.914975122 2495519.567450629
128 3186096.174810406 483.2248794918446 3184726.945096134 3186498.202442623
256 3700125.089915671 779.3522569458765 3698334.394593723 3700860.304884082
512 4016538.6770536 2112.925403610255 4008763.122882681 4017524.826701984
1024 4182099.544991626 2909.942256473564 4177810.704558975 4187086.020960222
2048 4290673.167916832 1183.258727230373 4288299.110219325 4291796.43779241
4096 4350003.307267718 1519.581535482373 4347573.337217191 4352432.189209661
8192 4315656.877947797 10290.80254634051 4298464.425470214 4328455.749524863
16384 4325118.909288985 801.8044138868406 4324007.264184462 4327330.175680883
32768 4342050.685659098 681.4756934175291 4340895.968327904 4343525.343993442
65536 4301821.044152661 1675.755585161504 4298715.336516343 4304242.455536085
131072 4333135.596063413 626.6490642010492 4332354.841183705 4334114.09722385
262144 4330487.994537142 1092.172607943073 4328581.006657992 4331991.733216568
524288 4248476.915237215 1362.580592501291 4246274.570461867 4250814.061106562
1048576 4148579.03022251 1699.035926647594 4146195.368399902 4151317.010720929
