16 2.204242707026793e-06 3.211120882100038e-08 2.132324226522542e-06 2.289306650027356e-06
32 3.002418519137962e-06 4.242537057573732e-08 2.895996090046538e-06 3.103515666680323e-06
64 4.614028920713054e-06 7.77711110920225e-08 4.458984335542482e-06 4.834960918742581e-06
128 7.838653580449773e-06 1.373650056046898e-07 7.515624929510523e-06 8.214843774112524e-06
256 1.422515870075358e-05 2.80120796970957e-07 1.369140636597876e-05 1.491796865593642e-05
512 2.703918453050846e-05 6.467050582449196e-07 2.572656285337871e-05 2.832812515407568e-05
1024 5.280566392684705e-05 1.490610262053354e-06 5.004687409382313e-05 5.635937486658804e-05
2048 0.0001042143555309849 3.044554053602764e-06 9.843750012805685e-05 0.0001116249986807816
4096 0.0002057226561191783 5.821905340186879e-06 0.0001944999967236072 0.0002201250026701018
8192 0.0004125273449062661 1.021799873679363e-05 0.0003933749976567924 0.000440125004388392
16384 0.0008236640651375637 1.839907994434197e-05 0.0007865000225137919 0.0008697500161360949
32768 0.001640164062337135 3.692356309500997e-05 0.001566999999340624 0.001725499983876944
65536 0.003298437498415296 7.062305351701286e-05 0.003158999956212938 0.003427999967243522
131072 0.006574773436113901 0.0001397202681931673 0.006232000014279038 0.006943999964278191
262144 0.01323610155941424 0.0002552819354098785 0.01247850002255291 0.01407700002891943
524288 0.02606541406294127 0.0004274079109629476 0.02541550004389137 0.02758600004017353
1048576 0.05165250781465147 0.0006428245403002888 0.05009850003989413 0.05312799999956042
