16 0.0001034366682555188 7.434509616735214e-09 0.0001034228517937663 0.0001034527696646137
32 0.0001037947986102239 1.779728558091498e-08 0.0001037790546547512 0.0001038573055325287
64 0.0001045930580607646 7.148164588822157e-08 0.0001045631074987341 0.0001048588793111094
128 0.0001065604597645375 2.012214013900221e-06 0.0001060420012208851 0.0001141060873095512
256 0.000109066680100689 2.750736386675147e-08 0.0001090451725644925 0.0001091341560197634
512 0.0001150554991475872 1.096032900388686e-08 0.0001150351550620599 0.0001150727566283649
1024 0.0001269474599681075 1.559165501173899e-08 0.0001269250420250501 0.0001269714528007171
2048 0.0001507888632286125 3.506483770178574e-08 0.000150756109832173 0.0001508918658430503
4096 0.0001988760385405186 4.796757850914525e-08 0.0001988017852170287 0.0001989675486129272
8192 0.0002976187525547402 4.319299693350413e-07 0.0002974101961399356 0.0002992255755884798
16384 0.0004919171559834012 7.960014745897686e-08 0.0004918280586707624 0.0004920840663089621
32768 0.0008807627384186389 8.634409741361532e-08 0.00088060841449078 0.0008808748860928972
65536 0.001660622455418093 1.377815654445666e-07 0.001660382981071962 0.001660890673065296
131072 0.003219792021241119 6.823681359388626e-07 0.003218875449420011 0.003221288767690567
262144 0.00639335570303956 5.458883946856293e-06 0.00639089806463744 0.006413257917301962
524288 0.01268414364108139 3.020314059231226e-06 0.01267949877728825 0.01268859354058804
1048576 0.02535016979459215 0.0005170097591666221 0.02521359212914831 0.02728884566386114


16 154684.0240248769 11.11786538023748 154659.9482244006 154704.6878179816
32 308300.6211299851 52.83764614555682 308115.0607164309 308347.3838382567
64 611895.5611959387 417.2154265215937 610344.1160201248 612070.562275273
128 1201572.796274059 21283.1526255736 1121763.115518604 1207068.883332147
256 2347188.114854745 591.7058740164205 2345736.745823556 2347650.92281911
512 4450026.362488237 423.9294480521705 4449358.953427508 4450813.316362143
1024 8066329.288813828 990.7020433115995 8064804.941683843 8067753.877898281
2048 13581905.58595373 3157.101842388415 13572633.5449402 13584855.71350909
4096 20595745.23623431 4967.178266172376 20586271.6234615 20603436.71224311
8192 27525201.37269022 39750.54829948227 27377338.93197127 27544449.06840232
16384 33306422.03238375 5388.976445599698 33295123.98743891 33312454.85318623
32768 37204117.36999854 3647.401502921804 37199380.43113229 37210636.94235582
65536 39464720.11691909 3274.330509792018 39458346.69481796 39470411.79480726
131072 40708221.10660261 8625.582165150081 40689304.63938793 40719811.02083867
262144 41002595.64096203 34914.21565392415 40875324.73827019 41018335.34953614
524288 41334128.87040457 9843.102278577593 41319630.76308788 41349268.54830527
1048576 41378728.44672984 787692.994144258 38425077.15116138 41587727.54905431
