16 4.591787273966474e-06 2.288378628823303e-08 4.532606908469461e-06 4.61958370578941e-06
32 5.788255293737166e-06 1.284380308421089e-07 5.723724825656973e-06 6.268157449085265e-06
64 8.050812084547943e-06 2.496896516639621e-08 7.978502253536135e-06 8.075912774074823e-06
128 1.268302639800822e-05 1.727664629355271e-08 1.26430531963706e-05 1.271049404749647e-05
256 2.191656903960393e-05 4.422633106892389e-08 2.184185723308474e-05 2.201654569944367e-05
512 4.033557070215466e-05 2.341974508325154e-08 4.027692193631083e-05 4.036957398056984e-05
1024 7.720060966676101e-05 5.212577176060437e-08 7.714514504186809e-05 7.738012936897576e-05
2048 0.0001509779613115825 4.340819494874642e-07 0.0001506435801275074 0.0001525869593024254
4096 0.0002981507423100993 2.601143057075353e-07 0.0002971908543258905 0.0002983208978548646
8192 0.0005922919372096658 8.816034721931383e-07 0.0005889874882996082 0.0005925458390265703
16384 0.001180944149382412 1.024447071026173e-07 0.001180828083306551 0.001181150786578655
32768 0.002358098397962749 2.413957152957154e-07 0.002357742749154568 0.002358508296310902
65536 0.004713694681413472 1.602659974585508e-06 0.004712389782071114 0.0047189611941576
131072 0.009433185681700706 1.77721381194269e-05 0.009425096213817596 0.009499344974756241
262144 0.01891792891547084 6.641623772842915e-06 0.01890534162521362 0.01892603188753128
524288 0.03782027401030064 1.562188624938874e-05 0.0377887487411499 0.03785707056522369
1048576 0.07566102407872677 0.000213351492066757 0.07554939389228821 0.07639047503471375


16 3484563.550977784 17459.84335889739 3463515.550102121 3529977.411035357
32 5530807.493417786 113994.6514319729 5105168.506044767 5590764.92576266
64 7949580.673113985 24784.00209383193 7924800.798425147 8021555.671258311
128 10092246.03321822 13759.1401442357 10070418.94057703 10124136.78973877
256 11680704.91381108 23531.761442609 11627618.76884569 11720615.02225308
512 12693514.75609037 7373.979292397289 12682819.00241081 12711994.24845862
1024 13264149.61394429 8940.587685515529 13233371.51734661 13273680.40392246
2048 13564997.84667812 38628.93401449917 13421854.7205 13595003.50606734
4096 13738026.94385774 12020.10174137183 13730181.25600016 13782389.12933858
8192 13831046.12694257 20694.61098822005 13825090.75324494 13908614.63568622
16384 13873645.18817057 1203.406892454493 13871217.95639507 13875008.76005724
32768 13895942.74362435 1422.494912020325 13893527.55351957 13898038.71170841
65536 13903320.33071859 4723.411851699125 13887802.27333467 13907168.76802935
131072 13894821.72772596 26010.56734919396 13798004.00430909 13906701.53667427
262144 13856909.57336464 4865.80143378648 13850975.28936871 13866133.98460806
524288 13862619.91942373 5725.524566533251 13849143.42742679 13874182.59311346
1048576 13858968.59335746 38779.05884420018 13726528.07203386 13879343.64496648
