16 2.362851091675111e-05 1.131373220647622e-07 2.334234886802733e-05 2.373510506004095e-05
32 2.455837557135965e-05 1.118887876597158e-07 2.433505142107606e-05 2.480099647073075e-05
64 2.647318660820019e-05 7.594279228948123e-08 2.630740345921367e-05 2.657122968230397e-05
128 3.045593803108204e-05 1.017634409470138e-06 2.996106195496395e-05 3.425055183470249e-05
256 3.75697545678122e-05 1.244553662674073e-07 3.731493779923767e-05 3.774040669668466e-05
512 5.254239022178808e-05 1.980667416505053e-07 5.209485243540257e-05 5.285565566737205e-05
1024 8.22376023279503e-05 4.927597330820736e-07 8.132250513881445e-05 8.280089241452515e-05
2048 0.0001415466831531376 9.895524363665682e-07 0.0001398932654410601 0.0001436528400518
4096 0.0002613161414046772 2.380336830124968e-06 0.0002574184909462929 0.0002660385798662901
8192 0.0005001547106076032 3.708596949591434e-06 0.00049408501945436 0.0005060711409896612
16384 0.00098216108744964 5.376815879633572e-06 0.0009765527211129665 0.0009942399337887764
32768 0.001957397034857422 6.030549035225931e-05 0.001906367018818855 0.002170473337173462
65536 0.003859787713736296 2.70364058557478e-05 0.003819840028882027 0.003911949694156647
131072 0.007685189601033926 4.551644670386266e-05 0.007609890773892403 0.007790189236402512
262144 0.01535498932935297 9.187819917065548e-05 0.01525078341364861 0.01558353006839752
524288 0.03025860246270895 0.0001911637458654377 0.0299859419465065 0.03063562512397766
1048576 0.05972983594983816 0.0003034585043133267 0.05936650931835175 0.06040205061435699


16 677162.6896955158 3262.204768423022 674106.9803367618 685449.4417190229
32 1303043.151115299 5940.224753059708 1290270.737216759 1314975.647525671
64 2417559.152585811 6946.773524326205 2408620.179239315 2432775.248960771
128 4206743.730909149 126137.0582432125 3737166.064294212 4272211.719077365
256 6814061.994757666 22598.87392611217 6783180.744644402 6860523.29437971
512 9744643.160978021 36855.43729702727 9686759.033358451 9828226.323030248
1024 12452145.74855855 74920.93963376866 12367016.46732937 12591840.33069408
2048 14469385.83552953 100867.6660437882 14256592.48547755 14639732.61002235
4096 15675718.15873047 142589.4343307175 15396263.21136819 15911832.84830373
8192 16379776.81231527 121532.0576927688 16187447.44855419 16580142.43995252
16384 16682048.03154406 90946.91018821843 16478919.6683793 16777384.0016823
32768 16754324.96306372 475520.4152005056 15097167.71857364 17188715.32948695
65536 16979950.41332239 118519.248122038 16752771.66725645 17156739.41957742
131072 17055700.76998458 100636.1149535065 16825265.21788689 17223900.30217972
262144 17072806.24030755 101675.2320605638 16821862.49517448 17188887.47481626
524288 17327554.28057772 109236.8197545728 17113670.69802843 17484459.91576003
1048576 17555736.95292243 88889.83929663063 17359940.42147244 17662753.15897439
