16 1.400061046297196e-05 3.165245943074496e-08 1.392597914673388e-05 1.404637441737577e-05
32 1.664554338276503e-05 3.422148562620442e-08 1.657934626564384e-05 1.67200923897326e-05
64 2.170733932871372e-05 1.940462274920871e-08 2.165923797292635e-05 2.173907705582678e-05
128 3.206553355994401e-05 1.015248379881524e-06 3.177735197823495e-05 3.587224637158215e-05
256 5.204502667766064e-05 1.356102966090864e-08 5.202068132348359e-05 5.207341746427119e-05
512 9.230630530510098e-05 2.642399366855158e-08 9.22572216950357e-05 9.236900950782001e-05
1024 0.0001739928629831411 4.094108389566752e-06 0.00017279147868976 0.0001893437001854181
2048 0.000334405318426434 1.592702135484526e-07 0.0003340141847729683 0.000334631884470582
4096 0.0006576700543519109 5.631283032286266e-07 0.0006564424838870764 0.0006587090902030468
8192 0.001303367811487988 8.878423277179824e-07 0.001301783137023449 0.001305531244724989
16384 0.002595165220554918 3.146068181752765e-06 0.002590066753327847 0.002602918073534966
32768 0.005183195462450385 9.798757645245717e-06 0.00516517274081707 0.00519845262169838
65536 0.01057875296100974 2.998508498311552e-05 0.01050353050231934 0.01062875241041183
131072 0.02136584790423512 5.760402794988493e-05 0.02128947526216507 0.02146130800247192
262144 0.04282109066843987 0.0002575724442176291 0.04237225651741028 0.04322700202465057
524288 0.08533510565757751 0.0003801320924735077 0.08475250005722046 0.08620986342430115
1048576 0.1694297976791859 0.00136260197394436 0.1671517491340637 0.1715360283851624


16 1142812.79970233 2589.49033906657 1139083.974595433 1148931.779332195
32 1922444.110409953 3953.583039336179 1913865.022638895 1930112.290754869
64 2948313.794376637 2637.562525429108 2944007.228809464 2954859.265131988
128 3995205.351437884 113881.0912206358 3568218.133710218 4028026.000645686
256 4918818.043436937 1281.573070333948 4916135.957000474 4921119.706374058
512 5546750.437436156 1587.61518253802 5542984.630106419 5549701.0487966
1024 5888122.77519198 128012.2042252662 5408154.583422792 5926218.166339963
2048 6124305.813539391 2918.093758400017 6120157.985662729 6131476.126955625
4096 6228051.268017546 5333.909262416482 6218222.977213521 6239693.65258908
8192 6285258.458947918 4279.771424238284 6274840.24844281 6292906.834491003
16384 6313286.886952452 7647.704077909456 6294473.946984145 6325705.690383857
32768 6321990.004349279 11963.89754378777 6303414.185834094 6344027.904634316
65536 6195105.888548269 17600.43208099765 6165916.513004998 6239425.875473839
131072 6134691.819481167 16523.96079447412 6107363.073345905 6156657.145652466
262144 6122050.898564557 36843.55601946125 6064357.640405183 6186689.630095297
524288 6143986.457110932 27312.99589531309 6081531.499703221 6186106.600348405
1048576 6189227.663746119 49781.20722901387 6112861.594565754 6273197.890133903
