16 0.0001315884874202311 8.224218340525564e-08 0.0001314026012551039 0.0001317276619374752
32 0.0001322075440839399 7.517337876729185e-08 0.0001320405281148851 0.0001323742908425629
64 0.0001333406544290483 5.907299708939451e-08 0.0001331557868979871 0.0001334267435595393
128 0.0001356369211862329 7.66829647416657e-08 0.0001354726846329868 0.0001357322325929999
256 0.0001402145280735567 1.025311262200918e-07 0.0001400001929141581 0.0001403728383593261
512 0.0001493784584454261 8.339532703648098e-08 0.0001491406001150608 0.0001495361211709678
1024 0.0001678535918472335 2.879568636919606e-07 0.0001676223473623395 0.0001686682226136327
2048 0.0002044009270321112 1.577486923013661e-07 0.000203896255698055 0.0002045639557763934
4096 0.0002803981624310836 8.210541943911833e-06 0.0002781464718282223 0.0003111640689894557
8192 0.0004261660724296235 7.011470712922666e-07 0.0004248232580721378 0.0004282508743926883
16384 0.0007261501596076414 1.616434984453306e-05 0.0007204608991742134 0.0007862390484660864
32768 0.00131126437918283 1.179501457277916e-06 0.001308381091803312 0.001313152257353067
65536 0.002494654851034284 4.867530655321457e-06 0.002479960210621357 0.002499007619917393
131072 0.004872425924986601 3.359753900532402e-06 0.004864640533924103 0.004876350983977318
262144 0.009741059504449368 1.741820678409635e-05 0.009700000286102295 0.009777981787919998
524288 0.01926911622285843 1.8335578017891e-05 0.01922756433486938 0.01929706335067749
1048576 0.03830099385231733 5.942258179561176e-05 0.03815662860870361 0.03842294216156006


16 121591.2286486847 76.02197836896872 121462.7191029507 121763.1907372802
32 242043.7496263557 137.622799220578 241738.783235928 242349.8334705055
64 479973.7338883105 212.8065264606269 479663.9586084264 480640.0194159903
128 943696.1356642323 533.8252928654487 943033.187878185 944839.9162293767
256 1825774.631852294 1335.517809627603 1823714.637333839 1828568.908879774
512 3427536.707944328 1914.708847035221 3423921.899208684 3433002.144318824
1024 6100571.359355812 10427.44954506054 6071090.239361038 6108970.648087147
2048 10019529.63301946 7745.082282812623 10011538.89612228 10044323.73212794
4096 14618460.18068848 388365.9987547004 13163473.57618209 14726054.12924169
8192 19222601.88047869 31560.29753197033 19128974.36956142 19283313.34111878
16384 22572575.05567471 467158.5504047206 20838446.0578044 22740998.18432785
32768 24989640.07320981 22496.84205556164 24953694.30050004 25044690.88194832
65536 26270662.16263274 51454.85548289552 26224809.99164234 26426230.43681007
131072 26900780.12129352 18561.79336340545 26879115.22994869 26943820.2239107
262144 26911321.75024329 48165.13383661888 26809622.44415921 27025153.84206613
524288 27208743.74668688 25918.75681152922 27169315.37573011 27267520.25732133
1048576 27377314.81506965 42478.74040378203 27290361.98193692 27480834.60813981
