16 4.321830056142062e-05 6.214384928587329e-08 4.307556082494557e-05 4.3319450924173e-05
32 4.406969765113899e-05 9.62450539528876e-08 4.387731314636767e-05 4.426091618370265e-05
64 4.580994664138416e-05 8.66654877788951e-08 4.563207039609551e-05 4.595177597366273e-05
128 4.943589556205552e-05 1.031056412485764e-06 4.902917135041207e-05 5.329150008037686e-05
256 5.606419290415943e-05 1.626569664835691e-07 5.573120142798871e-05 5.642499309033155e-05
512 6.946405846974812e-05 1.992078314167915e-07 6.902785389684141e-05 6.986974040046334e-05
1024 9.674360990175046e-05 4.004353982937465e-07 9.606080129742622e-05 9.764148853719234e-05
2048 0.0001509647081547882 8.272781332319007e-07 0.0001496128388680518 0.0001527597778476775
4096 0.0002604823966976255 2.18419464031983e-06 0.0002573169767856598 0.0002645190106704831
8192 0.0004781892857863568 4.683353457654817e-06 0.0004744530888274312 0.0004904062952846289
16384 0.0009074768895516172 4.996857589602544e-06 0.0008991865906864405 0.0009194023441523314
32768 0.001778611971531063 1.115266760933683e-05 0.001750917639583349 0.001791759859770536
65536 0.003516271186526865 3.13882976156387e-05 0.003458932973444462 0.003572995774447918
131072 0.007009477354586124 3.734315074648138e-05 0.006933946162462234 0.00706510990858078
262144 0.01412217086181045 9.412961664315149e-05 0.01397968456149101 0.01431384310126305
524288 0.02807353483512998 0.0005581002290106475 0.02771509438753128 0.03009144216775894
1048576 0.05556755792349577 0.0004038626224100268 0.05492736399173737 0.0564311295747757


16 370214.257361985 532.9028141072598 369349.0951214186 371440.317748207
32 726125.7707416053 1586.770927976134 722985.4860479085 729306.2793807164
64 1397081.195034247 2646.174853972272 1392764.450207139 1402522.380520261
128 2590196.827334622 50382.80372497921 2401883.974122404 2610690.665872823
256 4566230.34702893 13240.38711583983 4536996.567995428 4593477.144589862
512 7370775.059040241 21148.84584538356 7327921.888151236 7417295.643656513
1024 10584848.20448519 43754.50428570656 10487345.23962067 10659915.24294558
2048 13566465.19803978 74088.25115759645 13406670.45249397 13688664.79304089
4096 15725704.05232863 131410.6920388721 15484709.35838511 15918110.22796172
8192 17132806.21300178 164985.2257668411 16704516.3954215 17266195.94836194
16384 18054965.99806042 99133.76232079242 17820272.16289696 18220912.28861902
32768 18424038.98606639 116332.8110595516 18288165.02463476 18714758.05555167
65536 18639318.9807839 166534.3021887725 18342031.20772688 18946883.47624677
131072 18699753.89716817 100017.7023905019 18552011.46139415 18902944.57571279
262144 18563355.89539984 123336.2918384134 18314019.38287758 18751782.19128865
524288 18682049.12798497 350125.117983622 17423159.61717983 18917056.26793288
1048576 18871221.75618436 136573.7871284673 18581517.11477889 19090229.78342335
