16 1.726265782053815e-05 5.802122770351618e-08 1.717101986287162e-05 1.737756247166544e-05
32 1.895346622404759e-05 6.019008014497114e-08 1.885599340312183e-05 1.907366822706535e-05
64 2.194764738305821e-05 4.420357699253132e-08 2.184597542509437e-05 2.202828909503296e-05
128 2.802784592859098e-05 4.916996746544914e-07 2.780557406367734e-05 2.985629544127733e-05
256 3.977796859544469e-05 1.376769446112982e-07 3.947473305743188e-05 3.995337465312332e-05
512 6.365142144204583e-05 2.426124001392396e-07 6.293723708949983e-05 6.388025940395892e-05
1024 0.0001115030536311679 1.079282552338945e-07 0.0001112647587433457 0.0001116960484068841
2048 0.0002084270563500468 3.776992712021391e-06 0.0002058493555523455 0.0002181528252549469
4096 0.000398236996261403 6.553005064109349e-07 0.0003957939334213734 0.0003985093208029866
8192 0.000780550719355233 1.7418771963817e-06 0.0007747821509838104 0.0007820536848157644
16384 0.001542706391774118 5.895066194780836e-06 0.001528277061879635 0.001546445302665234
32768 0.003073579049669206 4.64324945835031e-06 0.003060601651668549 0.003076457418501377
65536 0.006136162090115249 3.39323924413338e-05 0.006076477468013763 0.006245991215109825
131072 0.01227130438201129 3.489382118286448e-05 0.01221971958875656 0.01239326596260071
262144 0.02458803215995431 6.158285717439947e-05 0.02435912191867828 0.02461331337690353
524288 0.04920549876987934 0.000379597407219252 0.04863700270652771 0.05053012073040009
1048576 0.09813331812620163 0.0004824807982245312 0.09733498096466064 0.09957149624824524


16 926865.9245164403 3112.453395821064 920727.5201046411 931802.5445067664
32 1688361.486864209 5359.326768906169 1677705.600152586 1697073.143582137
64 2916041.17566249 5875.339307136398 2905355.006187521 2929601.391315469
128 4568130.730450546 75635.65211996905 4287203.020607699 4603393.539254689
256 6435795.821477556 22344.7833353787 6407468.761339975 6485161.017493013
512 8043921.260969362 30874.12287967526 8014995.630532291 8135088.600599212
1024 9183613.060830239 8891.342248589172 9167737.038196677 9203273.449431185
2048 9828892.280035624 171450.8654825304 9387914.17258328 9949023.131525973
4096 10285358.95717558 17020.71569979584 10278304.135388 10348819.560201
8192 10495203.27351464 23554.67298114585 10474984.21023343 10573294.68625198
16384 10620443.19579943 40821.02355994008 10594619.78497582 10720569.20088118
32768 10661209.54726082 16151.59350692676 10651211.94362643 10706391.66065138
65536 10680594.72772226 58487.3449050519 10492489.94162212 10785195.92065927
131072 10681259.47977829 30149.20342093332 10576066.09876181 10726269.04799028
262144 10661510.16831557 26932.0559440257 10650496.17602435 10761635.86171762
524288 10655652.27968578 80611.34828792387 10375751.97568401 10779611.62951421
1048576 10685459.7724788 52228.30130846865 10530885.23833927 10772858.73596365
