16 1.800388417905197e-05 5.859207899438724e-08 1.789730595191941e-05 1.809582317946479e-05
32 2.086716540361522e-05 5.145707624408712e-08 2.07442935789004e-05 2.092940849252045e-05
64 2.676794611033984e-05 7.404679451513805e-08 2.659569872776046e-05 2.687341475393623e-05
128 3.788342655752786e-05 1.458959636169686e-07 3.758264938369393e-05 3.808844485320151e-05
256 6.096941797295585e-05 9.954260361826042e-08 6.078649312257767e-05 6.109217065386474e-05
512 0.000105551222077338 2.102480101011223e-06 0.0001047413388732821 0.0001134079648181796
1024 0.0001923517120303586 2.922329394627175e-07 0.0001918552443385124 0.0001927462872117758
2048 0.000370640933397226 9.70575807686792e-07 0.0003692631144076586 0.000373081536963582
4096 0.000722623328329064 1.316802015609116e-06 0.0007203700952231884 0.0007251182105392218
8192 0.001431487442459911 1.125668086636267e-05 0.001412570010870695 0.001463470980525017
16384 0.002833487873431295 8.306430271866716e-06 0.00281926617026329 0.002858676016330719
32768 0.005658321781083941 2.546880287137863e-05 0.005613485351204872 0.005718061700463295
65536 0.01134346961043775 9.188259702678589e-05 0.0112469382584095 0.0116184689104557
131072 0.02267677197232842 0.0002187817675121897 0.02247815579175949 0.02337562292814255
262144 0.0456082271412015 0.0005475568483679356 0.0450776219367981 0.04691462218761444
524288 0.09124624729156494 0.002421242377025791 0.08961838483810425 0.09956437349319458
1048576 0.1813907884061337 0.00182890151494944 0.1791294813156128 0.1847697496414185


16 888705.9468829413 2893.45418225764 884181.9375289246 893989.2988913268
32 1533518.436189294 3790.511551142507 1528949.08670906 1542592.900466281
64 2390936.538067831 6632.295052328377 2381535.825871393 2406404.157872232
128 3378833.388947526 13061.74733709241 3360599.270811158 3405826.946716951
256 4198836.870854983 6859.964343515247 4190389.656482196 4211461.902955461
512 4852414.156968167 90431.95973383183 4514674.086787994 4888232.339854149
1024 5323592.943192976 8091.362211874106 5312683.397501205 5337357.357786052
2048 5525598.928810878 14446.02217041038 5489416.647814211 5546180.812793156
4096 5668254.241489156 10324.66977434366 5648734.151848261 5685966.182051128
8192 5723046.925745506 44521.38822610948 5597651.138296667 5799358.571226163
16384 5782319.243623051 16881.2559708619 5731324.538493817 5811441.350523461
32768 5791226.114046548 26002.9541171475 5730613.22464307 5837371.606032019
65536 5777771.296037193 46126.115719514 5640674.387054802 5827008.070485119
131072 5780505.959420801 54685.80210101419 5607208.860397849 5831083.351066153
262144 5748501.29495858 68095.006276121 5587682.214548592 5815391.068489456
524288 5749408.779130548 142797.4575359985 5265819.304691714 5850228.175246933
1048576 5781303.603353148 57868.98305157638 5675041.515372322 5853732.12884197
