16 1.713223264232511e-05 7.810129237421538e-08 1.705221802694723e-05 1.736920239636675e-05
32 1.778142132025096e-05 6.223593383112273e-08 1.767565845511854e-05 1.791714748833328e-05
64 1.908503963932162e-05 9.635630401211744e-08 1.893988519441336e-05 1.924209936987609e-05
128 2.16800676753337e-05 1.111297277994389e-07 2.150292857550085e-05 2.197518915636465e-05
256 2.701547236938495e-05 5.735962162334959e-07 2.659481833688915e-05 2.906158624682575e-05
512 3.732773348019691e-05 5.070118040632043e-07 3.66399617632851e-05 3.847869811579585e-05
1024 5.77116961721913e-05 6.449773413984376e-07 5.673864507116377e-05 5.93165896134451e-05
2048 9.913874055200722e-05 1.489412709140176e-06 9.71760309766978e-05 0.0001023259246721864
4096 0.0001799339916033205 1.980016385825088e-06 0.0001782106701284647 0.0001855732407420874
8192 0.0003483918044366874 5.548059698422412e-06 0.0003417680272832513 0.0003616821486502886
16384 0.0006815223168814555 1.180989822416789e-05 0.0006659210193902254 0.0006990011315792799
32768 0.001342328847385943 2.33811468422385e-05 0.001309212762862444 0.00140081625431776
65536 0.002684898790903389 7.565431973483741e-05 0.00261316355317831 0.002858703024685383
131072 0.005288710817694664 6.905107466862381e-05 0.005203867331147194 0.005419429391622543
262144 0.01080966042354703 0.0004738752814864764 0.01054214313626289 0.01252220571041107
524288 0.02133749006316066 0.0002418565027194733 0.02104256302118301 0.02204043418169022
1048576 0.04236308764666319 0.0003144175709424076 0.04193174839019775 0.04297313094139099


16 933930.1881510536 4223.726999966152 921170.6810064489 938294.3599897424
32 1799651.794345717 6286.410355515351 1785998.58157314 1810399.317301439
64 3353492.031036007 16918.93856565176 3326040.405975314 3379112.35168827
128 5904185.378911694 30126.24072209898 5824750.771846144 5952677.541134354
256 9479823.301323762 189553.3308031207 8808879.110236509 9625935.276455995
512 13718699.15197682 185043.2912603392 13306063.48632724 13973813.70940859
1024 17745428.19714504 196427.3942082938 17263298.62645868 18047663.96369988
2048 20662237.30024383 306685.8542940464 20014478.31095608 21075155.87347972
4096 22766437.09335594 245615.7315532353 22072147.81409506 22984033.43103622
8192 23519277.38922241 369868.8771138123 22649721.67017528 23969474.4564582
16384 24047065.65332301 416580.5427407483 23439160.91091727 24603518.31963887
32768 24418159.7357772 419819.6620093721 23392075.79794896 25028781.36350926
65536 24426789.22322147 669310.9608775821 22925081.56114349 25079180.33691025
131072 24787285.70988643 321112.8328620497 24185572.04612972 25187421.51927711
262144 24289470.84710418 939204.9942446875 20934331.06453851 24866291.0958092
524288 24574123.6134303 273996.1902508915 23787553.17059702 24915596.04560588
1048576 24753389.00252113 183159.5899704165 24400735.46026011 25006732.13629037
