16 7.629077572346432e-06 1.307989608020859e-07 7.567268767161295e-06 8.115104719763622e-06
32 8.424061888945289e-06 2.423346434770995e-08 8.393355528824031e-06 8.460036042379215e-06
64 1.008137769531459e-05 2.502868260300955e-08 1.003820580081083e-05 1.012335269479081e-05
128 1.341018673883809e-05 2.581475020251385e-08 1.336540299234912e-05 1.345199416391551e-05
256 2.008033879974391e-05 2.714613008185351e-08 2.004169073188677e-05 2.012761979131028e-05
512 3.34258747898275e-05 3.661696855921147e-08 3.337292582727969e-05 3.350860788486898e-05
1024 6.01044403083506e-05 2.378067659514183e-08 6.005681643728167e-05 6.01437350269407e-05
2048 0.0001135096208599862 8.159560680464298e-08 0.0001134435005951673 0.0001138072402682155
4096 0.0002202016185037792 4.251537387425926e-08 0.0002201308379881084 0.0002202973701059818
8192 0.0004360780803835951 8.115673218549527e-06 0.0004328056238591671 0.0004664818989112973
16384 0.0008648684015497565 3.787301145366232e-07 0.000863960012793541 0.0008652156684547663
32768 0.001723806170048192 4.197722339760488e-07 0.001722884830087423 0.00172479497268796
65536 0.003440888482145965 3.522102318571853e-06 0.003431414254009724 0.003444336354732513
131072 0.006887592258863151 2.839432742082305e-06 0.006878117099404335 0.006890438497066498
262144 0.01384219457395375 6.362619453617331e-05 0.01360395178198814 0.01386528462171555
524288 0.02764857932925224 6.223050048252157e-05 0.02741875499486923 0.02769400179386139
1048576 0.05526788625866175 0.0001143047572180402 0.0551983118057251 0.05565837025642395


16 2097785.480721775 33992.75401900351 1971631.981659265 2114369.198756776
32 3798672.01661349 10923.26750031909 3782489.795516361 3812539.560621165
64 6348375.381971153 15767.65615472805 6322016.226198716 6375641.351647766
128 9545015.824449381 18372.21319182085 9515317.83617297 9576965.249253782
256 12748810.71276742 17226.5313768163 12718841.20697288 12773373.43564025
512 15317492.18141968 16771.84725884087 15279655.9546479 15341777.42310748
1024 17037013.32322253 6742.425302689175 17025879.74526874 17050520.83587182
2048 18042532.20438198 12940.22215577617 17995340.14860013 18053039.52412806
4096 18601135.50013528 3591.181448165403 18593049.92170117 18607115.82909283
8192 18791356.44487346 328406.3047264491 17561238.7514263 18927665.32688503
16384 18943925.94065961 8301.074939505059 18936319.11366219 18963840.63774402
32768 19009098.81334968 4628.562414960797 18998200.08689706 19019263.1728827
65536 19046262.28014135 19536.11549789483 19027177.73482071 19098830.72946351
131072 19030165.54660758 7852.724346085115 19022301.70921661 19056378.09093876
262144 18938418.73377587 88467.35434687014 18906499.73311295 19269694.87991592
524288 18962656.36326158 43001.52733970726 18931464.07306917 19121510.07943679
1048576 18972684.72635204 39020.70019752888 18839502.39953309 18996523.00401048
