16 5.808075911772903e-06 3.380645150367982e-08 5.7637007557787e-06 5.880248863832094e-06
32 7.884653768996941e-06 4.077052407256051e-08 7.824648491805419e-06 7.983690011315048e-06
64 1.201534109895874e-05 5.646775417704693e-08 1.195976074086502e-05 1.220289414050058e-05
128 2.028688095379039e-05 1.173806043542321e-07 2.020288229687139e-05 2.071374183287844e-05
256 3.681671660160646e-05 2.80268927696367e-07 3.665051190182567e-05 3.783343709073961e-05
512 6.997463788138703e-05 6.290936282737629e-07 6.960032624192536e-05 7.229784387163818e-05
1024 0.0001358291228825692 2.427149351301103e-07 0.000135465117637068 0.0001362742041237652
2048 0.000269840529654175 8.23140835877749e-06 0.0002667997032403946 0.0003006655024364591
4096 0.0005358687194529921 1.643100624949165e-05 0.0005302880890667439 0.0005973740480840206
8192 0.001060322800185531 1.376804193356834e-06 0.001057861372828484 0.001062541268765926
16384 0.002118526375852525 2.96975868889774e-06 0.002113960683345795 0.002125214785337448
32768 0.00423204421531409 6.007898217390036e-06 0.004222899675369263 0.004242241382598877
65536 0.0084798748139292 1.774000979726022e-05 0.008450232446193695 0.008506860584020615
131072 0.01694973558187485 3.678243137600154e-05 0.01688221842050552 0.01702437549829483
262144 0.03398053720593452 5.56918443306079e-05 0.03390474617481232 0.0340828150510788
524288 0.06804975122213364 0.0001328157387757879 0.06780439615249634 0.06829175353050232
1048576 0.136431660503149 0.0003062847340744867 0.1360325217247009 0.1370764970779419


16 2754872.09253157 15973.23980640847 2720973.273497302 2775994.222801793
32 4058618.182512809 20908.35652930383 4008171.654291104 4089640.580469895
64 5326632.859402109 24759.66213055952 5244657.477408442 5351277.620573121
128 6309690.777419295 35855.65180756313 6179472.595184544 6335729.631005275
256 6953732.153507601 51707.86953228075 6766501.266750106 6984895.618531535
512 7317475.181330185 63883.17482261056 7081815.619688946 7356287.357336911
1024 7538906.555978494 13469.84213462637 7514261.459711008 7559141.555123099
2048 7595657.950211442 209460.9953090338 6811556.30893442 7676170.457186341
4096 7649756.220757807 211967.0632875671 6856675.500278676 7724103.340145857
8192 7725961.328661844 10033.00515556657 7709818.18853444 7743925.820919648
16384 7733691.844636858 10831.18448562416 7709338.422186112 7750380.661795855
32768 7742844.880777732 10987.81896270649 7724218.648757254 7759597.082337664
65536 7728447.702577384 16175.82264223961 7703899.61757497 7755526.302654538
131072 7733016.104175909 16767.94740870077 7699078.30176374 7763908.55367663
262144 7714553.132845947 12636.36424093219 7691383.461346528 7731778.868020124
524288 7704508.267420801 15025.46349739083 7677178.764575554 7732359.990653754
1048576 7685759.621055579 17229.60047831357 7649568.105054349 7708274.36487637
