16 9.624427548260428e-05 6.931223553867319e-07 9.50815447140485e-05 9.733310434967279e-05
32 9.882042286335491e-05 6.113025916715155e-07 9.786072769202292e-05 0.0001002465724013746
64 0.0001044229848048417 7.930136719869096e-07 0.0001028109109029174 0.0001056329347193241
128 0.0001149898307630792 4.818094707619068e-07 0.0001141699322033674 0.000116074486868456
256 0.0001371684411424212 1.086229724950219e-06 0.0001348984660580754 0.0001390298129990697
512 0.0001790001297194976 1.729236091029845e-06 0.0001753950491547585 0.0001826469670049846
1024 0.0002659039819263853 3.080370455351257e-06 0.0002610594965517521 0.0002696352312341332
2048 0.0004433371141203679 1.063468999926453e-05 0.0004277763655409217 0.0004743706667795777
4096 0.000794472944107838 1.470522968562019e-05 0.0007695176173001528 0.0008224444463849068
8192 0.001475801080232486 3.617554421523781e-05 0.001417753752321005 0.001549138687551022
16384 0.002914869866799563 7.300493262438636e-05 0.002806402742862701 0.003051097504794598
32768 0.00572604441549629 0.0002199868817389333 0.005517382174730301 0.006447704508900642
65536 0.01123868115246296 0.0003877474382323995 0.01070665940642357 0.01182559505105019
131072 0.0218354370445013 0.0007491730825113881 0.02129974961280823 0.02373587340116501
262144 0.04388729855418205 0.001256039961939549 0.04254692792892456 0.04704512655735016
524288 0.08648722991347313 0.001896724581454905 0.08495360612869263 0.09125936031341553
1048576 0.1739907003939152 0.004690046701957782 0.1697892546653748 0.1852892637252808


16 166251.7416828335 1197.970255113239 164383.9483688859 168276.6098102313
32 323831.2514637345 1991.354418154168 319212.9090646217 326995.3203363362
64 612925.0902317966 4664.067138693643 605871.6457140339 622502.0227710473
128 1113160.203872319 4656.868250235172 1102740.175324306 1121135.815093571
256 1866428.1634341 14771.57917840134 1841331.686188149 1897723.580413352
512 2860583.461083589 27643.85775057449 2803222.021124649 2919124.584572742
1024 3851499.898356503 44726.80178244839 3797723.299411221 3922477.494692493
2048 4621931.199199248 107773.7600119064 4317298.988791878 4787548.27282314
4096 5157259.818963935 94560.26680137192 4980275.589438485 5322815.108990991
8192 5554001.163994942 135711.4617099038 5288099.810450439 5778154.342098461
16384 5624124.032802825 140156.7869907756 5369870.996994894 5838078.67265955
32768 5729925.167223714 202940.1209231524 5082118.753234718 5939048.440414
65536 5837814.909429024 201820.4674443832 5541877.572932788 6121050.227924596
131072 6009053.000887692 196976.755768303 5522105.624036851 6153687.3617135
262144 5977566.919868683 165901.2814159143 5572181.84290427 6161290.903021635
524288 6064696.828521074 129841.6793966236 5745032.59938945 6171462.56517679
1048576 6030614.24842141 158065.4180649746 5659129.832555608 6175750.061843206
