16 6.27772715233732e-06 2.969770708873632e-07 5.947251338511705e-06 6.92752655595541e-06
32 7.305643521249294e-06 2.829152119418237e-07 6.974674761295319e-06 8.005299605429173e-06
64 9.201248758472502e-06 2.812884032320883e-07 8.878996595740318e-06 9.761657565832138e-06
128 1.3075397873763e-05 3.75852792108186e-07 1.26776285469532e-05 1.485506072640419e-05
256 2.074874646496028e-05 3.496456901925615e-07 2.026092261075974e-05 2.156663686037064e-05
512 3.613924491219223e-05 4.433585024287026e-07 3.557838499546051e-05 3.749318420886993e-05
1024 6.693368777632713e-05 5.274254575003817e-07 6.618723273277283e-05 6.845220923423767e-05
2048 0.0001286248443648219 1.213152299639947e-06 0.0001272484660148621 0.0001330971717834473
4096 0.0002522291615605354 2.546471926165781e-06 0.0002498775720596313 0.0002629905939102173
8192 0.0004996531642973423 4.965222125131025e-06 0.0004948675632476807 0.0005174875259399414
16384 0.0009925924241542816 6.636246154116388e-06 0.0009859800338745117 0.001016736030578613
32768 0.001980720087885857 1.446168968729944e-05 0.001967549324035645 0.002045035362243652
65536 0.003954052925109863 2.815789221217797e-05 0.00392448902130127 0.004043459892272949
131072 0.007910309359431267 4.333951578053222e-05 0.007868051528930664 0.008098483085632324
262144 0.01592065952718258 0.0001426570524143409 0.01581943035125732 0.01672494411468506
524288 0.03175351954996586 0.0001812164531635483 0.03157198429107666 0.03248298168182373
1048576 0.06340263411402702 0.0002910803473331737 0.06301248073577881 0.06441152095794678
