16 3.99093996747979e-05 9.65292608534249e-08 3.975635627284646e-05 4.031765274703503e-05
32 4.335609264671803e-05 1.90804539413343e-07 4.314596299082041e-05 4.423828795552254e-05
64 4.995532435714267e-05 3.351614833190145e-07 4.965136758983135e-05 5.138665437698364e-05
128 6.326565926428884e-05 7.515862660259649e-07 6.291037425398827e-05 6.625568494200706e-05
256 8.981130667962134e-05 1.338037678645514e-06 8.932407945394516e-05 9.586755186319351e-05
512 0.0001428710238542408 2.248301517633087e-06 0.0001421496272087097 0.0001547187566757202
1024 0.000248854688834399 4.333417053266229e-06 0.0002477653324604034 0.000272843986749649
2048 0.0004611716140061617 8.587625566771509e-06 0.0004590973258018494 0.000508531928062439
4096 0.0008855443447828293 1.717010244187125e-05 0.000881686806678772 0.0009804368019104004
8192 0.001732921227812767 2.714429475611417e-05 0.001726865768432617 0.001923888921737671
16384 0.003427091054618359 4.906955910532829e-05 0.003417730331420898 0.003811478614807129
32768 0.006809685379266739 4.940360171305055e-05 0.006798505783081055 0.007197022438049316
65536 0.01356898620724678 9.320585241911882e-06 0.01356005668640137 0.01363348960876465
131072 0.02713928557932377 2.89300901774679e-05 0.02711856365203857 0.02727401256561279
262144 0.0543060265481472 3.777325141205961e-05 0.05427896976470947 0.05449903011322021
524288 0.1084912866353989 6.000313875078675e-05 0.1084389686584473 0.1087530851364136
1048576 0.2167534660547972 0.0001536212299595416 0.2165664434432983 0.2176625728607178
