16 1.279263460673974e-05 1.950299087588093e-07 1.257946860278025e-05 1.342456016573124e-05
32 1.699735958027304e-05 8.986496200665357e-08 1.687866460997611e-05 1.718350540613756e-05
64 2.558002643127111e-05 1.166860983830539e-07 2.544052404118702e-05 2.58693253272213e-05
128 4.257768796378514e-05 1.125028226520189e-07 4.247888864483684e-05 4.287323099561036e-05
256 7.673836262256373e-05 1.017601989569449e-07 7.660864503122866e-05 7.701697177253664e-05
512 0.0001450289964850526 8.013411906108499e-08 0.0001449328847229481 0.0001452048309147358
1024 0.0002815725674736314 7.015897892732176e-08 0.0002814873587340117 0.0002817421918734908
2048 0.0005548144545173272 2.446480064556357e-07 0.0005546112079173326 0.0005556668620556593
4096 0.001101208559703082 2.798054728251558e-07 0.001100814435631037 0.001102089881896973
8192 0.002194492029957473 1.331752068968997e-06 0.002193605527281761 0.002198374830186367
16384 0.004379184683784842 3.28716764117929e-07 0.004378749057650566 0.004379905760288239
32768 0.008750632172450423 4.013809813917733e-06 0.008748061954975128 0.008764512836933136
65536 0.01749708037823439 4.31738173964246e-06 0.01749265193939209 0.01750996708869934
131072 0.03500255476683378 3.295566211613547e-05 0.03498287498950958 0.03511925041675568
262144 0.06997940316796303 0.0002090081935031966 0.0691978931427002 0.07007527351379395
524288 0.1400102451443672 0.0002813124740054338 0.1389752626419067 0.1402187347412109
1048576 0.2806129045784473 0.002876895397409122 0.2778182625770569 0.2911915183067322


16 1250984.106754866 18505.17675786959 1191845.379101735 1271913.82285129
32 1882694.540319118 9924.106487573157 1862250.992662436 1895884.582070932
64 2502000.646245438 11359.72072472109 2473972.521140906 2515671.449864279
128 3006288.997995757 7915.783861953802 2985545.922888468 3013261.506679223
256 3336016.204445541 4415.211260312811 3323942.685724845 3341659.415796278
512 3530329.512688735 1949.888844752763 3526053.484409525 3532669.628281621
1024 3636718.124826028 905.9068640256734 3634528.407657882 3637818.78023026
2048 3691324.831570164 1625.732341472922 3685661.57143785 3692676.907289014
4096 3719549.954191516 944.6521847309185 3716575.269659275 3720881.437798358
8192 3732983.630492191 2262.745298904215 3726389.097761606 3734490.954784947
16384 3741335.721055454 280.8274938841599 3740719.754418136 3741707.913444781
32768 3744644.47932527 1715.457018740608 3738713.218824621 3745743.933759459
65536 3745539.388429138 923.8161294954833 3742782.591652951 3746487.395225537
131072 3744644.055369082 3516.00988363825 3732198.109144849 3746747.516872325
262144 3746048.170797648 11305.36505911358 3740891.570667909 3788323.43145774
524288 3744654.520545426 7573.661006010148 3739072.392627355 3772527.499019136
1048576 3737091.192291946 37083.77873216544 3600984.005638043 3774323.510172994
