16 1.808080060072825e-05 8.303942115758606e-08 1.798458833945915e-05 1.832296402426437e-05
32 2.173127222704352e-05 5.893261805758999e-07 2.150992077076808e-05 2.392944588791579e-05
64 2.854982903954806e-05 2.078440653340153e-07 2.841046079993248e-05 2.913036587415263e-05
128 4.246236767357914e-05 2.744468668452143e-07 4.227673343848437e-05 4.331434320192784e-05
256 7.027578612905927e-05 5.130253574296548e-07 6.995591684244573e-05 7.204027497209609e-05
512 0.0001254155322385486 4.773509874338169e-07 0.0001236347598023713 0.0001255942624993622
1024 0.0002370978436374571 3.800388186282353e-06 0.0002318554325029254 0.0002506684977561235
2048 0.0004610688047250733 6.594898351846149e-06 0.0004583291010931134 0.0004787953803315759
4096 0.0009054053225554526 7.618757364595134e-06 0.0009018536657094955 0.0009257677011191845
8192 0.001796252850908786 2.401760750006118e-05 0.001789980102330446 0.001886316575109959
16384 0.003568416635971516 2.901861106360429e-06 0.003566925413906574 0.003576922230422497
32768 0.007133623817935586 4.689139775043581e-05 0.007118085399270058 0.007309343665838242
65536 0.01431724289432168 0.0002400910480234738 0.01423043757677078 0.01515907794237137
131072 0.02853942615911365 0.0002752971489878595 0.02845703065395355 0.02956978231668472
262144 0.05697024334222078 1.737098924907585e-05 0.05694469809532166 0.05701969563961029
524288 0.1139009296894073 4.764983344310403e-05 0.1138481199741364 0.11404749751091
1048576 0.2276916056871414 0.0001670725011885364 0.2275422215461731 0.2282809615135193


16 884933.9415894221 4035.333665751608 873221.1654627408 889650.6107340329
32 1473461.6815046 36558.16637159119 1337264.563077902 1487685.628460701
64 2241804.455955285 16083.84431978462 2197020.122455352 2252691.374866827
128 3014550.271395097 19207.91444571854 2955141.1966072 3027670.058431762
256 3642969.419998351 26073.09767548555 3553567.779955843 3659447.428536482
512 4082485.134568194 15744.70435029407 4076619.343997501 4141230.191399458
1024 4319887.520996254 66260.65348230046 4085076.541992341 4416545.210719096
2048 4442680.018312458 61650.92155316329 4277401.337042386 4468404.897519112
4096 4524235.932233817 37422.81626207002 4424436.059983773 4541756.779108553
8192 4561335.491091661 58263.02985907414 4342855.334090708 4576587.186267886
16384 4591394.954817408 3726.927552039645 4580474.202276622 4593311.633633485
32768 4593639.707304997 29517.91292157176 4483029.051315257 4603485.089313522
65536 4578568.426687165 73206.77035885661 4323218.090779739 4605339.761791896
131072 4593051.839043601 42867.94736287768 4432633.240118333 4605961.935870146
262144 4601420.100417996 1402.528578607011 4597428.959580319 4603483.884683844
524288 4603018.495013781 1924.251531723959 4597102.184989596 4605152.901243394
1048576 4605248.950770623 3372.205955914417 4593357.20792424 4608270.029512838
