16 9.095729183172807e-06 8.654852495908499e-08 8.942384738475084e-06 9.509501978754997e-06
32 1.140624954132363e-05 1.250672583364051e-07 1.125154085457325e-05 1.186039298772812e-05
64 1.60475610755384e-05 2.700169867221424e-07 1.581059768795967e-05 1.685554161667824e-05
128 2.532477083150297e-05 5.218717525817008e-07 2.496270462870598e-05 2.697063609957695e-05
256 4.381657345220447e-05 9.478850460612763e-07 4.332046955823898e-05 4.677753895521164e-05
512 8.087226888164878e-05 1.953184794464808e-06 8.002296090126038e-05 8.654594421386719e-05
1024 0.0001550048473291099 3.925983688948554e-06 0.0001533776521682739 0.0001662373542785645
2048 0.0003032372333109379 7.751793754221899e-06 0.0003000944852828979 0.0003253445029258728
4096 0.0005999358836561441 1.557190221307085e-05 0.0005936175584793091 0.0006440579891204834
8192 0.001196214929223061 3.512760354274244e-05 0.001180648803710938 0.00129324197769165
16384 0.002382394857704639 6.61624439511135e-05 0.00235450267791748 0.002556264400482178
32768 0.004761110991239548 0.0001323807622162895 0.004701018333435059 0.005107998847961426
65536 0.00950143113732338 0.000254739205489035 0.009393930435180664 0.01022207736968994
131072 0.01900591142475605 0.0005137157296008338 0.01880908012390137 0.0207369327545166
262144 0.03814468905329704 0.001070325655419565 0.03770053386688232 0.04127752780914307
524288 0.07617495954036713 0.002006100713113452 0.07535946369171143 0.0819084644317627
1048576 0.1516755148768425 0.003083147097835611 0.1505699157714844 0.1632645130157471
