16 5.313690053299069e-06 5.705314027806562e-08 5.215057171881199e-06 5.612557288259268e-06
32 7.017482857918367e-06 5.64601203030953e-08 6.921938620507717e-06 7.276423275470734e-06
64 1.043589145410806e-05 6.341270699216813e-08 1.034000888466835e-05 1.062802039086819e-05
128 1.730593794491142e-05 9.79001879727025e-08 1.713447272777557e-05 1.756055280566216e-05
256 3.102596383541822e-05 1.663972515064042e-07 3.074295818805695e-05 3.124959766864777e-05
512 5.846214480698109e-05 3.143141471303253e-07 5.798414349555969e-05 5.886703729629517e-05
1024 0.0001134189078584313 6.472517474301384e-07 0.0001125000417232513 0.0001141391694545746
2048 0.0002233502455055714 1.240929308524174e-06 0.0002214685082435608 0.0002248436212539673
4096 0.0004432192072272301 2.712811607542031e-06 0.000439375638961792 0.0004520118236541748
8192 0.0008830679580569267 4.72682573332046e-06 0.0008755028247833252 0.0008886158466339111
16384 0.001768828369677067 1.148924082951352e-05 0.001751482486724854 0.001796483993530273
32768 0.00353887677192688 2.319299759576175e-05 0.003504514694213867 0.00358891487121582
65536 0.007092956453561783 5.906938332505231e-05 0.007011890411376953 0.00722050666809082
131072 0.01422249898314476 0.0001549330089345528 0.01403355598449707 0.01463556289672852
262144 0.02862056344747543 0.0003239884890017905 0.02812790870666504 0.02932608127593994
524288 0.05729678645730019 0.0007583914648557061 0.05622947216033936 0.0586545467376709
1048576 0.1143883988261223 0.001343745899982529 0.1123905181884766 0.1172529458999634
