16 0.0001088131066353526 1.621373598494426e-07 0.0001083283859770745 0.0001089962024707347
32 0.000109298302049865 1.959099301105963e-07 0.0001086312113329768 0.0001094370090868324
64 0.0001100517747545382 2.193426765406986e-07 0.0001096843334380537 0.0001103073882404715
128 0.0001118777890951606 2.148664552226386e-07 0.0001111940946429968 0.0001120245433412492
256 0.0001152263248513918 3.013286873489429e-07 0.0001145678688772023 0.0001155463687609881
512 0.0001223689832841046 5.562793659373516e-08 0.0001222050632350147 0.000122460478451103
1024 0.000137278730107937 4.111177722822117e-06 0.0001355744898319244 0.0001526757841929793
2048 0.0001649000587349292 4.011748924764717e-06 0.0001633340143598616 0.0001799272722564638
4096 0.0002204323463956825 2.394679930209436e-07 0.0002199868322350085 0.0002207146026194096
8192 0.0003331743209855631 3.102288765964755e-07 0.0003325106808915734 0.0003336035879328847
16384 0.0005582615558523685 1.221821917448482e-06 0.0005563916638493538 0.000560299027711153
32768 0.001006653503281996 2.834434997359035e-06 0.001002578064799309 0.001011437736451626
65536 0.001916599780088291 7.075997465253188e-06 0.001904652453958988 0.001928251702338457
131072 0.00373444362776354 1.255392382006658e-05 0.003715422004461288 0.003755988553166389
262144 0.007522786501795053 2.277384273265368e-05 0.00747847743332386 0.007552014663815498
524288 0.01502874703146517 4.37331815949437e-05 0.01493800058960915 0.01509084552526474
1048576 0.02970955055207014 6.90312302691939e-05 0.02955950051546097 0.02983534336090088


16 147041.4170553972 219.6913992504648 146794.1050909179 147699.0527984611
32 292777.620837774 527.2408270125943 292405.6520460068 294574.6402653421
64 581546.6287328484 1160.290009233495 580196.8573535546 583492.6282899389
128 1144109.528784768 2206.9598520323 1142606.755468633 1151140.268833168
256 2221728.805622815 5823.426472351391 2215560.754916888 2234483.389704922
512 4184067.608620725 1903.291170350429 4180940.712267718 4189679.105319588
1024 7464960.217225235 202446.3172707011 6707023.025378295 7553043.358448053
2048 12425999.79704395 278676.9510663857 11382376.74764964 12538723.22936847
4096 18581685.50384255 20203.00684791872 18557902.15685439 18619296.2478059
8192 24587749.25710621 22910.57732535518 24556090.81053436 24636802.57739235
16384 29348382.35273448 64248.63339912054 29241528.5225987 29446882.59103044
32768 32551660.99656451 91665.27930208683 32397446.5447159 32683739.20245237
65536 34194325.64378586 126175.4024283411 33987264.17330385 34408377.16286645
131072 35098504.78648696 117895.6580985943 34896804.96749734 35277823.04207044
262144 34846962.26482519 105728.904591934 34711797.00643712 35053124.42769361
524288 34885953.37394364 101664.5755108193 34742122.24373043 35097602.04218321
1048576 35294418.61474266 82112.63294308173 35145430.95133792 35473400.4876553
