16 0.0009348130915896036 5.515895950601737e-07 0.0009332619374617934 0.0009361489210277796
32 0.000937650989726535 6.180119857703073e-07 0.0009362901328131557 0.0009392735082656145
64 0.0009433222330699209 6.13188404187999e-07 0.0009421142749488354 0.000944929663091898
128 0.0009546489236527123 6.671793290409101e-07 0.0009531993418931961 0.000956275500357151
256 0.0009778733656276017 1.015307554107268e-06 0.0009758826345205307 0.0009822146967053413
512 0.001024158467771485 1.446665405176742e-06 0.00102253258228302 0.001028601080179214
1024 0.001117299194447696 2.964939376872368e-06 0.001114483922719955 0.001128952950239182
2048 0.001303086173720658 6.161177210776232e-06 0.001298435032367706 0.001324526965618134
4096 0.001675262814387679 1.351517691316653e-05 0.001667186617851257 0.001715004444122314
8192 0.002419256139546633 2.798836750293886e-05 0.002402991056442261 0.00250774621963501
16384 0.003906692378222942 5.766409060497226e-05 0.003870010375976562 0.004082262516021729
32768 0.006873181089758873 9.942736012951174e-05 0.006807446479797363 0.007236003875732422
65536 0.0128127746284008 0.000204067397546497 0.01269698143005371 0.0134965181350708
131072 0.02473298646509647 0.000395403858526187 0.02448356151580811 0.0260319709777832
262144 0.0485485102981329 0.0007587817004925553 0.04815495014190674 0.05101096630096436
524288 0.09630342945456505 0.001559166407359555 0.09531557559967041 0.101078987121582
1048576 0.1911977734416723 0.002498785610069457 0.1897710561752319 0.2007050514221191
