16 1.589170096849557e-05 2.596552676626247e-07 1.570626773172989e-05 1.681601133896038e-05
32 1.954012077476364e-05 3.791355874492383e-07 1.932513259816915e-05 2.088052133331075e-05
64 2.679296403584885e-05 2.980433587163331e-07 2.656054857652634e-05 2.763180964393541e-05
128 4.133117818128085e-05 8.706640180991814e-07 4.092040762770921e-05 4.41279262304306e-05
256 6.992990165599622e-05 3.448368093477787e-07 6.971752736717463e-05 7.081445073708892e-05
512 0.0001275073154829443 5.896136795421106e-07 0.000127278792206198 0.0001297006965614855
1024 0.000243542090174742 1.69166844020697e-06 0.0002422519610263407 0.0002475141081959009
2048 0.0004728513231384568 1.958961994979608e-06 0.0004720649449154735 0.0004801655886694789
4096 0.0009366140875499696 1.613642838462373e-05 0.000931356567889452 0.0009965859353542328
8192 0.001851664361311123 5.520116849175047e-06 0.001847628969699144 0.001868183724582195
16384 0.003674847132060677 1.567048373925562e-06 0.00367240235209465 0.00367745291441679
32768 0.00733540765941143 2.064940079559373e-05 0.007316766306757927 0.007405992597341537
65536 0.01476560370065272 6.145386946671326e-05 0.01471256092190742 0.01496137678623199
131072 0.02975212503224611 0.0005229795498979478 0.02951690554618835 0.03166668862104416
262144 0.05934301111847162 0.0001789103160053296 0.05910025537014008 0.05977137386798859
524288 0.1189224421977997 0.0006090095547100108 0.118333637714386 0.1202338635921478
1048576 0.2375489547848701 0.0008866880246821046 0.2366562485694885 0.2401507496833801


16 1007055.42975791 15710.58448469225 951474.144343029 1018701.595648768
32 1638203.853816878 30113.11141046156 1532528.785521763 1655874.796069014
64 2388958.835667283 26085.37039677265 2316171.138434526 2409588.785999769
128 3098162.00005984 62105.09746043965 2900657.495926723 3128023.580911861
256 3660891.493748744 17885.67569500469 3615081.347597328 3671960.404616035
512 4015535.131326055 18280.62154994657 3947550.117876837 4022665.450584529
1024 4204800.681684281 28971.75465524777 4137137.908880454 4227003.965877732
2048 4331239.841800727 17691.03520473544 4265195.27497781 4338386.10991695
4096 4374349.169041852 71198.97428135131 4110031.914652791 4397885.988265429
8192 4424164.540283483 13102.7133568064 4385007.690735598 4433790.622656198
16384 4458417.508048153 1901.140287594567 4455257.587600779 4461384.790981566
32768 4467133.011140937 12485.64134213482 4424525.081453961 4478481.152218126
65536 4438494.750815488 18303.68158390683 4380345.534797882 4454425.05542424
131072 4406674.826228197 73310.43743777976 4139112.91984271 4440573.887221924
262144 4417474.31158993 13278.61658915773 4385778.392495592 4435581.510743287
524288 4408762.649134484 22456.47089214603 4360568.514860899 4430591.420382419
1048576 4414204.264885888 16371.90140674767 4366324.075117255 4430797.861194484
