16 2.073507766908733e-05 1.674153964613742e-07 2.039235550910234e-05 2.103345468640327e-05
32 2.628290894790553e-05 2.79519478116473e-07 2.543407026678324e-05 2.674746792763472e-05
64 3.657663182821125e-05 4.567528050251424e-07 3.532343544065952e-05 3.774813376367092e-05
128 5.695531581295654e-05 6.230818575012619e-07 5.568377673625946e-05 5.904305726289749e-05
256 9.808241156861186e-05 1.500445108390241e-06 9.665265679359436e-05 0.0001025395467877388
512 0.0001799540186766535 2.691086080235421e-06 0.000177476555109024 0.000186774879693985
1024 0.0003437488339841366 5.155385976617252e-06 0.0003376565873622894 0.0003588274121284485
2048 0.0006717153592035174 1.043830229848427e-05 0.0006552189588546753 0.0006984025239944458
4096 0.001332677900791168 2.03023825262428e-05 0.001300498843193054 0.001388058066368103
8192 0.002663916442543268 4.782015368243397e-05 0.002564609050750732 0.002780139446258545
16384 0.005372771993279457 0.0001188437382443301 0.005142271518707275 0.005739271640777588
32768 0.01071431487798691 0.0002750723063998413 0.01016402244567871 0.01146459579467773
65536 0.02136470563709736 0.0004575042959472426 0.02044296264648438 0.02268445491790771
131072 0.04272333905100822 0.0007765954165064906 0.04083156585693359 0.04470407962799072
262144 0.08554128371179104 0.001181657043854851 0.08335399627685547 0.08866250514984131
524288 0.1716997511684895 0.002802086617139456 0.1666524410247803 0.1795920133590698
1048576 0.3414754644036293 0.004883812981735451 0.3330154418945312 0.3592749834060669
