16 8.701293154445011e-06 2.863085709203999e-07 8.329574484378099e-06 9.317358490079641e-06
32 1.008319668471813e-05 2.984988788759929e-07 9.69285611063242e-06 1.070310827344656e-05
64 1.277505361940712e-05 3.601517583930645e-07 1.230742782354355e-05 1.353234983980656e-05
128 1.818349119275808e-05 5.109897614444824e-07 1.749442890286446e-05 1.923227682709694e-05
256 2.900838444475085e-05 8.133618529837593e-07 2.824235707521439e-05 3.063678741455078e-05
512 5.066290032118559e-05 1.419424099491867e-06 4.951655864715576e-05 5.341507494449615e-05
1024 9.389250772073865e-05 2.647674793286501e-06 9.202957153320312e-05 9.892135858535767e-05
2048 0.0001806155778467655 5.166807280781908e-06 0.0001769736409187317 0.0001901537179946899
4096 0.000354293268173933 1.020062180060329e-05 0.0003470629453659058 0.0003727525472640991
8192 0.0007015615701675415 2.002297453505823e-05 0.0006873905658721924 0.0007383823394775391
16384 0.001394804567098618 3.944358156721161e-05 0.001367270946502686 0.001468002796173096
32768 0.002776339650154114 7.599127267279886e-05 0.002727985382080078 0.002928018569946289
65536 0.005556639283895493 0.0001632014876292743 0.00545048713684082 0.005887985229492188
131072 0.01112409122288227 0.0003093966509966916 0.0109260082244873 0.01172053813934326
262144 0.02228211425244808 0.0006290123428405518 0.02188396453857422 0.02344644069671631
524288 0.04449072666466236 0.001200890883383538 0.04375052452087402 0.04690754413604736
1048576 0.08893518522381783 0.002267627007838512 0.08739995956420898 0.09365642070770264
