16 5.811766641272698e-06 1.185785105123369e-07 5.613779649138451e-06 6.245099939405918e-06
32 6.767519153072499e-06 1.640646880002207e-07 6.545917131006718e-06 7.45849683880806e-06
64 8.699629688635468e-06 1.896221619818395e-07 8.477596566081047e-06 9.794021025300026e-06
128 1.259535929420963e-05 3.316213702124743e-07 1.218961551785469e-05 1.450208947062492e-05
256 2.04851821763441e-05 6.17094053251955e-07 1.96089968085289e-05 2.41519883275032e-05
512 3.600539639592171e-05 1.322619297961018e-06 3.422610461711884e-05 4.336610436439514e-05
1024 6.76981289871037e-05 3.500044037644542e-06 6.382912397384644e-05 8.451566100120544e-05
2048 0.0001309193903580308 7.363590049006075e-06 0.0001249685883522034 0.0001623407006263733
4096 0.0002581451553851366 1.208455330104094e-05 0.000246003270149231 0.0003204345703125
8192 0.0005136686377227306 2.47444256071348e-05 0.0004888772964477539 0.000637739896774292
16384 0.001018259674310684 4.806114428995916e-05 0.0009737014770507812 0.001260995864868164
32768 0.002029895782470703 0.0001012806377034777 0.001909494400024414 0.002592086791992188
65536 0.004029471427202225 0.0001513255121775251 0.003880023956298828 0.004968523979187012
131072 0.008109455928206444 0.0002758271751037471 0.007820010185241699 0.009730935096740723
262144 0.01605533994734287 0.0005598772712875034 0.01552557945251465 0.01950752735137939
524288 0.03203808516263962 0.00114326081968098 0.03126251697540283 0.03946304321289062
1048576 0.06397361494600773 0.002380647025262843 0.06241250038146973 0.07766604423522949
