16 4.50353018095484e-05 2.666249566852733e-07 4.478069604374468e-05 4.540814552456141e-05
32 4.6246318561316e-05 2.649593089969095e-07 4.600017564371228e-05 4.66199271613732e-05
64 4.85655464217416e-05 2.681257620214299e-07 4.83105395687744e-05 4.889233969151974e-05
128 5.312185112416046e-05 2.577509140128532e-07 5.286651139613241e-05 5.342070653568953e-05
256 6.233881140360609e-05 2.258374572299002e-07 6.208251579664648e-05 6.260498776100576e-05
512 8.065984729910269e-05 2.136014224140035e-07 8.041039109230042e-05 8.099549449980259e-05
1024 0.0001179601313197054 1.993416681292344e-06 0.0001172020274680108 0.000125398684758693
2048 0.0001909764469019137 4.768549412759044e-07 0.0001895366003736854 0.0001914480235427618
4096 0.0003389356061234139 1.033883824035333e-06 0.0003372011706233025 0.0003407050389796495
8192 0.0006344400608213618 2.159199203541624e-06 0.0006307833828032017 0.000638407189399004
16384 0.001224824896780774 9.704392158414751e-06 0.001207095570862293 0.001243066508322954
32768 0.002386539883445948 7.98279739208454e-05 0.00229891762137413 0.002656562253832817
65536 0.004603815148584545 0.0001310030605292363 0.004420842975378036 0.004831556230783463
131072 0.008905462687835097 9.704821093004235e-05 0.008835203945636749 0.009194314479827881
262144 0.01785292383283377 0.0002740061865755813 0.01764050126075745 0.01871031522750854
524288 0.03573935944586992 0.0008050495609498136 0.03511087596416473 0.037645623087883
1048576 0.07113773003220558 0.001261168800621439 0.07041212916374207 0.0753452479839325


16 355288.5035376286 2100.275635010657 352359.6882269845 357296.8134387676
32 691968.2102457953 3954.466235253641 686401.758828004 695649.517685571
64 1317844.258004362 7266.200183597552 1308998.51395536 1324762.68266245
128 2409607.707440083 11678.05616738161 2396074.636610903 2421192.483099314
256 4106641.490949322 14875.16340584995 4089131.06056787 4123544.233267499
512 6347685.740354997 16791.51349552585 6321339.269078083 6367336.273893908
1024 8683096.149643332 138679.2244392868 8165954.866037888 8737050.22107652
2048 10723898.43355286 26886.96810471519 10697420.43872581 10805300.90738262
4096 12084996.74617137 36829.210995251 12022129.20673784 12147051.54323371
8192 12912313.42653906 43925.60676732886 12831935.69250362 12987025.69429579
16384 13377391.96976417 105824.8116602545 13180308.44713529 13573076.06413967
32768 13743707.98727945 426850.2377728024 12334738.2327379 14253664.28763707
65536 14245937.51539398 404503.7340793841 13564159.63503606 14824322.05011667
131072 14719762.65780589 157151.7465506519 14255766.46171599 14835198.01087667
262144 14686678.88135667 218659.6225626019 14010667.20749776 14860348.70126724
524288 14676524.1484107 320109.3916005269 13926931.12758579 14932353.16985839
1048576 14744236.91341046 249997.6247423604 13916949.35058958 14891979.72641271
