16 3.541468434342665e-06 5.510917379260559e-09 3.532318291643577e-06 3.550044994860002e-06
32 4.84018744340009e-06 1.009272003714378e-08 4.823607594239832e-06 4.857871227947896e-06
64 7.452723565670727e-06 2.07384268815428e-08 7.42167732425969e-06 7.490860221004425e-06
128 1.262902639920238e-05 4.524984363949736e-08 1.255250580811662e-05 1.271757683696251e-05
256 2.305698304194692e-05 6.377065483743788e-08 2.294735760699496e-05 2.317233171211797e-05
512 4.415631623500005e-05 1.013634384561428e-06 4.367877668443043e-05 4.788324110904796e-05
1024 8.534812123617286e-05 2.347976024811217e-07 8.495226417437607e-05 8.578492467847809e-05
2048 0.000168315744375036 5.587729556086798e-07 0.0001673391216456821 0.0001692734177538568
4096 0.000336991116046903 8.791902472083154e-06 0.0003318437460393397 0.0003692431943704833
8192 0.0006670704189843946 2.755556930968875e-06 0.0006617880798103215 0.0006715302233715192
16384 0.001334882227396861 5.803721268670663e-06 0.001322326213539782 0.00134267982775782
32768 0.00268126389184431 1.212588338585399e-05 0.002651468549174751 0.002698281211451103
65536 0.005351032189423677 2.815734327036613e-05 0.005281508033476712 0.005391187588429602
131072 0.01073294699369853 5.104651103895798e-05 0.01063503085788398 0.01080834352251259
262144 0.02151020746464383 0.0001222109256657292 0.02124975242259097 0.02169831537321443
524288 0.04287333730690079 0.000341302545742109 0.04228562402568059 0.04337644462066237
1048576 0.0855655701507203 0.001027152442876079 0.0837501320784213 0.08804461298859678


16 4517910.192455125 7032.985137490587 4506985.129249318 4529603.132835248
32 6611341.141825355 13779.33627977909 6587247.47908102 6634038.813234556
64 8587526.923777957 23879.79377866464 8543745.058884365 8623387.571809312
128 10135503.38834522 36299.15711707504 10064810.43055147 10197167.15982186
256 11103006.60484178 30693.48831385834 11047658.1804724 11155968.5600561
512 11600501.22078292 247749.3167468266 10692676.35484376 11721940.00988369
1024 11998005.93736128 33005.96379468607 11936829.27201897 12053828.22873444
2048 12167733.78894598 40412.72107034939 12098769.12261575 12238620.47236248
4096 12161780.99863139 292714.8450489259 11092960.03947535 12343158.63681946
8192 12280759.16710055 50773.27786770898 12199004.17716246 12378585.00314474
16384 12273959.85748133 53460.31421903474 12202462.31550236 12390286.02188948
32768 12221337.43393753 55487.31483848101 12144027.04245113 12358434.35148374
65536 12247675.90922187 64706.02073814826 12156134.23295663 12408577.16860443
131072 12212375.96080904 58171.91072268039 12126927.65797011 12324552.86228281
262144 12187328.12445126 69445.29056253251 12081306.56648141 12336331.96221666
524288 12229494.08122325 97589.49494544377 12086928.85239966 12398729.16813509
1048576 12256293.94202775 146215.767430689 11909598.6046961 12520290.70256441
