16 0.0009497724331595236 2.000867114394681e-06 0.0009475529950577766 0.0009566527151037008
32 0.000950863046455197 4.331605273607974e-06 0.0009485073387622833 0.0009668694110587239
64 0.0009512233955319971 8.580412972226772e-07 0.0009495570557191968 0.0009523974731564522
128 0.0009541756298858672 1.230875173253103e-06 0.0009521415922790766 0.000956215662881732
256 0.0009592537098797038 1.309307451588073e-06 0.000956796808168292 0.0009626825340092182
512 0.0009769596508704126 3.212512432185233e-05 0.0009663288947194815 0.001097376924008131
1024 0.0009893384121824056 1.74764098882447e-06 0.0009866738691926003 0.0009945370256900787
2048 0.001029295526677743 1.600264579154803e-06 0.00102583970874548 0.001031232532113791
4096 0.001118226646212861 3.280079708009819e-05 0.0011078966781497 0.001241156365722418
8192 0.0012713223695755 1.991311851680713e-06 0.001266357488930225 0.001274095382541418
16384 0.001594047644175589 2.019374567410722e-06 0.001589835621416569 0.001597435679286718
32768 0.002239035384263843 3.400195712321129e-06 0.002233484759926796 0.002244230359792709
65536 0.003528680186718702 5.654317714629432e-06 0.003519054502248764 0.003537913784384727
131072 0.006198225077241659 2.52374482230174e-05 0.006156828254461288 0.006223523989319801
262144 0.0114814774133265 5.08161877141502e-05 0.01139434427022934 0.01153743639588356
524288 0.0221447073854506 0.0001255055506322977 0.02192722260951996 0.02241668850183487
1048576 0.04340253956615925 0.0002919910536028848 0.04291713237762451 0.04395893216133118


16 16846.21037559222 35.3010952049868 16724.98258499753 16885.59909941967
32 33654.28218428791 151.0231298000579 33096.50676088712 33737.21919933389
64 67281.82796503272 60.7330717401104 67198.83431430167 67399.84671224021
128 134147.4207303049 173.0350872486463 133861.0158447399 134433.7869891968
256 266874.5963745457 363.8736007381446 265923.5947014166 267559.4209914754
512 524551.8022931681 15471.14562900822 466567.1282114607 529840.3088201456
1024 1035038.138075291 1823.766986847145 1029624.813907233 1037830.261824957
2048 1989714.90080423 3097.332946325224 1985973.03345548 1996413.262754803
4096 3665624.676884412 97533.03492670333 3300148.243300444 3697095.659534547
8192 6443699.142270047 10103.85320635684 6429659.907925846 6468947.411461447
16384 10278252.80309359 13029.53283805622 10256437.99775133 10305467.92340808
32768 14634905.31997529 22228.31575047907 14600996.66552352 14671244.05230954
65536 18572427.7343228 29761.90100880811 18523910.98088821 18623184.14168375
131072 21147028.6794585 86367.93962561195 21060736.68631034 21288883.59116143
262144 22832325.30082959 101327.3795513402 22721165.34428136 23006501.62773462
524288 23676256.56112752 134061.8816965614 23388289.48607131 23910369.7416003
1048576 24160347.98382216 162418.1741075736 23853536.66353134 24432573.7044512
