16 0.0006733384798280895 6.099059446425441e-07 0.0006720041565131396 0.0006740498065482825
32 0.0006766327860532328 3.977489497914338e-06 0.0006745808059349656 0.0006912294775247574
64 0.0006813854706706479 9.673053109351483e-07 0.0006793549982830882 0.00068294582888484
128 0.0006911907694302499 1.295722767610686e-06 0.000689429696649313 0.0006931512616574764
256 0.0007132297032512724 1.360807269695967e-06 0.0007109784055501223 0.0007155644707381725
512 0.0007559072982985526 1.037399660821056e-06 0.0007541365921497345 0.0007581925019621849
1024 0.0008419811347266659 1.571746594253629e-06 0.0008378145284950733 0.0008441493846476078
2048 0.001012844062643126 1.216554438961507e-06 0.001010925509035587 0.00101515045389533
4096 0.001359746500384063 3.135204168415692e-05 0.00134878559038043 0.001477169804275036
8192 0.00203533552121371 2.655104322182084e-06 0.00202803872525692 0.002040042541921139
16384 0.003401560359634459 4.159355210429758e-06 0.003391265869140625 0.003408047370612621
32768 0.006145421182736754 7.15268830270579e-06 0.00613739900290966 0.006163813173770905
65536 0.01159969600848854 2.054943524268741e-05 0.01156148314476013 0.01162714138627052
131072 0.02253154898062348 5.463338769735116e-05 0.02244984358549118 0.02267468720674515
262144 0.04425494186580181 0.0001229524323566833 0.04409331083297729 0.04452237486839294
524288 0.08818928152322769 0.0021820591211905 0.0871259868144989 0.0962696373462677
1048576 0.173917967826128 0.0005417298795958579 0.1728724837303162 0.1747505068778992


16 23762.21290738035 21.54021502648797 23737.11830277621 23809.37654168684
32 47294.5117818672 272.8106768268932 46294.32198781464 47436.86704167066
64 93926.45387634342 133.41046000306 93711.67857413158 94207.00541211166
128 185188.2682022299 347.0607300856901 184663.8779736532 185660.699882948
256 358931.8733922118 684.7295258179204 357759.5177914741 360067.1947299427
512 677332.9281656722 929.2771822237539 675290.2444629242 678922.1015525818
1024 1216183.24933326 2275.053632189633 1213055.436186181 1222227.551770155
2048 2022031.668686635 2428.811457516063 2017434.944880756 2025866.378575976
4096 3013716.567475895 64321.63054037453 2772870.111578155 3036805.871305837
8192 4024895.64994568 5257.011706617591 4015602.53360475 4039370.598784895
16384 4816619.801639939 5894.432652363486 4807444.914433468 4831234.303712036
32768 5332106.715633529 6197.599404084713 5316189.682620305 5339069.528389
65536 5649819.870961289 10018.43439861555 5636467.10939507 5668476.88825305
131072 5817297.374884225 14071.81271390864 5780542.805503813 5838437.114310624
262144 5923539.434093023 16425.24302657621 5887915.924855565 5945210.170154495
524288 5948183.886999729 135942.3438684641 5446036.927657817 6017584.640002627
1048576 6029196.167169951 18794.27485206971 6000417.502265994 6065603.83337695
