16 0.0004508845704549458 2.30390675283071e-06 0.0004495361354202032 0.000459201168268919
32 0.0004514070642471779 6.847362695347474e-07 0.0004497551126405597 0.0004524858668446541
64 0.000452572938229423 8.793268586981878e-07 0.0004510810831561685 0.0004541538655757904
128 0.0004551434831228107 9.547991655154494e-07 0.0004528408171609044 0.0004565780982375145
256 0.0004606195361702703 9.183578037309597e-07 0.0004584966227412224 0.0004621094558387995
512 0.0004719767530332319 7.441864090743807e-07 0.0004704189486801624 0.0004731494700536132
1024 0.0004936462064506486 9.838202124061735e-07 0.0004914863966405392 0.000495546031743288
2048 0.0005376240587793291 2.130247883719613e-06 0.0005345693789422512 0.0005412432365119457
4096 0.000625054759439081 4.600495475708566e-06 0.0006188573315739632 0.0006319403182715178
8192 0.0007970206788741052 7.612995961977764e-06 0.0007876581512391567 0.0008089824113994837
16384 0.001141800137702376 1.644431147626306e-05 0.001120111439377069 0.001164799090474844
32768 0.001834864175179973 5.264852440428557e-05 0.00178704084828496 0.001990933436900377
65536 0.003175114747136831 5.089164940006038e-05 0.003095804713666439 0.003250289708375931
131072 0.005677923909388483 4.070886541090807e-05 0.005619578063488007 0.005742570385336876
262144 0.01076134713366628 5.61078303170415e-05 0.01063970476388931 0.01087870076298714
524288 0.02121307607740164 0.0005193135925364625 0.02075202763080597 0.0231042206287384
1048576 0.0420262822881341 0.0003884998005325391 0.04087825119495392 0.04251356422901154


16 35486.65590143942 178.5293639960078 34843.11692915821 35592.24440332038
32 70889.60632554645 107.6069289771219 70720.44089055744 71149.83043133101
64 141414.1700026003 274.6656132998682 140921.4031875713 141881.3654347873
128 281231.158199146 590.8757710513087 280346.3427047998 282660.0322879436
256 555775.2867413113 1108.990539196239 553981.3063018171 558346.533654813
512 1084801.721252138 1711.518706948518 1082110.479679888 1088391.531498678
1024 2074367.835379535 4133.800406750647 2066407.426163129 2083475.772675206
2048 3809409.338930185 15077.08071270715 3783881.00181793 3831121.049343237
4096 6553358.165673129 48160.38274149278 6481624.738240113 6618649.874572042
8192 10279154.73587235 97923.83694007742 10126301.73977257 10400450.99147671
16384 14352059.25722338 206490.5865514222 14065945.04921949 14627116.03866101
32768 17871762.18096174 491811.91213787 16458611.51993885 18336458.30281259
65536 20645493.43132337 331410.7592153198 20163125.71495244 21169293.95148574
131072 23085603.4678067 165074.3195892625 22824622.28668198 23324171.05327035
262144 24360396.97798498 127153.1959707326 24096995.19375501 24638277.64184821
524288 24728227.57545608 562485.0068733238 22692304.07832322 25264422.79894158
1048576 24952512.64928483 234329.5009084633 24664504.5885013 25651195.17953933
