16 0.0004217323157718056 9.184067847745478e-07 0.0004193022614344954 0.000422832032199949
32 0.0004237901375745423 9.800660749730174e-07 0.0004216176457703114 0.0004257421242073178
64 0.000427231723733712 9.749854174723743e-07 0.0004241708666086197 0.0004293045494705439
128 0.0004341438616393134 1.126730458649106e-06 0.0004306696355342865 0.0004357872530817986
256 0.0004478559130802751 1.411495362949288e-06 0.0004447614774107933 0.0004503000527620316
512 0.000476296670967713 1.809230710129928e-06 0.0004723984748125076 0.0004804525524377823
1024 0.000532034202478826 2.196242422070246e-06 0.0005262196063995361 0.0005372017621994019
2048 0.000644065672531724 1.942949893365287e-06 0.0006384700536727905 0.0006488114595413208
4096 0.0008691849652677774 3.327759183461141e-06 0.000860750675201416 0.000879436731338501
8192 0.001316917594522238 3.570659943599312e-06 0.001311123371124268 0.001326262950897217
16384 0.00221474003046751 5.813807266428068e-06 0.002205491065979004 0.002249002456665039
32768 0.004009084776043892 4.349868363848453e-06 0.003998994827270508 0.004022479057312012
65536 0.007604239508509636 1.034413800064569e-05 0.007588505744934082 0.007675528526306152
131072 0.01483863778412342 2.149153691455481e-05 0.01481056213378906 0.01495695114135742
262144 0.02925528958439827 2.229830589938781e-05 0.02922451496124268 0.02936899662017822
524288 0.05804422497749329 2.053666742094392e-05 0.05798697471618652 0.05810403823852539
1048576 0.1154751796275377 6.695231985747648e-05 0.1154099702835083 0.1156949996948242
