16 0.0006852007882116595 1.174429117308827e-06 0.0006825707969255745 0.0006879143184050918
32 0.0006866157345939428 1.342657751880415e-06 0.0006840277928858995 0.0006896884879097342
64 0.00068963827288826 2.345137491684605e-06 0.0006861395668238401 0.0007009736727923155
128 0.0006971304246690124 2.29989686782994e-06 0.0006906269118189812 0.0007059294730424881
256 0.0007111635204637423 3.255508865378938e-06 0.0007019685581326485 0.000719953328371048
512 0.000739202689146623 3.765362558223069e-06 0.0007308125495910645 0.0007486715912818909
1024 0.0007960828370414674 5.900250225757418e-06 0.0007757022976875305 0.0008160769939422607
2048 0.0009090735111385584 5.914583527867128e-06 0.0008968114852905273 0.0009275302290916443
4096 0.001134292455390096 6.70751290277613e-06 0.00112055242061615 0.001149684190750122
8192 0.001587116625159979 7.384438408913399e-06 0.001569271087646484 0.001604855060577393
16384 0.002490639686584473 8.853437339165711e-06 0.002469301223754883 0.002511203289031982
32768 0.004296788945794106 1.063705611053276e-05 0.00427854061126709 0.004338979721069336
65536 0.007912011817097664 1.865185063634316e-05 0.007888913154602051 0.007985949516296387
131072 0.0151783712208271 1.516850473836751e-05 0.01514959335327148 0.01523542404174805
262144 0.02967337518930435 6.203335749300125e-05 0.02963852882385254 0.03012454509735107
524288 0.05864439718425274 0.0001307785144293661 0.058555006980896 0.05948495864868164
1048576 0.116426520049572 0.0001629856739421461 0.1162629127502441 0.1171489953994751
