16 0.000342529147019377 3.303881538829775e-06 0.0003396330575924367 0.0003512830880936235
32 0.0003424976021051407 1.229071970771075e-06 0.0003403178416192532 0.000344086205586791
64 0.0003455266487435438 1.053226814785785e-06 0.0003433392848819494 0.0003473173128440976
128 0.0003500133825582452 1.375305062646437e-06 0.0003477769205346704 0.000352647970430553
256 0.0003605832607718185 1.2823656924691e-06 0.0003580853808671236 0.0003623510710895061
512 0.0003814087394857779 1.065626871185625e-06 0.000378874596208334 0.0003828853368759155
1024 0.0004226928431307897 1.148639114024131e-06 0.0004194100620225072 0.0004239941481500864
2048 0.0005047719168942422 1.012964933104229e-06 0.0005027793813496828 0.000505843898281455
4096 0.0006684066174784675 1.296551139557417e-06 0.000666540116071701 0.0006707138381898403
8192 0.0009979023016057909 1.232468452670785e-06 0.0009953049011528492 0.001000241842120886
16384 0.00165488597122021 1.36482413193718e-06 0.001652160193771124 0.001657484099268913
32768 0.002968801010865718 1.332200142004566e-06 0.00296580046415329 0.002970750443637371
65536 0.005595037713646889 1.578635591386879e-06 0.005592040717601776 0.005597788840532303
131072 0.01088377670384943 4.054493641251498e-06 0.01087470352649689 0.01089175045490265
262144 0.02145988959819078 5.918727267283233e-06 0.0214485302567482 0.02147090435028076
524288 0.04259809851646423 4.676404426452478e-05 0.04255637526512146 0.04276418685913086
1048576 0.08469870500266552 2.673029749132407e-05 0.08466273546218872 0.08475589752197266


16 46715.3566963393 442.7363482287024 45547.31082224972 47109.66627753937
32 93432.44115271688 335.9109612770563 92999.95024627175 94029.74539254844
64 185226.113694624 565.4527005779199 184269.5357623248 186404.5357408057
128 365705.5949971917 1436.648528874489 362968.2026631912 368052.0254282932
256 709969.2862754017 2528.918445177183 706497.152693014 714913.2963207875
512 1342401.748881021 3762.610293699422 1337214.958863592 1351370.625330772
1024 2422579.73631425 6608.636105568287 2415127.672086461 2441524.638350351
2048 4057293.345756849 8149.857492896689 4048679.853523663 4073357.174079533
4096 6128027.973892397 11887.8392028605 6106926.332479604 6145166.511717331
8192 8209232.214037615 10144.03895222227 8190019.30836037 8230643.685679945
16384 9900386.332704203 8168.404934692826 9884861.041639369 9916713.925060041
32768 11037454.53740833 4954.645296318198 11030209.57892344 11048619.216315
65536 11713237.38028271 3305.187025383911 11707479.84015919 11719514.09325682
131072 12042880.02413482 4486.593267660606 12034061.9758692 12052926.28719808
262144 12215534.35747062 3369.053489356716 12209266.81630772 12222002.94668319
524288 12307793.27586933 13468.72379797552 12259978.23195031 12319846.24474581
1048576 12380072.37356577 3905.891982059025 12371717.25693968 12385330.97561329
