16 0.0004661387529267813 1.082309524967474e-06 0.0004631970077753067 0.0004682060098275542
32 0.0004671130427595926 1.179922327738208e-06 0.0004641166888177395 0.0004692954244092107
64 0.0004688991793955211 1.351606710798534e-06 0.0004660713020712137 0.0004725037142634392
128 0.0004726196129922755 1.369843161060426e-06 0.0004687695764005184 0.0004756096750497818
256 0.0004806011274922639 2.63407396922671e-06 0.0004761135205626488 0.0004969099536538124
512 0.0004945712280459702 1.947105135964703e-06 0.00048849917948246 0.0005010627210140228
1024 0.0005239564925432205 2.736407269091449e-06 0.000515766441822052 0.0005346089601516724
2048 0.0005836122436448932 3.750907929737924e-06 0.0005771592259407043 0.0005983114242553711
4096 0.0007020884659141302 6.127568010302146e-06 0.0006920546293258667 0.0007268786430358887
8192 0.0009387447498738766 8.334807381997842e-06 0.0009158849716186523 0.0009577572345733643
16384 0.001418300904333591 1.59802351799768e-05 0.001384735107421875 0.001466751098632812
32768 0.002380276098847389 3.199402868101003e-05 0.002327442169189453 0.002454996109008789
65536 0.004290923476219177 5.293523794643717e-05 0.004181504249572754 0.00451350212097168
131072 0.008159739896655083 8.562875140057959e-05 0.008002519607543945 0.008632540702819824
262144 0.01582746580243111 0.0001357603115195741 0.01541805267333984 0.01628351211547852
524288 0.03120046108961105 0.0003370907139597874 0.0305485725402832 0.03217506408691406
1048576 0.06179157085716724 0.0007954111316726223 0.06097853183746338 0.06427347660064697
