16 0.001386767895382945 1.463880281545717e-06 0.001383646740578115 0.001389468496199697
32 0.001392887501424411 1.59183152316981e-06 0.001389003358781338 0.001396029721945524
64 0.001405877013894496 1.630639899347646e-06 0.001402427675202489 0.00140991504304111
128 0.001431430027878378 2.508286265329925e-06 0.001426011323928833 0.001440255902707577
256 0.001482528270571493 4.008907580365399e-06 0.001476324163377285 0.001508831977844238
512 0.001584751182235777 3.358673778757952e-06 0.001577772200107574 0.001593984663486481
1024 0.001787011104170233 3.577859790942681e-06 0.001780640333890915 0.001793768256902695
2048 0.00219628238119185 4.777564883254054e-06 0.002187125384807587 0.002209097146987915
4096 0.003010657383129001 5.673796317047241e-06 0.002997934818267822 0.003022432327270508
8192 0.004645715467631817 7.585511352498332e-06 0.004630118608474731 0.004667997360229492
16384 0.007911838591098785 9.91459189791699e-06 0.00788801908493042 0.007936477661132812
32768 0.01445361226797104 1.437054402127073e-05 0.01443302631378174 0.0145103931427002
65536 0.02753157913684845 1.65864188372997e-05 0.02749192714691162 0.02759397029876709
131072 0.05375469662249088 3.55723035223636e-05 0.05367791652679443 0.05387747287750244
262144 0.1061051320284605 0.0001270200206293786 0.1059149503707886 0.1068960428237915
524288 0.2106937076896429 0.0003723291871082674 0.2093135118484497 0.2118874788284302
1048576 0.4200275875627995 0.0009484523015858771 0.4173104763031006 0.4243464469909668
