16 0.0005561069365285221 1.26315976669234e-06 0.0005529077025130391 0.000558204366825521
32 0.0005604090620181523 1.232230582204477e-06 0.0005571997025981545 0.0005616885609924793
64 0.0005685966643795837 1.403104129333112e-06 0.0005645810160785913 0.0005702890921384096
128 0.0005853694892721251 1.649737816864755e-06 0.0005811448208987713 0.0005880547687411308
256 0.000618546167970635 1.846648395910799e-06 0.0006136372685432434 0.0006222343072295189
512 0.0006848535558674484 1.963753325032076e-06 0.0006781257688999176 0.0006881579756736755
1024 0.0008176101255230606 2.280432864830615e-06 0.0008122809231281281 0.0008219368755817413
2048 0.00108284258749336 2.771318735983046e-06 0.001074530184268951 0.001089565455913544
4096 0.001613995991647243 2.787084211272789e-06 0.001605689525604248 0.001619428396224976
8192 0.002676370088011026 4.625322094788522e-06 0.002665251493453979 0.002689749002456665
16384 0.004803257063031197 7.5488644647126e-06 0.004786252975463867 0.004837989807128906
32768 0.00905180536210537 5.84067319552021e-06 0.009039044380187988 0.009063959121704102
65536 0.0175445694476366 1.004497766726566e-05 0.01751506328582764 0.01757752895355225
131072 0.03458972275257111 1.832524084654043e-05 0.03455400466918945 0.03466904163360596
262144 0.06861864775419235 4.05608990746316e-05 0.06854510307312012 0.06875991821289062
524288 0.1366248149424791 4.969236027192225e-05 0.1365029811859131 0.136728048324585
1048576 0.2724735643714666 7.967070890837513e-05 0.2722550630569458 0.2727234363555908
