16 0.0003214504395145923 7.459780372783089e-07 0.0003203910891897976 0.0003236045013181865
32 0.00032222152549366 8.625517531443525e-07 0.0003209087299183011 0.0003241181839257479
64 0.0003233202878618613 9.18867927555468e-07 0.000321344705298543 0.0003257303033024073
128 0.0003253787945141084 1.079073190617991e-06 0.0003233887255191803 0.0003278320655226707
256 0.0003302207333035767 1.10929671460878e-06 0.0003276215866208076 0.0003324300050735474
512 0.0003394222294446081 1.394448454598773e-06 0.0003363043069839478 0.0003423504531383514
1024 0.000358038058038801 1.588175154543836e-06 0.0003551878035068512 0.0003628917038440704
2048 0.0003945499192923307 1.830739188054269e-06 0.0003891587257385254 0.0003982186317443848
4096 0.0004683404695242643 2.830946964656912e-06 0.0004616230726242065 0.0004776865243911743
8192 0.0006142924539744854 2.61374516011676e-06 0.0006060004234313965 0.0006196200847625732
16384 0.0009076539427042007 4.006371911792712e-06 0.0008987188339233398 0.0009194612503051758
32768 0.001494560390710831 6.367913432049392e-06 0.001483440399169922 0.001517057418823242
65536 0.002671316266059875 5.328217730548992e-06 0.002659440040588379 0.002685070037841797
131072 0.005064504221081734 9.008668116853807e-06 0.005048990249633789 0.005094408988952637
262144 0.009843600913882256 1.828233757350967e-05 0.00982356071472168 0.009920001029968262
524288 0.01934102363884449 1.800757801745328e-05 0.01931297779083252 0.01941204071044922
1048576 0.03812745586037636 2.633387131280934e-05 0.03809809684753418 0.03824853897094727
