16 0.0004800521564902738 3.215386561256244e-07 0.0004794151755049825 0.0004807666991837323
32 0.0004843406604777556 4.125600386578675e-06 0.0004828794044442475 0.0004997895448468626
64 0.0004900729618384503 4.763216957881813e-07 0.0004893569275736809 0.0004913246957585216
128 0.0005025942227803171 3.268490529720685e-07 0.0005020489916205406 0.0005031796172261238
256 0.0005260177131276578 4.61837134135463e-07 0.0005249374080449343 0.0005266016814857721
512 0.0005712020356440917 5.180225995582307e-07 0.0005702998023480177 0.000572343822568655
1024 0.0006589898694073781 1.250945070948255e-06 0.0006574853323400021 0.0006620243657380342
2048 0.0008336693572346121 1.554981382135626e-06 0.0008319218177348375 0.000837547006085515
4096 0.001182750624138862 3.142964898501157e-06 0.001179308630526066 0.001191873103380203
8192 0.001880841882666573 5.758081011123972e-06 0.001874200999736786 0.001899213064461946
16384 0.003280087490566075 1.16338266554641e-05 0.003266336396336555 0.003315156325697899
32768 0.006102293962612748 0.0001308759933179552 0.006044350564479828 0.006589030846953392
65536 0.01165926246903837 3.818675755737353e-05 0.01162567362189293 0.01177045330405235
131072 0.02288878662511706 0.0001191271798862484 0.02277793735265732 0.02330018579959869
262144 0.04529248829931021 0.0001593105928489483 0.04509548842906952 0.04577843844890594
524288 0.09007265232503414 0.0002844112074728726 0.08973011374473572 0.0910278856754303
1048576 0.1794289909303188 0.0007488056996692693 0.1786479949951172 0.1819725036621094


16 33329.72576017224 22.31405333525656 33280.17524334679 33373.99568786432
32 66073.56498991784 546.5996104570929 64026.94960296723 66269.13408499838
64 130592.9149567885 126.8118719783956 130260.0918547253 130783.8847144219
128 254678.7148537612 165.6238686052198 254382.3231664769 254955.1978718944
256 486675.9782930234 427.5930365778297 486135.9334776766 487677.1898452445
512 896356.0397812047 812.4951178859277 894567.1811432602 897773.4130224352
1024 1553898.62719624 2944.688409750705 1546770.863725582 1557449.192601097
2048 2456617.419888639 4572.264305841993 2445235.891382191 2461769.791753158
4096 3463136.630749434 9167.290388824253 3436607.461300677 3473221.423108603
8192 4355534.418464895 13255.61213698307 4313365.442397492 4370929.26593812
16384 4995047.282607068 17613.8378921384 4942150.049756968 5016017.339296682
32768 5371943.086591465 107392.0856315008 4973113.764545681 5421260.671504415
65536 5620994.928963786 18302.1385828682 5567839.938453105 5637178.724558863
131072 5726615.634017978 29399.61658900682 5625362.867374967 5754340.174471894
262144 5787869.75127805 20240.76758626819 5726363.958276628 5813087.054425079
524288 5820777.467019325 18246.27756659038 5759641.631899538 5842943.668738622
1048576 5844055.307144961 24140.82623717302 5762277.151206424 5869508.919082242
