16 1.232509610371579e-06 2.185944156428154e-08 1.177246076622396e-06 1.284667973777687e-06
32 1.748107910870544e-06 3.339036790387751e-08 1.67089842761925e-06 1.839355434185563e-06
64 2.796539298799416e-06 6.858977907420003e-08 2.654296849868842e-06 2.938476541203272e-06
128 4.93218994179756e-06 1.457537943948221e-07 4.63476567347243e-06 5.246093905952876e-06
256 9.117065395969348e-06 3.056200642376192e-07 8.582031114201527e-06 9.78124990069773e-06
512 1.748681638957805e-05 5.816915678278249e-07 1.633593728911364e-05 1.892187538032886e-05
1024 3.411816402376644e-05 1.239120158859458e-06 3.18749989673961e-05 3.695312443596777e-05
2048 6.740332020171991e-05 2.455568066269394e-06 6.32187511655502e-05 7.393749910988845e-05
4096 0.0001342871091765119 4.98083730724842e-06 0.0001254999951925129 0.0001453750010114163
8192 0.0002683710924884508 9.938676490523915e-06 0.000250625002081506 0.0002936249948106706
16384 0.000536558593466907 2.088468876507781e-05 0.0004990000161342323 0.0005872499896213412
32768 0.001077046876162058 3.934459689220323e-05 0.001003500015940517 0.001169499999377877
65536 0.002143523436643591 6.590634352995644e-05 0.002018500003032386 0.002289000025484711
131072 0.004306937496949104 0.0001111468524502674 0.004093500028830022 0.004574499966111034
262144 0.008621718754511676 0.0002482757473789625 0.008009500044863671 0.009195999999064952
524288 0.01734765625678847 0.0003854808660640888 0.01661150000290945 0.01827600004617125
1048576 0.03469154687627451 0.0006169590683501705 0.03366100002313033 0.03603399998974055
