16 2.591821478353795e-06 5.906662964142403e-09 2.583171910153226e-06 2.604053733534784e-06
32 3.289544164314373e-06 6.173311259763027e-08 3.263611017434442e-06 3.519378888761082e-06
64 4.566584603071799e-06 1.076273623481047e-08 4.545836611136167e-06 4.589332853299766e-06
128 7.221023749393041e-06 1.312177568437107e-07 7.16666382860609e-06 7.709404052036462e-06
256 1.243116750360151e-05 4.014752366202281e-08 1.233621068941204e-05 1.249603309716463e-05
512 2.304857626023171e-05 6.216512093748548e-08 2.295647981398474e-05 2.315786630546768e-05
1024 4.405726189515846e-05 1.616755324624498e-07 4.379424832023915e-05 4.43858005141351e-05
2048 8.610734548675225e-05 2.793842959153569e-07 8.55213761781215e-05 8.673742144083008e-05
4096 0.0001703061854936294 7.291392338119568e-07 0.0001691758020854195 0.000171597193997286
8192 0.0003380532144241499 1.204398927587675e-06 0.0003356996664933831 0.0003393808404439369
16384 0.0006770360868699754 3.312582091601026e-06 0.0006719139466895285 0.0006846894252703351
32768 0.001354390351565371 5.320860779632891e-06 0.001342900179679418 0.001361685548090463
65536 0.002714737110096621 1.092350980358002e-05 0.002699460795156483 0.002742065958045714
131072 0.005440951699540619 2.05453378885182e-05 0.005406539778959996 0.005480194969095464
262144 0.01090448196703164 4.435908303134561e-05 0.01083298493904294 0.01099576739034092
524288 0.02167591022703164 0.0001015852553331268 0.02153165839263238 0.02184496860354557
1048576 0.04288910649620448 0.000202587196637775 0.04253837475698674 0.04319837490766076


16 6173294.732117846 14063.96331392989 6144266.45424146 6193935.423775543
32 9730811.12793182 171635.1551509496 9092513.483612126 9805090.076315382
64 14014923.34504201 33018.83396647387 13945382.05133313 14078816.61281357
128 17731187.27818521 303420.5276866608 16603099.16772211 17860472.18917702
256 20593601.5189332 66687.51236333539 20486501.43685094 20751915.35272014
512 22214104.96234698 59922.78815040437 22109118.05286286 22303071.03478894
1024 23242772.64514853 85251.97182570337 23070441.18025757 23382065.89395363
2048 23784500.52678678 77138.51985699328 23611492.77877819 23947229.23698613
4096 24051212.66533149 102822.26934067 23869854.18925197 24211500.40081894
8192 24233160.34718855 86572.8483022475 24138074.46903667 24402764.78547372
16384 24200138.01704933 118095.74464672 23929097.4788038 24384074.89638038
32768 24194261.93425396 95208.84791791214 24064292.99771276 24400920.10995374
65536 24141192.76418191 96857.09990512775 23900227.4207539 24277440.93101415
131072 24090224.88854466 90859.28164880395 23917397.23479841 24243232.33689646
262144 24040395.67568734 97655.78188622133 23840446.1184107 24198685.90929284
524288 24188086.21494901 113249.4097554354 24000400.7108028 24349633.94084864
1048576 24449050.8859953 115557.9319812181 24273505.71037445 24650119.00408292
