16 1.50830879208641e-05 7.906069669737908e-08 1.489477537575112e-05 1.552197267074007e-05
32 1.568001556595533e-05 5.383304553585704e-08 1.552441409558014e-05 1.586328124858483e-05
64 1.672109984340864e-05 6.083339246930693e-08 1.654980474086187e-05 1.687207031864091e-05
128 1.885546875612931e-05 7.590470292445698e-08 1.86601562290889e-05 1.903710949591186e-05
256 2.309649661214053e-05 1.119655218134546e-07 2.277734347444493e-05 2.337500018256833e-05
512 3.159216305448354e-05 1.816590935386879e-07 3.110937541350722e-05 3.203906271664891e-05
1024 4.862158206719869e-05 3.445772400622283e-07 4.779687515110709e-05 4.946875014866237e-05
2048 8.246093739217031e-05 6.939629788806441e-07 8.078125028987415e-05 8.39374988572672e-05
4096 0.0001509638669858759 1.275863549888067e-06 0.0001473750016884878 0.000154437504534144
8192 0.0002899316409639141 2.755669208979043e-06 0.0002830000012181699 0.0002952499926323071
16384 0.0005688984383596107 5.847721588184164e-06 0.0005507500027306378 0.000576250022277236
32768 0.00112882030862238 1.395524562468507e-05 0.00108900002669543 0.001142500026617199
65536 0.002245640624096268 2.75929108632357e-05 0.002170500054489821 0.002275000035297126
131072 0.004486320312935277 5.650048357967747e-05 0.004335000005085021 0.004549500008579344
262144 0.009005796876408567 0.0001036152323687649 0.008717999968212098 0.009114500018768013
524288 0.01800960937089258 0.0002061245011851831 0.01743200002238154 0.01828249997925013
1048576 0.0359091093778261 0.0004092855269609915 0.03480100003071129 0.03643599996576086
