16 2.918627186737632e-06 4.971186358611022e-08 2.841945400788859e-06 3.062831783751108e-06
32 3.589875319121028e-06 7.191093375858738e-08 3.488491487679823e-06 3.77376167914889e-06
64 4.85950115802769e-06 3.866820966430087e-08 4.774078958824646e-06 4.942223498893838e-06
128 7.471922827351207e-06 9.019277239187909e-08 7.335646890815894e-06 7.74575965500901e-06
256 1.292354188420219e-05 2.088247405097102e-07 1.277259812582088e-05 1.352894494388579e-05
512 2.339612704593819e-05 3.972756665107408e-07 2.317538243801209e-05 2.47761499281296e-05
1024 4.454232351225329e-05 5.14047367061923e-07 4.420977750640986e-05 4.575591628963593e-05
2048 8.64511814118174e-05 3.640213795690571e-07 8.621899783634035e-05 8.743433267e-05
4096 0.0001708615936983904 1.01739109839878e-06 0.0001704150571129048 0.0001744858429049145
8192 0.0003431551393937582 9.592710519529782e-06 0.0003393921067527117 0.0003773325199176725
16384 0.0006816309156221223 1.606604548603716e-05 0.0006772657152396278 0.0007418631736300085
32768 0.001356315979379019 5.733531708657646e-06 0.001352759683413751 0.001371730592836684
65536 0.002719541928797753 2.756040679221481e-05 0.002703609021864395 0.002789402094094839
131072 0.005438718175014401 3.760779440321414e-05 0.005416866362793371 0.005536022746127855
262144 0.01098534642358118 9.667497661456113e-05 0.01093464029872848 0.01127131141220161
524288 0.02197777722881256 0.0001378198190775825 0.021814092524437 0.02218753240958904
1048576 0.04379857671619902 0.0006752003264044169 0.04351761834550416 0.04626237241609488


16 5483484.337090449 91145.23248679233 5223923.848799982 5629946.302120641
32 8917253.441606611 175503.7485029516 8479602.773224691 9173019.373277308
64 13170858.92281681 104946.8381854657 12949636.94262803 13405727.1678968
128 17133092.06196318 202760.8644053808 16525170.63542312 17449040.5420487
256 19813502.85032601 309737.9156953329 18922392.03144185 20042907.28309024
512 21889614.48235206 355006.2433467622 20665034.78083578 22092407.81115315
1024 22992198.48423953 261342.319356166 22379619.57789366 23162297.0699532
2048 23690061.11280681 98957.00143874176 23423293.08704953 23753465.60960363
4096 23973402.47760241 140233.6361218433 23474683.85863317 24035434.83417832
8192 23888728.83767641 616193.0977785516 21710294.15060052 24137273.19229868
16384 24048039.56698615 523654.8895041208 22084935.04244388 24191391.40123618
32768 24159963.68645306 101356.8740267987 23888072.60778305 24223075.54088872
65536 24100458.82841505 240284.4706341627 23494640.71126197 24240191.34053884
131072 24100864.54494489 164791.3946136282 23676203.29805864 24197015.62148355
262144 23864765.33111297 206493.4710278498 23257630.84819211 23973719.55897653
524288 23856248.20867092 149441.9497579107 23629847.17369528 24034371.33186595
1048576 23945954.22457486 351864.0672960971 22665850.13342714 24095436.2822645
