16 0.0008599243848124161 7.401060473947373e-06 0.0008507818649121646 0.0008767260668349763
32 0.0008637731465235277 9.931011435802343e-06 0.000852480448628512 0.0008867624250683548
64 0.0008709114351468372 9.80514817012083e-06 0.0008495219971109691 0.0008906099100158826
128 0.0008695114678261007 1.338251741108024e-05 0.0008463642699325646 0.0009020498589507042
256 0.0008820052765941 2.270815026261644e-05 0.0008531376518021716 0.000941985284043767
512 0.0008952561890112065 3.253660630588923e-05 0.0008656455789832762 0.001003882608529238
1024 0.0009303895788548289 2.120829713878753e-05 0.0009016346878070181 0.0009775079095106776
2048 0.0009759556499986388 1.936608784039836e-05 0.0009569414037287061 0.001020743230810695
4096 0.001063108616989439 1.286008779430442e-05 0.001044124838472271 0.001093247861945201
8192 0.001266243180182869 2.213864088409065e-05 0.001231988158906461 0.001319218894195728
16384 0.001667076841229687 2.57707144418472e-05 0.001638324211171494 0.001726568549656804
32768 0.0024676867845983 2.087265053526664e-05 0.002440023696635762 0.002506132510916359
65536 0.004049960500367433 2.859097711614968e-05 0.004014452414594416 0.004103406282411015
131072 0.007266902222340832 0.0001073793679503747 0.007182719002230442 0.007623233539561625
262144 0.01367573107302178 0.0001151182512291918 0.01352346814383054 0.01399345200843527
524288 0.02660751970643105 0.0002854684092142405 0.02617871592156007 0.02716993720605387
1048576 0.05215514831252221 0.0003178392469949632 0.05173556380032096 0.05279556666209828


16 18607.57349991676 159.4359501768401 18249.71402727967 18806.2306683651
32 37051.3108978041 421.858786919676 36086.32830550226 37537.51778293831
64 73494.99247572965 830.0811699054678 71860.86667153599 75336.48359624522
128 147241.580592263 2251.704431382026 141899.030003612 151235.1177232453
256 290424.0180266589 7309.674199929373 271766.4536127781 300068.8100674311
512 572556.506515875 19190.75450677102 510019.792802385 591466.0831530585
1024 1101140.932225662 24654.81239903005 1047561.856059656 1135714.956231999
2048 2099217.030636144 40915.5754135295 2006381.172249791 2140151.938269159
4096 3853375.971769494 46221.10822728121 3746634.356743257 3922902.558273713
8192 6471363.86254708 111822.9880816547 6209735.197125352 6649414.558717347
16384 9830141.533131925 149077.3294853987 9489342.316154609 10000462.59969785
32768 13279720.62224991 111975.009107922 13075126.65721674 13429377.77415015
65536 16182639.8456883 113871.5446995814 15971121.42682917 16325016.02503642
131072 18040412.95412761 257489.2215291857 17193753.71616089 18248242.75588372
262144 19169810.89313883 159180.8815989789 18733333.26487126 19384376.64154894
524288 19706619.83707982 210287.9133176084 19296621.70449112 20027261.90126884
1048576 20105636.43959573 122329.7180855358 19861061.56812535 20267992.13104342
