16 1.524839253919108e-05 5.630051899047141e-08 1.51326912636307e-05 1.532402192871984e-05
32 2.279155897144669e-05 5.204672458997692e-08 2.271041685375508e-05 2.290078547417806e-05
64 3.790669148884263e-05 7.980710156348436e-08 3.774535734635265e-05 3.803575957306293e-05
128 6.810101043175365e-05 2.51688530019659e-07 6.76253524858339e-05 6.850123077128956e-05
256 0.0001284235525034205 3.82840089916357e-07 0.0001274946361604634 0.0001291406077257307
512 0.000248912453443495 1.235350959965546e-06 0.0002461821279098331 0.0002514536452054017
1024 0.0004918525509403082 2.392536340456292e-06 0.0004883164174316335 0.0004974169283968877
2048 0.0009788268104813369 1.599565893220169e-05 0.0009707773540412745 0.00103774123886069
4096 0.001941141861067308 7.847486445071313e-06 0.001929728715367673 0.001957191565907124
8192 0.003869849308671292 1.539955390180135e-05 0.003847992245937348 0.003903226616785105
16384 0.007713593210326053 1.651693418787887e-05 0.0076834065366711 0.007738719323242549
32768 0.01540028049896591 3.98698267092872e-05 0.01531743912528327 0.0154711105642491
65536 0.03063781642640606 0.0001393534606071554 0.03039946635180968 0.03091087750726729
131072 0.06103364040154702 0.0002949769843319792 0.06046174545917893 0.06154475223593181
262144 0.1206220874710198 0.0006956561529842399 0.1192038784938632 0.1219411235215375
524288 0.23838504982632 0.002194689994823141 0.2347014808910899 0.2413737427268643
1048576 0.476473639244432 0.005999825296204531 0.4668669724778738 0.4906455290329177


16 1049304.364139193 3880.865494277493 1044112.314275227 1057313.581653103
32 1404035.42937953 3203.013858607063 1397331.983921766 1409045.030131577
64 1688363.283615955 3556.759504585209 1682627.10455571 1695572.767075269
128 1879585.017449104 6945.695907709141 1868579.565049914 1892781.261684563
256 1993420.457002614 5953.377493358751 1982335.413378988 2007927.609423514
512 2056995.582219581 10203.81267218125 2036160.579743313 2079761.046616372
1024 2081970.813927481 10100.84990512308 2058635.204274658 2097000.967909019
2048 2092797.927943469 32459.00210488854 1973517.022652437 2109649.541652705
4096 2110130.478693958 8509.574254870688 2092794.630504948 2122578.146545114
8192 2116909.663326406 8408.779244062103 2098776.423785341 2128902.418826074
16384 2124051.657181122 4549.115971047575 2117146.173113183 2132387.492683487
32768 2127766.832386021 5512.772159701223 2118012.140364431 2139260.990821402
65536 2139097.263480834 9715.665034631756 2120159.80408813 2155827.317544298
131072 2147584.096840192 10398.24793223053 2129702.293666493 2167850.084455368
262144 2173334.761121444 12536.3457782732 2149758.77234475 2199123.076465131
524288 2199507.746765655 20298.76018464691 2172100.38704698 2233850.412913623
1048576 2201026.128674166 27547.4866262782 2137135.544813352 2245984.53481242
