16 0.0004252867622360768 3.557149534543619e-07 0.000424568847648743 0.0004270451660204344
32 0.0004261143569950221 3.098342884589648e-07 0.0004253320312841424 0.0004271025390494287
64 0.0004270392150775848 3.72463640290023e-07 0.0004263125000534274 0.0004289023437422657
128 0.0004294628906222897 1.14463956157963e-06 0.0004285546874598367 0.0004351191407749866
256 0.0004348450317550601 1.676883326822641e-06 0.0004332148437242722 0.0004401054688969452
512 0.0004435126953268309 8.684120691167412e-07 0.0004426796876941808 0.0004475468749660649
1024 0.0004623237304315353 4.473321438977828e-07 0.0004616093738150084 0.0004639218750526197
2048 0.0005007534182936979 9.200277207955048e-07 0.0004995937488274649 0.0005038125018472783
4096 0.0005780839844646835 9.317761811144005e-07 0.0005754375015385449 0.0005810000002384186
8192 0.0007341347652527475 2.126610561309869e-06 0.0007293749949894845 0.0007432499987771735
16384 0.001046386719281145 3.638673138217988e-06 0.001040000002831221 0.001055250002536923
32768 0.001661789065110497 6.849171221161408e-06 0.001650999998673797 0.001679999986663461
65536 0.002904484375903849 1.511489689201589e-05 0.002884500019717962 0.00293800001963973
131072 0.00540687500142667 2.772669960216226e-05 0.005340499978046864 0.005475499958265573
262144 0.0104726093750287 4.570414493766824e-05 0.01033099996857345 0.0105794999981299
524288 0.0205633749910703 8.586520654954992e-05 0.02030249999370426 0.02072149998275563
1048576 0.04070982030953019 0.0001435912272726188 0.04022699996130541 0.04091400001198053
