16 6.159484863488274e-06 2.520216393879913e-08 6.10888673691079e-06 6.219482401093046e-06
32 1.023223114060556e-05 1.189809687885897e-08 1.019287111603262e-05 1.026513672286455e-05
64 1.600286865155454e-05 1.620135097868517e-08 1.597558593857684e-05 1.605761724476906e-05
128 2.742565921209916e-05 4.283874254111069e-08 2.736718761298107e-05 2.757421884780342e-05
256 5.026452636514023e-05 4.92311663472182e-08 5.017578087063157e-05 5.039453117205994e-05
512 9.596240231246611e-05 1.649715687361541e-07 9.562499963067239e-05 9.680468701844802e-05
1024 0.0001872485351555042 4.194172230366303e-07 0.0001864999994722893 0.0001887343751150183
2048 0.0003695449220231239 8.216416836972128e-07 0.0003675000007206108 0.0003712812504090834
4096 0.0007337548822761164 2.410792195948112e-06 0.0007295624964172021 0.0007451874989783391
8192 0.001462820312326585 5.058481951010007e-06 0.00145387499651406 0.001480000006267801
16384 0.002922058598414878 9.853362640239639e-06 0.002897000027587637 0.002946499997051433
32768 0.005851109373907093 3.368710506515039e-05 0.0057960000121966 0.00595149997388944
65536 0.01174368750253052 6.583676755161923e-05 0.0116219999617897 0.0119330000015907
131072 0.02357953905811883 0.0001357114471334785 0.02327800000784919 0.02406550000887364
262144 0.04737620312698709 0.0002926410140856905 0.04679699998814613 0.04810750001342967
524288 0.09530658593575936 0.0005320238434062471 0.09427099995082244 0.09663049998925999
1048576 0.1910902968711525 0.0009152992907343728 0.1894234999781474 0.193769000004977
