16 9.438733599154148e-07 5.277746576104774e-09 9.357959243061487e-07 9.575205695000477e-07
32 1.414856768633399e-06 5.242845162813922e-09 1.406892806699034e-06 1.425014488631859e-06
64 2.229968856681808e-06 7.462662112565605e-09 2.221278919023462e-06 2.252460035379045e-06
128 3.860768174490659e-06 1.212394095735831e-08 3.84756458515767e-06 3.894150722771883e-06
256 7.113130095603992e-06 6.266323642164327e-09 7.105438271537423e-06 7.132042810553685e-06
512 1.368758898934175e-05 2.536580233162119e-07 1.359779344056733e-05 1.462477302993648e-05
1024 2.658670837263344e-05 2.368231808501853e-09 2.657883305801079e-05 2.658947050804272e-05
2048 5.264314404485049e-05 2.774503900059398e-07 5.255406722426414e-05 5.367951234802604e-05
4096 0.0001045752305799397 6.037289214975141e-08 0.0001044964592438191 0.0001047686964739114
8192 0.0002111707144649699 6.179066923105721e-07 0.0002101020654663444 0.000212314713280648
16384 0.0004423427308211103 3.866038661418576e-07 0.000441765645518899 0.0004429559921845794
32768 0.0008929387986427173 4.281424439804434e-06 0.0008904032874852419 0.0009055428672581911
65536 0.001789593865396455 6.665858505567508e-07 0.001787509303539991 0.00179064879193902
131072 0.003590863023418933 5.728929595861188e-06 0.003588167950510979 0.003611995838582516
262144 0.007228791597299278 1.334489371043596e-05 0.007219767197966576 0.007260484620928764
524288 0.01449028891511261 4.341904633590466e-05 0.01447193697094917 0.01465258002281189
1048576 0.02909829374402761 0.0005271075556231169 0.028921939432621 0.03099062293767929


16 16951920.75925726 94265.83174380306 16709823.79872436 17097744.90828574
32 22617421.12797114 83695.04266395925 22455912.03126843 22745158.58466929
64 28700251.97917345 95494.02900178157 28413378.70362262 28812230.40109535
128 33154328.88404707 103623.8898906485 32869811.44604715 33267797.63327993
256 35989807.93596432 31655.25485611198 35894344.27134711 36028741.67881675
512 37417496.8159354 653172.1117828013 35009090.32584309 37653167.93771198
1024 38515486.50801659 3431.52677078054 38511485.2020187 38526898.36927845
2048 38904446.47532574 201376.0247980941 38152358.51477163 38969391.10840961
4096 39167987.06057642 22583.41989789878 39095647.24822123 39197500.37121258
8192 38793569.07407565 113412.4134568423 38584231.27355952 38990573.37593025
16384 37039179.33243097 32372.935582048 36987873.03722218 37087537.62587246
32768 36697586.39499823 174075.620473272 36186028.49715462 36801301.68044008
65536 36620604.14772093 13649.45459803128 36599025.05450762 36663305.67914372
131072 36501618.21115159 57929.06219483237 36287970.93283408 36528947.86637133
262144 36263991.21463463 66740.31159291905 36105578.85411049 36309203.99674826
524288 36182326.72609164 107304.8984429584 35781275.32378335 36227907.91947551
1048576 36046154.77205924 618477.7482122871 33835266.94860693 36255383.30314436
