16 2.786237928376067e-06 1.983565665630488e-07 2.582499291747808e-06 4.21825097873807e-06
32 3.294058842584491e-06 7.859769242868979e-08 3.129011020064354e-06 3.493623808026314e-06
64 4.426554369274527e-06 1.060207371271841e-07 4.190485924482346e-06 4.649395123124123e-06
128 6.655973265878856e-06 2.098957347766797e-07 6.269663572311401e-06 8.001923561096191e-06
256 1.10315450001508e-05 1.409716950866579e-07 1.062545925378799e-05 1.173838973045349e-05
512 1.98082416318357e-05 2.550136684033728e-07 1.947581768035889e-05 2.118758857250214e-05
1024 3.736291546374559e-05 5.066794662085511e-07 3.687664866447449e-05 4.009529948234558e-05
2048 7.247913163155317e-05 7.536143406805315e-07 7.193535566329956e-05 7.812678813934326e-05
4096 0.0001429438125342131 1.484899101162864e-06 0.0001419484615325928 0.0001540631055831909
8192 0.0002854666672646999 2.629551488313676e-06 0.0002833902835845947 0.0003043711185455322
16384 0.0005721012130379677 6.745730196317239e-06 0.0005680322647094727 0.0006102919578552246
32768 0.001144368201494217 1.011482481357398e-05 0.001136541366577148 0.001218557357788086
65536 0.002286259084939957 6.34386911254772e-06 0.002277970314025879 0.00232851505279541
131072 0.004580572247505188 1.919964030328441e-05 0.004560947418212891 0.004678606986999512
262144 0.009219812229275703 1.900546561765025e-05 0.009189963340759277 0.009302496910095215
524288 0.0184207558631897 3.363889374204258e-05 0.01838099956512451 0.01858103275299072
1048576 0.03683401644229889 7.988867092547707e-05 0.03672909736633301 0.0372159481048584
