16 3.826397914963309e-06 9.284438665346029e-09 3.80923393095145e-06 3.847433617920615e-06
32 5.394824938775855e-06 1.762347913641747e-08 5.365525794331916e-06 5.417556167230941e-06
64 8.620992275609751e-06 6.102904454773213e-08 8.509046892868355e-06 8.720184268895537e-06
128 1.496137565482059e-05 9.012362936245817e-08 1.476338002248667e-05 1.508486820966937e-05
256 2.776130213533179e-05 1.979918912204611e-07 2.746594691416249e-05 2.827948628691956e-05
512 5.313926885719411e-05 2.187753043784012e-07 5.259344470687211e-05 5.354675522539765e-05
1024 0.0001037273996189469 5.988174657585386e-07 0.0001021899515762925 0.0001045287935994565
2048 0.0002051484407274984 1.440509087479013e-06 0.0002021064283326268 0.0002076850505545735
4096 0.0004079374484717846 2.981961215082792e-06 0.0004012323915958405 0.0004131777677685022
8192 0.0008210538508137688 5.968268878385993e-06 0.0008111514616757631 0.0008336796890944242
16384 0.001655899890465662 4.452086229479454e-05 0.001617867033928633 0.001769275404512882
32768 0.003284668957348913 2.43504251278667e-05 0.003242656588554382 0.003336304798722267
65536 0.00654545845463872 5.258995468005195e-05 0.006466874852776527 0.006650516763329506
131072 0.01306883501820266 7.7645197089712e-05 0.01291882991790771 0.0132022313773632
262144 0.02618633070960641 0.0001518833677993251 0.02580547332763672 0.02648850530385971
524288 0.05230911634862423 0.0003804484218252898 0.05138073861598969 0.05288311839103699
1048576 0.1049754936248064 0.0009079385397885374 0.1028712689876556 0.1066281199455261


16 4181501.397925252 10136.63768566283 4158616.259283861 4200319.615446565
32 5931669.871140123 19401.42588246751 5906722.332397351 5964000.775805506
64 7424088.531153415 52608.20603471623 7339294.449119018 7521406.428449702
128 8555655.019975804 51707.56825908942 8485324.380756093 8670101.277961977
256 9221905.70482133 65247.48338775564 9052498.245642129 9320632.592790626
512 9635212.473766923 39718.51197362733 9561737.174265873 9735053.538584813
1024 9872340.465710159 57367.22724157007 9796343.808614699 10020554.70429993
2048 9983476.79278551 70124.17078567731 9861085.304557566 10133274.91310371
4096 10041260.85333868 73809.93559787863 9913408.51208367 10208547.67908639
8192 9977912.33578809 72089.98027748459 9826315.918645533 10099223.61857808
16384 9900700.77596904 253272.021794836 9260288.114676444 10126913.80466235
32768 9976555.955090396 73754.53318308435 9821644.596905366 10105294.56485196
65536 10013039.83358454 79840.00269748962 9854271.830628414 10134106.73501164
131072 10029688.14062618 59617.80085454488 9928018.700288689 10145810.4822877
262144 10011035.30176638 58161.04864810993 9896519.150206724 10158465.09272331
524288 10023379.37126658 73230.54831992826 9914090.090588532 10203979.43125017
1048576 9989472.978733737 86775.04257416955 9833953.750058554 10193088.99675212
