16 8.673396678204881e-05 2.18078936784485e-08 8.670456008985639e-05 8.685817010700703e-05
32 8.704622450750321e-05 2.041308304399907e-08 8.701416663825512e-05 8.711474947631359e-05
64 8.769275154918432e-05 2.560249952670215e-08 8.766981773078442e-05 8.781533688306808e-05
128 8.900410466594622e-05 1.698996589152631e-07 8.895900100469589e-05 9.031640365719795e-05
256 9.164946095552295e-05 9.993893467875792e-08 9.157415479421616e-05 9.234808385372162e-05
512 9.685635450296104e-05 5.035911985510136e-08 9.679608047008514e-05 9.71723347902298e-05
1024 0.0001072827726602554 8.302189236107856e-08 0.0001070909202098846 0.0001073926687240601
2048 0.0001281549921259284 7.291660359851157e-08 0.0001280307769775391 0.0001285597681999207
4096 0.0001700492575764656 7.063646145758245e-07 0.0001693218946456909 0.0001747459173202515
8192 0.0002562673762440681 1.53903769692116e-06 0.0002551078796386719 0.0002650022506713867
16384 0.0004270663484930992 1.468040499157887e-06 0.0004255175590515137 0.0004290342330932617
32768 0.0007683951407670975 3.689944045790458e-06 0.0007654428482055664 0.0007859468460083008
65536 0.001449616625905037 3.072046582601345e-06 0.001444458961486816 0.001456022262573242
131072 0.002815889194607735 3.289502886677679e-06 0.002812027931213379 0.002822995185852051
262144 0.005610255524516106 6.170644523812234e-06 0.005595564842224121 0.005625009536743164
524288 0.0111332330852747 2.412243078808346e-05 0.01111555099487305 0.01126253604888916
1048576 0.02214007265865803 3.016400452960247e-05 0.02211952209472656 0.02226555347442627
