16 2.374168889263117e-05 1.83159077348366e-08 2.372534280326022e-05 2.378760071053421e-05
32 2.426385079723481e-05 1.467220869499949e-08 2.424056979322131e-05 2.429861243413711e-05
64 2.527370614258118e-05 2.52125842362717e-08 2.521664481136554e-05 2.530550991508562e-05
128 2.723194575349197e-05 3.662776981298327e-08 2.715481880244397e-05 2.729705903092849e-05
256 3.126327449365363e-05 6.097624383195964e-08 3.11553955256727e-05 3.142400709776894e-05
512 3.914475592603495e-05 1.066732332881444e-07 3.895654215568811e-05 3.949285179061235e-05
1024 5.487738815368459e-05 3.775781622585004e-07 5.41208562481188e-05 5.562793254654252e-05
2048 8.621499471050953e-05 1.07429896327197e-06 8.285570370958339e-05 8.768077508136685e-05
4096 0.0001502120378891192 1.086487113760346e-06 0.0001472009075200731 0.0001515780981549142
8192 0.0002835520636459421 8.110554193233334e-06 0.0002690365798230232 0.0003102886184933595
16384 0.000542859527755013 1.682981513413505e-05 0.0005195538108182518 0.0005991562056806288
32768 0.001056895588860129 1.357349165793783e-05 0.001025720719553647 0.001068466851393168
65536 0.002080629116875343 2.604864674739837e-05 0.002020730547428684 0.002108898897404288
131072 0.004139671440839265 6.222363584307823e-05 0.003959163504987373 0.004200383058559964
262144 0.008205420298281751 0.0001438287366877658 0.007871516863815486 0.008345170243046596
524288 0.01647471188539384 0.0002280033342051764 0.01589125195459928 0.01682684037223225
1048576 0.03286525259818518 0.0005011967474089023 0.03166818255704129 0.03374512110167416


16 673920.4186828263 519.4034542200963 672619.3278044426 674384.3548511914
32 1318834.806298712 797.2431727272337 1316947.62763668 1320100.982483859
64 2532278.384820978 2528.650827700396 2529093.474692128 2538006.165322763
128 4700369.862532319 6322.870751714864 4689149.84046346 4713712.175036861
256 8188550.821935248 15954.74805658752 8146637.671112787 8216875.301392036
512 13079748.07928925 35459.67091109148 12964371.4440927 13142850.25487669
1024 18660607.35579243 128242.1870957971 18408018.29446464 18920617.13335501
2048 23758116.83129136 303788.0065392439 23357457.75626957 24717670.7010832
4096 27269469.05362014 198836.5333699405 27022373.61372519 27825915.40369035
8192 28911695.12170995 786499.254156857 26401226.18669404 30449390.95415514
16384 30206411.01997952 878123.5956764827 27345122.76541995 31534750.89364975
32768 31008887.67974758 405262.7601119636 30668242.03041393 31946317.7211233
65536 31502851.37550797 399288.4437649387 31075932.60192045 32431835.15159529
131072 31669297.97911245 488442.1040769789 31204773.03442319 33105983.07821541
262144 31957014.91038721 569185.6242081432 31412660.54079903 33302856.93791087
524288 31829622.40110712 448526.2293750144 31157839.99860027 32992240.10152701
1048576 31912371.46243113 494173.2555768222 31073410.48919745 33111341.26852043
