16 7.510654366083003e-05 2.692815764917087e-07 7.44999942838831e-05 7.549036271825571e-05
32 7.88572143521904e-05 2.713693189189729e-07 7.845494288005739e-05 7.926209947584084e-05
64 8.5814940892881e-05 3.850821326692316e-07 8.462134974251967e-05 8.619042250757047e-05
128 9.987503831432321e-05 2.255278711895673e-07 9.954370030129667e-05 0.0001003732908486654
256 0.0001277013112765957 3.193154804408467e-07 0.0001271621266027978 0.0001283161893184115
512 0.0001830410724572573 2.862002979275841e-07 0.0001827038826434091 0.0001839338480067454
1024 0.0002938561901970616 3.31848086387391e-07 0.0002931767749032588 0.000294291485715803
2048 0.0005148629053124409 5.781209805744331e-07 0.0005138837248068739 0.0005158603925110583
4096 0.0009562580110653585 8.346057446946671e-07 0.000954635837274509 0.0009574385852602063
8192 0.001837637362854139 1.671916317977238e-06 0.001835629100241931 0.001841667786720791
16384 0.003596702432787424 3.387399772745966e-06 0.003592297008708556 0.003601617493586673
32768 0.007146566737901594 0.0001289722405938014 0.007105163364940381 0.007629780547176779
65536 0.01415477333341641 1.104934788756071e-05 0.01413468583450594 0.01417423429666087
131072 0.02833871850702963 0.0005124562498130319 0.0281744347885251 0.03025927868657163
262144 0.05639588111671401 3.483885013908666e-05 0.05634543888299959 0.05646450573840411
524288 0.1126818332668336 5.980814607013379e-05 0.1125653893395793 0.1127902572625317
1048576 0.2253201112816896 0.0002987059500808911 0.2250577224767767 0.2263049786852207


16 213033.2786495111 765.4768612542439 211947.5840871903 214765.1171492955
32 405801.2423456175 1397.567311467178 403723.8505113485 407877.4239746995
64 745805.0725613668 3374.505849050768 742541.8989491391 756310.3187875758
128 1281607.632780476 2891.847856603833 1275239.647098827 1285867.409113509
256 2004689.675070817 5011.438228289585 1995071.715890395 2013178.033736717
512 2797192.801311607 4361.422183102513 2783609.463665565 2802348.76562143
1024 3484701.90300977 3938.161316722106 3479543.410878274 3492773.260562318
2048 3977762.625124105 4468.390751314599 3970066.377903006 3985337.346049775
4096 4283365.868275219 3739.395166957177 4278081.187721107 4290641.352512079
8192 4457901.498190887 4053.154959796723 4448142.091134899 4462775.186403569
16384 4555287.496950436 4289.569253267176 4549067.198050503 4560870.09517348
32768 4586456.170955463 77868.20349560252 4294749.999346315 4611857.365826374
65536 4629960.219486046 3615.255395859463 4623600.727091043 4636537.434741697
131072 4626525.58406677 78693.02490437002 4331630.021906857 4652160.761478099
262144 4648284.388371374 2870.765800876996 4642633.395473146 4652444.016708041
524288 4652818.677804543 2469.642812317823 4648344.748249508 4657630.583219192
1048576 4653724.500659786 6150.496450418472 4633464.124792935 4659142.501134129
