16 5.417304995258831e-06 2.576457035321029e-08 5.324462904354732e-06 5.464843752633897e-06
32 8.294189453472711e-06 3.454171922744088e-08 8.213378919208481e-06 8.386230490486923e-06
64 1.384426879802447e-05 9.491038990793204e-08 1.374804696752108e-05 1.455371091196866e-05
128 2.497155762881675e-05 4.254515245071368e-08 2.489648431946989e-05 2.513085951250105e-05
256 4.72355346730069e-05 8.733717488086161e-08 4.709765607913141e-05 4.782031237482443e-05
512 9.192126461243788e-05 7.075303324985776e-07 9.164843777398346e-05 9.73593741946388e-05
1024 0.0001809038084559234 2.194966559917193e-07 0.0001805312513170065 0.0001819999997678678
2048 0.0003591679687815486 5.736198760014351e-07 0.0003583750003599562 0.0003618750015448313
4096 0.0007166513672700603 1.217983058764159e-06 0.0007150000019464642 0.0007210000039776787
8192 0.001430060546908862 2.182520255512874e-06 0.001425374997779727 0.001437250000890344
16384 0.002859882812572323 6.442352367470531e-06 0.002849499986041337 0.002889499999582767
32768 0.005721664059819886 1.186734486182496e-05 0.005695500003639609 0.005759500025305897
65536 0.01144920313072362 2.500566800413792e-05 0.01138799998443574 0.01150199997937307
131072 0.0229007890648063 4.5027219986091e-05 0.02277750003850088 0.02300099999411032
262144 0.04586716406356572 6.519275699403898e-05 0.04572399996686727 0.0459934999817051
524288 0.09164778125159501 9.909142278979099e-05 0.09135499998228624 0.09183450002456084
1048576 0.183082906249183 0.0001634337371146493 0.1828174999682233 0.1835035000112839
