16 8.5597686769745e-06 7.146635849962896e-08 8.383789065646852e-06 8.925292974026888e-06
32 9.276725768891936e-06 7.623341735371567e-08 9.217773424552433e-06 9.670410122453177e-06
64 1.063893128083748e-05 5.951456847704698e-08 1.055664063187578e-05 1.086132806449314e-05
128 1.33654174554465e-05 1.009781600574828e-07 1.321679701504763e-05 1.359179668725119e-05
256 1.883978271166598e-05 2.035258358693963e-07 1.856640619735117e-05 1.926953154907096e-05
512 2.976171887780765e-05 3.93373235786093e-07 2.915625009336509e-05 3.060937433474464e-05
1024 5.16528321838905e-05 7.752520101874239e-07 5.056250120105688e-05 5.334374873200431e-05
2048 9.540917966432971e-05 1.584915683624607e-06 9.331250112154521e-05 9.878124910756014e-05
4096 0.0001829404297950532 3.221359700249172e-06 0.0001785000058589503 0.0001896250032586977
8192 0.0003581582038805209 6.355585187802335e-06 0.0003493750118650496 0.0003718749940162525
16384 0.0007095976584423624 1.233852904434844e-05 0.0006930000090505928 0.0007367499929387122
32768 0.001412109368175152 2.489509458301367e-05 0.0013780000153929 0.001466499990783632
65536 0.002816835934936535 5.039219758338467e-05 0.002754000015556812 0.002926500048488379
131072 0.00562992969116749 0.0001005348309740054 0.005508500034920871 0.005845499981660396
262144 0.01129372656032501 0.0001948019339930741 0.01105450000613928 0.01172399998176843
524288 0.02262635156330361 0.0003911578147444636 0.0221214999910444 0.02346699999179691
1048576 0.04516778905599494 0.0007410740586635753 0.04422550002345815 0.04689100000541657
