16 1.403935032187609e-06 1.015127731930673e-09 1.403079854966904e-06 1.407425031185738e-06
32 2.134401818482123e-06 3.815187776947617e-09 2.13147364336308e-06 2.143169181678672e-06
64 3.523496064944398e-06 3.524573463022619e-09 3.520900366371649e-06 3.534530461646312e-06
128 6.336391258576768e-06 3.32035983277743e-09 6.331481405830175e-06 6.344497181842712e-06
256 1.197151267451346e-05 2.014011359550766e-09 1.196867211561425e-05 1.197430424682011e-05
512 2.3359035054904e-05 5.054539925679853e-07 2.32286960510919e-05 2.525442516088106e-05
1024 4.580156230948873e-05 1.150325712907164e-08 4.579193567622042e-05 4.583574828842529e-05
2048 9.086594509000179e-05 7.87022422899927e-08 9.08303315725334e-05 9.115173925522413e-05
4096 0.0001809252828159913 3.570727262142135e-08 0.0001808903625430958 0.0001810234586514525
8192 0.0003610704578989044 4.062102487080647e-08 0.0003610283710031581 0.000361146010959601
16384 0.0007311088259385201 1.610444298948169e-05 0.0007269725972491869 0.0007915000863931709
32768 0.001460176041064187 1.400071280394768e-07 0.00145998026982852 0.001460543106531986
65536 0.002920474908705728 5.289230854171478e-07 0.002920007924331003 0.002922226832197339
131072 0.005848580120243696 1.42261011219603e-06 0.005847320724569727 0.005853265931364149
262144 0.01172166942058084 2.451508713246386e-06 0.01171779542710283 0.011726639331755
524288 0.02345627901513581 4.59365058302468e-06 0.02344909424209618 0.02346706497701234
1048576 0.04691422435826098 1.100301227290198e-05 0.04689155703090364 0.04693031646456802


16 11396544.32780392 8225.105382032272 11368278.69724627 11403484.94304154
32 14992535.77549058 26734.67549905389 14931159.08606687 15013087.35373795
64 18163794.91604297 18131.34380109853 18107072.69168366 18177168.71833927
128 20200777.96803425 10579.77160376733 20174963.64665787 20216437.79639543
256 21384098.54735581 3597.577893832856 21379112.70026258 21389173.12857322
512 21927661.41301798 441080.2666250723 20273674.6822923 22041702.16330041
1024 22357317.28120226 5612.601383608053 22340641.05502094 22362016.03794092
2048 22538712.76437446 19468.44820594104 22468029.86683136 22547534.11710878
4096 22639180.58200577 4466.591704829607 22626901.67624379 22643550.17268628
8192 22688092.91367691 2552.220736560625 22683346.2128878 22690737.50973532
16384 22419264.66475361 458491.6311283844 20699934.56938347 22537300.66579662
32768 22441129.94657835 2151.522881070827 22435489.8211848 22444138.92240387
65536 22440186.63507423 4062.408865288202 22426732.68136439 22443774.70825351
131072 22410910.78030816 5448.213457439202 22392968.56438106 22415736.3985956
262144 22364050.83127479 4677.073939264274 22354571.7220219 22371443.6414951
524288 22351713.0961513 4376.961104998201 22341438.97047106 22358560.82913386
1048576 22350919.54349319 5242.383185228066 22343254.40340181 22361722.80031011
