16 2.77502901052662e-06 8.339099155328175e-09 2.75543962535707e-06 2.791908406241106e-06
32 4.981236289613999e-06 3.043342405308351e-08 4.934967612335583e-06 5.041686166329384e-06
64 9.413515454803623e-06 5.556751186052404e-08 9.296387947443918e-06 9.484802671266834e-06
128 1.820672183039385e-05 1.579591125931463e-07 1.792733631234e-05 1.846706840069601e-05
256 3.575773579100883e-05 1.905953410133489e-07 3.543768765013056e-05 3.610138633547422e-05
512 7.101002691722869e-05 4.282927065899863e-07 7.023998722388569e-05 7.179797947287625e-05
1024 0.0001409172434634343 9.179822257564599e-07 0.0001396767632115825 0.0001427907483275703
2048 0.0002822988361899093 2.076966591095274e-06 0.0002790576469351436 0.000286190960764543
4096 0.0005622463109773435 2.582145713819326e-06 0.0005561231545243572 0.0005663173103584995
8192 0.00112929934655881 3.219096946835449e-05 0.0011090215373315 0.00124718338747698
16384 0.002254676849588577 1.268679103484532e-05 0.00222787072743813 0.002278711201142869
32768 0.004508404504690589 2.336801057855984e-05 0.004467180178835406 0.004545399073322187
65536 0.009028790316165214 5.205261120956644e-05 0.008930048683396308 0.009113983896895661
131072 0.01803970801051946 8.291849330383473e-05 0.01786325067223515 0.01821728343929863
262144 0.0362406755371012 0.000371308168616122 0.03571525690495037 0.03702581947436556
524288 0.07352383638499305 0.002198960125092589 0.07214949812623672 0.08153298827528488
1048576 0.1452344811732473 0.0009974235362258976 0.1433050064078998 0.1467115143022966


16 5765754.382905263 17355.24976202024 5730847.030738249 5806695.908979172
32 6424332.459391565 39185.18005584855 6347082.889393273 6484338.401737816
64 6798958.490389157 40327.82093496542 6747636.426204306 6884394.278919596
128 7030867.02950706 61048.92434397767 6931257.155855653 7139934.107884906
256 7159480.780631964 38180.72343099878 7091140.42383595 7223947.638103212
512 7210495.001984189 43445.8379728356 7131119.897230851 7289295.175524891
1024 7266964.088747614 47116.29727631414 7171332.960948451 7331212.267919208
2048 7255091.377307775 53336.5555543997 7156061.094763034 7338985.412128773
4096 7285207.927583503 33577.57120669094 7232694.3306873 7365275.05944837
8192 7259122.059194062 189647.2499073127 6568400.511309091 7386691.533251359
16384 7266889.287266146 40950.31538289986 7190029.167269086 7354107.129384596
32768 7268386.582755076 37741.49689213243 7209047.978277998 7335276.099954092
65536 7258784.389197241 41849.6630588927 7190708.338021356 7338817.773955866
131072 7265893.508250928 33412.85126354224 7194925.655998155 7337522.291154161
262144 7234125.854878414 73568.18031655255 7080032.359081009 7339832.405452056
524288 7136327.557319712 195157.1031623744 6430378.808511396 7266689.493566219
1048576 7220203.393070059 49722.5938926282 7147196.353242098 7317092.586530854
