16 9.912494516040038e-07 2.953212286517587e-09 9.82288187234559e-07 9.92521497877874e-07
32 1.600603881907192e-06 2.832645082204905e-09 1.595151794653304e-06 1.60562900730632e-06
64 2.704600614744646e-06 1.780609697500525e-09 2.698200384010363e-06 2.706695569454354e-06
128 4.928487748967481e-06 7.906739890439404e-10 4.927855918879231e-06 4.930824863080829e-06
256 9.409138807203732e-06 2.355185512714153e-08 9.400527002156878e-06 9.496581981238705e-06
512 1.858836727430813e-05 3.953955894292802e-09 1.858233784801655e-05 1.859579141338941e-05
1024 3.670980794145962e-05 4.571800645829395e-09 3.670433879676693e-05 3.672241244601082e-05
2048 7.290642635204847e-05 9.405022208089007e-09 7.289109964858653e-05 7.292968206229489e-05
4096 0.0001452778167436719 1.114099548385761e-08 0.0001452631563267914 0.0001452959155869848
8192 0.0002902904170944964 8.108912675760217e-07 0.0002899892084542444 0.0002930083580849896
16384 0.0005830985599288852 2.845159565352744e-07 0.0005828017485782766 0.000584024507702452
32768 0.001177333757198085 1.358294293800471e-07 0.001177080181150814 0.001177646531914434
65536 0.002370566611347158 6.455352004949827e-05 0.002353953249894403 0.002612640168990765
131072 0.004714738315385603 6.991032233333175e-07 0.004713639831606997 0.004715766199296922
262144 0.00946034268213225 1.904841409997501e-06 0.009457001584451064 0.009463922686336446
524288 0.01892995430011979 5.560259282049072e-06 0.01892046592911356 0.01893969030788867
1048576 0.03790059673519863 0.0001531746877137832 0.03784543067740742 0.03847312943253201


16 16141380.00560083 48427.75808293185 16120557.62440396 16288498.84171455
32 19992513.0155138 35374.96382750913 19929884.08554274 20060786.75851347
64 23663392.55732423 15609.62948828173 23645067.70626659 23719513.33906348
128 25971456.07481493 4165.320588617761 25959145.48869706 25974785.40507161
256 27207749.43450749 67530.39953238313 26957067.34336096 27232515.78781305
512 27544109.39714181 5858.8532143371 27533111.58520244 27553045.48801162
1024 27894453.07151062 3473.400421769399 27884878.2471871 27898609.09005662
2048 28090802.61400868 3623.386618775079 28081844.62192835 28096708.78712987
4096 28194256.45561285 2162.115606205799 28190744.27145774 28197101.75363
8192 28220220.16793006 78245.67884863059 27958246.83480135 28249327.08243371
16384 28098172.03985998 13695.59656706606 28053617.24365735 28112475.7088807
32768 27832379.90801368 3210.821008048891 27824987.47457856 27838375.43502195
65536 27663269.22161249 687758.1162767136 25084204.39134404 27840824.79248044
131072 27800483.06692929 4122.432035864051 27794422.89135149 27806961.21946048
262144 27709779.52610783 5579.222153622805 27699296.44273942 27719568.15900399
524288 27696212.79003887 8134.264585660027 27681973.22538194 27710099.84448957
1048576 27666895.13256413 110273.031779946 27254762.36184073 27706805.84765992
