16 2.791557631054431e-06 7.395402099119889e-08 2.699630562652544e-06 3.032832657456908e-06
32 4.013377881695313e-06 4.179523303247267e-08 3.941544464147739e-06 4.097542343650673e-06
64 6.453722386445815e-06 4.738361974546362e-08 6.382506998470205e-06 6.544837559019356e-06
128 1.116541548662475e-05 1.068762886993679e-07 1.097740244837553e-05 1.141625868505969e-05
256 2.051713718320691e-05 2.867260493305404e-07 2.012624883107605e-05 2.104187350226994e-05
512 3.889312925675625e-05 3.868817069896095e-07 3.812036417372155e-05 3.947265705761538e-05
1024 7.573445982433924e-05 8.181986592915603e-07 7.427869341825044e-05 7.711401708832e-05
2048 0.0001515188997149863 1.709472743838548e-06 0.0001472463147536018 0.0001538586561196098
4096 0.0003021859508400837 3.252588930621344e-06 0.0002953569891701591 0.0003063759383508113
8192 0.0006024159116577721 8.949068535917945e-06 0.0005843457829541876 0.0006124746668092484
16384 0.001203260645866067 1.508175279499625e-05 0.001179992385687001 0.001221662306761573
32768 0.002401993154222737 3.271547889129312e-05 0.002342203292755585 0.002443773189497733
65536 0.00480917392695801 6.128241846370442e-05 0.004727805124275619 0.004893391357654764
131072 0.009639089690494984 0.0001538979950170872 0.009381656986079179 0.009881842039249022
262144 0.01920642536833839 0.0003584369892961192 0.01869818963677972 0.02003309452993562
524288 0.03880818359493787 0.0004868286553037391 0.03747343632858247 0.03938000217749504
1048576 0.07742106840123597 0.0008490024157508129 0.07608499548223335 0.07868224359117448


16 5735145.626205188 144199.5791186643 5275596.053959775 5926736.873314647
32 7974141.54248691 82779.17253732079 7809559.320255823 8118644.935017675
64 9917256.999376301 72567.7535255338 9778699.535758901 10027407.7279257
128 11464951.63281296 109279.874963368 11212079.5026756 11660317.69373108
256 12479647.47500257 173519.0135865755 12166217.0420511 12719707.58926133
512 13165504.2848198 131409.1008635469 12971004.18785264 13431141.36231021
1024 13522404.3837646 146010.9943484033 13279038.47658715 13785918.31487979
2048 13518091.02412467 153691.2635702119 13310918.29118723 13908667.27922577
4096 13556044.57078983 146344.1963161585 13369196.09956424 13867963.6852617
8192 13601423.80794862 204325.8997418304 13375247.0819358 14019096.63587364
16384 13618342.09665499 170814.5749180585 13411234.76538398 13884835.35888336
32768 13644388.41051501 186754.785365963 13408773.01577025 13990245.89426168
65536 13629368.07824066 174091.2539680927 13392756.72228456 13861823.4629629
131072 13601231.66091416 218293.6984167742 13263923.81900095 13971092.76053144
262144 13653186.17474326 252723.1854862049 13085546.99865645 14019752.98637241
524288 13511753.32068788 172248.8429765532 13313559.44666811 13990924.00821819
1048576 13545335.90143029 148734.2266223407 13326717.08560196 13781639.77475498
