16 2.550109879706497e-06 1.723926636649791e-08 2.511588802267539e-06 2.574200105964763e-06
32 2.981100349686017e-06 1.816258381457983e-08 2.953468122957048e-06 3.016368636199473e-06
64 3.888385793737736e-06 2.210817566914568e-08 3.838951638357457e-06 3.923806081829184e-06
128 5.668690890803241e-06 1.765772554890803e-08 5.625550174137572e-06 5.6995320489861e-06
256 9.289186271188576e-06 2.655588453612793e-07 9.199080055921627e-06 1.028279157821999e-05
512 1.633715082904885e-05 2.140235645067646e-08 1.629849543860473e-05 1.637630978379434e-05
1024 3.062769805195487e-05 2.540961220407027e-08 3.059167693209019e-05 3.067096361064614e-05
2048 5.907947874383979e-05 3.841193947014964e-08 5.901758032678117e-05 5.91357427595085e-05
4096 0.0001167245731226174 1.050367393564004e-07 0.0001165643279250617 0.0001169312718189985
8192 0.0002338264377037547 1.524815278842154e-07 0.0002335917962739131 0.0002340649490975011
16384 0.0004664234868450023 2.88839350149571e-07 0.0004661250005710826 0.0004672720096436933
32768 0.0009312852002238969 1.419249581718183e-07 0.0009310223571219467 0.0009315733173025365
65536 0.001861125447945255 5.144256431544983e-07 0.001860683546283326 0.00186288691156733
131072 0.003726346477634479 9.204393693089465e-07 0.003725097677943268 0.003729355240920995
262144 0.007486665140334026 5.180195953693774e-06 0.007482203365725582 0.007505031904656789
524288 0.01498245433288048 4.929285644324186e-06 0.01497551527609176 0.01498918855759257
1048576 0.03010351644729781 0.000518426180294838 0.02995899949746672 0.032047158369096


16 6274508.968539238 42528.20513892474 6215523.013508498 6370469.555189412
32 10734663.4880032 65136.09533487281 10608782.89741103 10834719.95220358
64 16459772.21534716 93817.39072520983 16310693.91945199 16671218.0899948
128 22580375.12207837 70482.58664976098 22457984.0765647 22753330.08111035
256 27578148.80761997 717245.048903065 24895963.12952938 27828869.67433312
512 31339664.34466185 41033.80738984185 31264674.81133416 31413942.58928178
1024 33433810.75784586 27731.98103318569 33386626.28925559 33473156.84174998
2048 34665180.78859293 22536.08073323914 34632185.28139143 34701524.33665012
4096 35091180.8830646 31571.89460835994 35029123.82874209 35139395.32713034
8192 35034546.76420319 22849.99672590848 34998832.72393585 35069724.75349238
16384 35126888.64474063 21728.14788312258 35063088.86871528 35149369.76117308
32768 35185784.8761818 5362.082076859509 35174901.8476431 35195717.64237236
65536 35213104.39499258 9726.158800480673 35179805.9200822 35221464.78422228
131072 35174401.5968357 8683.701952724085 35146021.63982391 35186191.43226563
262144 35014804.65744036 24179.16262361344 34929098.68075878 35035668.93153789
524288 34993469.13091651 11512.801907798 34977743.99098002 35009680.15685043
1048576 34841479.77634104 565938.0870836467 32719780.8905008 35000367.75556092
