16 9.19108543420144e-05 1.585466930267514e-08 9.187280272726639e-05 9.195385740667916e-05
32 9.226404571549551e-05 9.983285287387768e-08 9.223339844766087e-05 9.303125000315049e-05
64 9.299520873717881e-05 7.174546163084331e-08 9.295996096625458e-05 9.348144533305458e-05
128 9.444247436363185e-05 4.980840980655613e-08 9.441015617994708e-05 9.465039079259441e-05
256 9.728082282833839e-05 4.659056366334211e-08 9.722656250232831e-05 9.74648437477299e-05
512 0.0001029669190160121 8.463378286214178e-08 0.0001028828128255554 0.0001035390623655985
1024 0.0001144575196292408 2.264186108713594e-07 0.0001142656255979091 0.0001161406253231689
2048 0.0001372646485151563 1.008350558022373e-07 0.0001371562502754387 0.0001376562504447065
4096 0.0001839726568277911 3.382957259841243e-07 0.000183312498847954 0.0001843125064624473
8192 0.0002773085939224984 8.395504152706796e-07 0.000276374994427897 0.0002806249976856634
16384 0.0004628398442036996 1.475571363114844e-06 0.0004612499906215817 0.0004647500172723085
32768 0.0008341875027326751 2.970089182497266e-06 0.0008314999868161976 0.0008394999895244837
65536 0.00157687500177417 3.676390100525686e-06 0.001571499975398183 0.001594499975908548
131072 0.00307389062436414 3.402228807608195e-06 0.003069499973207712 0.003080499998759478
262144 0.006135640624961525 1.026917642948538e-05 0.00612950004870072 0.006210999970789999
524288 0.0121609453108249 2.046389072088663e-05 0.01214599999366328 0.01224899996304885
1048576 0.02414171875079774 3.388517791079722e-05 0.02411699999356642 0.02434599999105558
