16 1.550384519433123e-06 5.220159342050955e-08 1.49951171124485e-06 1.923095709344125e-06
32 1.992805481521032e-06 2.155247728595691e-08 1.958984398697794e-06 2.070800803721795e-06
64 2.988723757368916e-06 2.303549661668909e-08 2.917968686233507e-06 3.036132852685114e-06
128 4.855621341448568e-06 4.896658303505321e-08 4.791015726368641e-06 5.113281304147677e-06
256 8.563476562528649e-06 4.423793417542258e-08 8.449218967143679e-06 8.660156254336471e-06
512 1.600024421577473e-05 6.790786786349986e-08 1.578906267241109e-05 1.611718744243262e-05
1024 3.075537102859016e-05 1.153659184844938e-07 3.040625051653478e-05 3.093750092375558e-05
2048 6.041406254553294e-05 3.008749625050264e-07 5.96249992668163e-05 6.165625018184073e-05
4096 0.0001199277344312577 8.420099856709451e-07 0.0001182499981950969 0.0001254375019925646
8192 0.0002389355481682287 2.066359703867483e-06 0.0002353750023758039 0.0002528750046622008
16384 0.0004761562518069695 1.96522392674512e-06 0.0004697499971371144 0.0004795000131707639
32768 0.0009520937501292792 6.250637811674934e-06 0.0009384999866597354 0.0009905000333674252
65536 0.001902359373161744 5.155116886922642e-06 0.00188149994937703 0.001921000017318875
131072 0.003817179686848249 1.073466853749707e-05 0.00378099997760728 0.003877500013913959
262144 0.007672429686863325 1.63869103406479e-05 0.007593499962240458 0.007720499997958541
524288 0.01537249218836223 3.442953778375442e-05 0.01528049999615178 0.01552650000667199
1048576 0.03070305469100276 0.0001148434800442131 0.03035449999151751 0.03117049997672439
