16 0.0003255568351758775 5.335829813348447e-08 0.0003254890136759059 0.0003258405761812355
32 0.0003266461792028608 3.917611816419432e-08 0.0003265859375005675 0.0003267612304398426
64 0.0003289643859893943 6.188467863108547e-08 0.000328861328171115 0.0003292392578941872
128 0.0003335078735595687 1.030180932127743e-07 0.0003334003906729777 0.0003341054689371958
256 0.0003426030883701969 1.183221098064777e-07 0.0003424375004215108 0.0003430312503951427
512 0.0003607127684404077 3.501438745755026e-07 0.0003604062494559912 0.0003632109373938874
1024 0.0003968081051937133 3.978595283907964e-07 0.000396453124267282 0.000398218749978696
2048 0.0004689770508434776 4.01789690265901e-07 0.0004684999985329341 0.0004700937497545965
4096 0.000613660156318474 1.05760917769816e-06 0.000613187497947365 0.000620687504124362
8192 0.0009054179699887754 1.556670640121491e-06 0.0009033750102389604 0.0009116250002989545
16384 0.001486453126290144 3.546425078551181e-06 0.001482749998103827 0.001497999997809529
32768 0.002648132811373216 7.279697374501302e-06 0.002640499966219068 0.002675499999895692
65536 0.004995976556529058 1.548282114730713e-05 0.004987499967683107 0.005100000009406358
131072 0.01010210156528046 3.734738449374714e-05 0.01007050002226606 0.01027299999259412
262144 0.02104223437436303 4.594509406614212e-05 0.02099300001282245 0.02125349995912984
524288 0.04180135937531304 5.519248226945427e-05 0.04173900000751019 0.04200099996523932
1048576 0.08324724218437041 8.587574349389963e-05 0.08312949998071417 0.08356200001435354
