16 5.214374539264099e-06 7.234054678645266e-09 5.206054709105956e-06 5.233154297457077e-06
32 7.352775573288284e-06 1.83757630509529e-08 7.288574238373258e-06 7.385253866232233e-06
64 1.149581909842823e-05 2.622383006756737e-08 1.143457029684214e-05 1.154296876393346e-05
128 1.992620849833315e-05 3.728838069469946e-08 1.986328129532922e-05 2.004296879931644e-05
256 3.665606692493384e-05 7.080142449317946e-08 3.65351561413263e-05 3.687500020532752e-05
512 7.014318849485335e-05 1.383612264864374e-07 6.994531304371776e-05 7.089843711582944e-05
1024 0.0001371008300168342 2.057301617473705e-07 0.000136765625939006 0.0001379687491862569
2048 0.0002711015624754509 4.864226073851933e-07 0.000270437500148546 0.0002728125000430737
4096 0.0005392119140879004 1.036392895706341e-06 0.0005378749992814846 0.0005426250063464977
8192 0.001077863280670499 2.324679005945023e-06 0.001075374995707534 0.001090625009965152
16384 0.002152316405499732 4.315725477371788e-06 0.002145999984350055 0.002167750004446134
32768 0.004296164060178853 1.088360241418457e-05 0.004282500012777746 0.00434549996862188
65536 0.008659867186906922 2.187214340862044e-05 0.008634499972686172 0.008721499994862825
131072 0.0177484999940134 6.392623865271422e-05 0.01768300001276657 0.01798500004224479
262144 0.03665730468583206 0.0001237544446022019 0.03656600002432242 0.0372314999694936
524288 0.07336960156226269 9.904044550531119e-05 0.07322999997995794 0.07379350002156571
1048576 0.146630031254972 0.0001100473912634551 0.1464810000034049 0.1470585000352003
