16 0.0001301127886108588 2.140212278492466e-07 0.0001297705457545817 0.0001310283550992608
32 0.0001321481413469883 2.249774365229691e-07 0.0001315595582127571 0.0001333802938461304
64 0.0001362860057270154 2.015396441302241e-07 0.0001359893940389156 0.0001373516861349344
128 0.0001445282105123624 2.894675334954802e-07 0.0001441757194697857 0.0001461035571992397
256 0.0001609513419680297 3.857916121926464e-07 0.0001602964475750923 0.0001631602644920349
512 0.0001939210051205009 6.703384367283182e-07 0.0001932978630065918 0.0001963675022125244
1024 0.0002597192069515586 1.03883379132665e-06 0.0002584829926490784 0.0002646259963512421
2048 0.0003918382572010159 1.633773149250567e-06 0.0003904327750205994 0.0003973096609115601
4096 0.0006556843873113394 2.017203527941819e-06 0.0006539970636367798 0.0006626248359680176
8192 0.001186357345432043 4.235242948391345e-06 0.001180499792098999 0.001199632883071899
16384 0.002296032384037971 1.240649163333902e-05 0.002273976802825928 0.00232774019241333
32768 0.004421798512339592 1.775228527627704e-05 0.00439751148223877 0.004485011100769043
65536 0.008815795183181763 3.718260459772577e-05 0.008768081665039062 0.008911013603210449
131072 0.01772228255867958 4.200764088742711e-05 0.01766598224639893 0.01784396171569824
262144 0.03602775931358337 6.753527612299839e-05 0.03594589233398438 0.03626608848571777
524288 0.07184232026338577 0.0001031132777731947 0.07168054580688477 0.07220447063446045
1048576 0.1431459523737431 0.0001924997017928107 0.1428788900375366 0.1436864137649536
