16 3.739536896318896e-05 1.977147658514927e-07 3.68222245015204e-05 3.783131251111627e-05
32 4.141770659771282e-05 2.123389389344596e-07 4.085793625563383e-05 4.196981899440289e-05
64 4.978956349077635e-05 1.908918388694993e-07 4.919525235891342e-05 5.023623816668987e-05
128 6.649315037066117e-05 1.94571205820377e-07 6.599025800824165e-05 6.709014996886253e-05
256 9.97723254840821e-05 2.022728841989778e-07 9.918771684169769e-05 0.0001002224162220955
512 0.0001664861338213086 4.141044836719458e-07 0.0001656655222177505 0.0001687109470367432
1024 0.0002996503026224673 3.837153733131194e-07 0.0002990774810314178 0.0003012195229530334
2048 0.0005670698592439294 5.732369134227303e-07 0.0005659684538841248 0.000568687915802002
4096 0.001101397909224033 1.333738492255208e-06 0.001099690794944763 0.001108258962631226
8192 0.002169615123420954 2.611286782003223e-06 0.002166002988815308 0.002178370952606201
16384 0.004319595173001289 6.934291393804416e-06 0.004310727119445801 0.004338502883911133
32768 0.008620621636509895 1.663396288673575e-05 0.008603453636169434 0.008681535720825195
65536 0.01739329472184181 3.730564225446924e-05 0.0173569917678833 0.01755356788635254
131072 0.03506452776491642 8.045416584694979e-05 0.03499948978424072 0.03540408611297607
262144 0.07067941874265671 8.891031253079537e-05 0.07058048248291016 0.07107603549957275
524288 0.1410967316478491 0.0001334485907565277 0.1409295797348022 0.1418999433517456
1048576 0.2817616183310747 0.0001534404243087676 0.2814524173736572 0.2822810411453247
