16 1.396381230733823e-05 2.489419457249759e-08 1.392402919009328e-05 1.403683563694358e-05
32 1.747265196172521e-05 3.611220924692053e-08 1.740618608891964e-05 1.757428981363773e-05
64 2.449333260301501e-05 4.615672525394217e-08 2.440926618874073e-05 2.462207339704037e-05
128 3.845458559226245e-05 5.603022701435761e-08 3.83397564291954e-05 3.859726712107658e-05
256 6.644357927143574e-05 9.73394936287708e-08 6.629619747400284e-05 6.669946014881134e-05
512 0.0001223207218572497 1.409473292418584e-07 0.00012209452688694 0.0001229066401720047
1024 0.0002343141823075712 4.109278823705632e-07 0.0002339370548725128 0.0002361536026000977
2048 0.0004579438827931881 6.66606257048131e-07 0.0004572793841362 0.0004603713750839233
4096 0.0009052015375345945 1.205869096864669e-06 0.0009041279554367065 0.0009116828441619873
8192 0.00179967237636447 2.259732568211655e-06 0.001797497272491455 0.001809120178222656
16384 0.003590351901948452 5.328980942871358e-06 0.003585219383239746 0.003608763217926025
32768 0.007172958925366402 1.432712420935457e-05 0.007160544395446777 0.007222533226013184
65536 0.0144587904214859 2.403169038962955e-05 0.01443243026733398 0.01454448699951172
131072 0.02922279201447964 7.294358357529277e-05 0.02915799617767334 0.02963995933532715
262144 0.05918149463832378 8.450305369780995e-05 0.05905997753143311 0.05936205387115479
524288 0.1184302885085344 9.341558190516324e-05 0.1182465553283691 0.1186155080795288
1048576 0.236539464443922 0.0001466836128454804 0.2362143993377686 0.236860990524292
