16 5.327842063707067e-05 3.939803563997422e-08 5.310546839609742e-05 5.338276969268918e-05
32 6.151486559247132e-05 3.817605609016027e-08 6.142864003777504e-05 6.165332160890102e-05
64 7.874282891862094e-05 1.84588780107124e-07 7.853121496737003e-05 7.916009053587914e-05
128 0.0001118074724217877 2.383058973891151e-07 0.0001113340258598328 0.0001122970134019852
256 0.000178607486304827 1.418113465692453e-07 0.0001783007755875587 0.0001790467649698257
512 0.0003114768769592047 2.480093011527628e-07 0.0003109220415353775 0.000312531366944313
1024 0.000577030295971781 6.723653451613365e-07 0.000576309859752655 0.0005805008113384247
2048 0.001107560587115586 9.388090485171765e-07 0.001106284558773041 0.001110568642616272
4096 0.002169913379475474 1.525533235289264e-06 0.002167627215385437 0.002174243330955505
8192 0.004294263664633036 3.986772649338002e-06 0.004289865493774414 0.004310637712478638
16384 0.008546290919184685 1.2722635983031e-05 0.008534729480743408 0.008616983890533447
32768 0.01705676130950451 2.594195486479693e-05 0.01703059673309326 0.01719295978546143
65536 0.03429378382861614 3.922303445650611e-05 0.034248948097229 0.03447544574737549
131072 0.0688750185072422 8.046182283971863e-05 0.06876492500305176 0.06917798519134521
262144 0.1383312419056892 0.000109451520904328 0.138142466545105 0.1387779712677002
524288 0.2764742653816938 0.0001082151816542281 0.2762099504470825 0.2767899036407471
1048576 0.5525728911161423 0.0001259010128034166 0.5522750616073608 0.5528410673141479
