16 0.0004346570203779265 3.635185601627239e-07 0.0004343513282947242 0.0004370315000414848
32 0.0004362621912150644 3.794068463869376e-07 0.0004359736340120435 0.000438984832726419
64 0.0004396018593979534 1.931810450710535e-07 0.0004392617847770452 0.000440201023593545
128 0.0004463701116037555 3.124553914690477e-07 0.0004458730109035969 0.0004472029395401478
256 0.0004598647792590782 4.126411313487213e-07 0.0004593050107359886 0.000461292453110218
512 0.0004869444237556309 6.355637538031305e-07 0.0004862267524003983 0.0004892498254776001
1024 0.0005406315322034061 1.121592984969212e-06 0.0005395151674747467 0.0005473271012306213
2048 0.0006474240217357874 1.274084531449878e-06 0.0006461292505264282 0.0006518736481666565
4096 0.0008596624247729778 2.150230239498204e-06 0.0008575022220611572 0.0008663088083267212
8192 0.001287169754505157 3.798293633059849e-06 0.001283854246139526 0.00130164623260498
16384 0.002140408381819725 6.606231346362019e-06 0.002132713794708252 0.002161979675292969
32768 0.003827057778835297 1.495778021985932e-05 0.0037994384765625 0.003881573677062988
65536 0.007381157949566841 3.07965671642263e-05 0.007336020469665527 0.007456541061401367
131072 0.01456839963793755 4.102100094640263e-05 0.01451849937438965 0.0147165060043335
262144 0.02943054959177971 6.358577060782852e-05 0.02934896945953369 0.02959597110748291
524288 0.05836362019181252 6.267750686546079e-05 0.05825197696685791 0.05853950977325439
1048576 0.1160099748522043 0.0002562941991836695 0.1158180236816406 0.1177510023117065
