16 5.276009778754087e-05 5.362398772481812e-08 5.265919025987387e-05 5.287938984110951e-05
32 5.693031744158361e-05 6.441107679361684e-08 5.678320303559303e-05 5.707168020308018e-05
64 6.534977001138031e-05 8.218915439294491e-08 6.511714309453964e-05 6.558513268828392e-05
128 8.212019747588784e-05 9.662580690367049e-08 8.195079863071442e-05 8.2443468272686e-05
256 0.0001157290389528498 1.171368115069875e-07 0.0001155436038970947 0.0001161284744739532
512 0.0001829461543820798 4.75124459711609e-07 0.0001826174557209015 0.0001863893121480942
1024 0.0003175131278112531 3.491620673849635e-07 0.0003171898424625397 0.0003194212913513184
2048 0.0005862645339220762 1.254623049148459e-06 0.0005853399634361267 0.0005955323576927185
4096 0.001123869093134999 1.415939680859126e-06 0.001122251152992249 0.001130566000938416
8192 0.002201284747570753 2.65912386571301e-06 0.002197235822677612 0.002209752798080444
16384 0.004363225772976875 7.756899408867937e-06 0.004355490207672119 0.00439000129699707
32768 0.00868423655629158 1.557820412120257e-05 0.00866401195526123 0.008726954460144043
65536 0.01750259846448898 2.44786532993401e-05 0.0174715518951416 0.01756095886230469
131072 0.03530565649271011 5.224016547373831e-05 0.03525245189666748 0.03547704219818115
262144 0.07142451591789722 6.503866840218047e-05 0.071319580078125 0.071555495262146
524288 0.1427597496658564 0.0001786942066088074 0.1425689458847046 0.1439989805221558
1048576 0.2851093076169491 0.0001044973485959377 0.2848894596099854 0.2854294776916504
