16 5.25377308804309e-05 1.319909522754049e-07 5.195115227252245e-05 5.287909880280495e-05
32 5.456283724925015e-05 1.179324507507277e-07 5.390029400587082e-05 5.484628491103649e-05
64 5.850180241395719e-05 1.142156902129043e-07 5.788076668977737e-05 5.870102904736996e-05
128 6.63311147945933e-05 1.369021681355874e-07 6.573600694537163e-05 6.658397614955902e-05
256 8.196529233828187e-05 2.049762778937585e-07 8.130073547363281e-05 8.321087807416916e-05
512 0.000113358604721725 1.866962296001967e-07 0.0001125074923038483 0.0001138746738433838
1024 0.0001760036684572697 2.278003812456183e-07 0.0001751743257045746 0.0001764558255672455
2048 0.0003008593339473009 5.749645817576807e-07 0.0002995356917381287 0.0003038421273231506
4096 0.0005507457535713911 9.190882798748915e-07 0.0005493760108947754 0.0005543678998947144
8192 0.001052657142281532 1.483135248541457e-06 0.00104975700378418 0.001058876514434814
16384 0.002060474827885628 4.614292092394774e-06 0.002054452896118164 0.002078473567962646
32768 0.004080688580870628 8.944888360710409e-06 0.00406801700592041 0.004117012023925781
65536 0.008258774876594543 1.758870126617259e-05 0.008235454559326172 0.008311986923217773
131072 0.01681648567318916 4.127271474350622e-05 0.01677298545837402 0.01695895195007324
262144 0.03439205698668957 6.337731531424897e-05 0.0343245267868042 0.03458297252655029
524288 0.06866172887384892 8.231711694375601e-05 0.06855154037475586 0.06905949115753174
1048576 0.136894479393959 0.0001026599665686731 0.1367124319076538 0.1371721029281616
