16 6.658347956545185e-05 4.452664005160938e-08 6.647262489423156e-05 6.669311551377177e-05
32 6.917811697348952e-05 5.658335550675664e-08 6.907130591571331e-05 6.93085603415966e-05
64 7.440131594194099e-05 5.816346498224932e-08 7.428321987390518e-05 7.458776235580444e-05
128 8.47389965201728e-05 7.931091799793194e-08 8.456455543637276e-05 8.494919165968895e-05
256 0.0001055064058164135 1.016743225630424e-07 0.0001052618026733398 0.0001058559864759445
512 0.0001470095303375274 2.070095215317651e-07 0.0001466572284698486 0.0001478046178817749
1024 0.0002301149652339518 2.871604967001613e-07 0.0002297200262546539 0.0002309046685695648
2048 0.00039626972284168 7.429936413500563e-07 0.0003955885767936707 0.0003995001316070557
4096 0.0007279536221176386 9.782983713098626e-07 0.0007271170616149902 0.0007318258285522461
8192 0.001392558682709932 2.26473368907551e-06 0.001390755176544189 0.001398622989654541
16384 0.002726543694734573 2.097087934088091e-05 0.00272071361541748 0.002888500690460205
32768 0.005389008671045303 1.04527090899302e-05 0.005380988121032715 0.00542747974395752
65536 0.01089091040194035 2.209439228172575e-05 0.01086759567260742 0.01096451282501221
131072 0.02209023013710976 9.566160574410942e-05 0.02202701568603516 0.02274203300476074
262144 0.04486569762229919 5.90394485922298e-05 0.04478549957275391 0.04501652717590332
524288 0.08959812857210636 7.887934497518861e-05 0.08945953845977783 0.08978152275085449
1048576 0.1787696816027164 0.0001074552635276241 0.1785320043563843 0.1790424585342407
