16 2.21468117160839e-05 4.185570859502493e-08 2.207938814535737e-05 2.232711995020509e-05
32 2.468791171850171e-05 4.203827282965465e-08 2.460402902215719e-05 2.482370473444462e-05
64 2.97920050797984e-05 4.275842635691251e-08 2.970104105770588e-05 2.990337088704109e-05
128 3.995354927610606e-05 4.455314732546313e-08 3.986898809671402e-05 4.015024751424789e-05
256 6.030681834090501e-05 7.918223060967421e-08 6.014853715896606e-05 6.057042628526688e-05
512 0.0001009853731375188 1.242517651282947e-07 0.0001008454710245132 0.0001015141606330872
1024 0.0001823303755372763 1.571125204270443e-07 0.0001821853220462799 0.0001830011606216431
2048 0.0003450913354754448 5.100135292202297e-07 0.0003447234630584717 0.0003474056720733643
4096 0.0006705659907311201 1.056318137759171e-06 0.0006698668003082275 0.0006743818521499634
8192 0.001322071067988873 2.035707664063025e-06 0.001320749521255493 0.001331746578216553
16384 0.002632654272019863 4.522759593608876e-06 0.002629458904266357 0.002646028995513916
32768 0.005242638289928436 7.096100414434795e-06 0.005236506462097168 0.005267024040222168
65536 0.01064085960388184 2.215568779208224e-05 0.01062047481536865 0.01072299480438232
131072 0.02154271304607391 3.946052142056036e-05 0.02150249481201172 0.02169108390808105
262144 0.04390329122543335 9.944456023639301e-05 0.04382789134979248 0.04459547996520996
524288 0.08786850981414318 7.023014791315499e-05 0.08774900436401367 0.08812105655670166
1048576 0.1754652503877878 7.647967680020343e-05 0.1753305196762085 0.1756339073181152
