16 2.666798263817327e-05 3.193011590782552e-08 2.659379970282316e-05 2.675957512110472e-05
32 3.280027704022359e-05 3.599348142065726e-08 3.272504545748234e-05 3.289850428700447e-05
64 4.501704461290501e-05 4.126733465090019e-08 4.491419531404972e-05 4.511140286922455e-05
128 6.950548413442448e-05 8.306765410708872e-08 6.936118006706238e-05 6.978306919336319e-05
256 0.0001183802960440516 1.029258092890096e-07 0.0001182695850729942 0.000118832103908062
512 0.000216062820982188 1.831425821310247e-07 0.0002157744020223618 0.0002166889607906342
1024 0.0004115879419259727 7.822876418678259e-07 0.0004109218716621399 0.0004166401922702789
2048 0.000802481546998024 9.66551973161812e-07 0.0008014068007469177 0.0008055642247200012
4096 0.001584565034136176 1.932612277757427e-06 0.001582428812980652 0.001590624451637268
8192 0.003147300332784653 2.9479824062642e-06 0.003143608570098877 0.003156125545501709
16384 0.006272354163229465 6.244667115368835e-06 0.00626450777053833 0.006291508674621582
32768 0.01255190186202526 1.397771320095463e-05 0.01253390312194824 0.01259505748748779
65536 0.02521154657006264 3.58403871974586e-05 0.02517497539520264 0.02532899379730225
131072 0.0509161688387394 8.697694272065378e-05 0.05082952976226807 0.05148053169250488
262144 0.1023875325918198 7.354463603013433e-05 0.102231502532959 0.1026089191436768
524288 0.2047069296240807 0.000149651158401949 0.2044624090194702 0.2055414915084839
1048576 0.4090140070766211 0.0001431271871217194 0.4087589979171753 0.4094905853271484
