16 0.0003802151277341181 1.326727725074305e-07 0.0003800851991400123 0.0003809550544247031
32 0.0003817185952357249 7.748981074846626e-08 0.0003816196694970131 0.0003822158323600888
64 0.0003848303858831059 5.772847146155968e-08 0.0003847149200737476 0.0003849775530397892
128 0.0003911150342901237 3.654323494991916e-07 0.0003909333609044552 0.0003939219750463963
256 0.0004034782468806952 1.992855510649024e-07 0.0004032384604215622 0.0004044994711875916
512 0.0004282062873244286 1.892928611246036e-07 0.0004279837012290955 0.0004288367927074432
1024 0.0004776718560606241 3.256234780049483e-07 0.0004773885011672974 0.0004785135388374329
2048 0.0005767848342657089 5.204734918800082e-07 0.0005759671330451965 0.0005782768130302429
4096 0.0007750524673610926 9.782524357804063e-07 0.000773996114730835 0.0007774382829666138
8192 0.001171221025288105 2.302253898959227e-06 0.001168370246887207 0.001187145709991455
16384 0.001963399350643158 3.519879717852713e-06 0.001958250999450684 0.001978695392608643
32768 0.003562716767191887 8.623831776269176e-06 0.003550529479980469 0.003591537475585938
65536 0.006858175620436668 1.984111811053898e-05 0.006837964057922363 0.006921052932739258
131072 0.01384412124752998 3.049228681052303e-05 0.0138094425201416 0.01395940780639648
262144 0.0279318168759346 5.405659340430788e-05 0.02786743640899658 0.02810657024383545
524288 0.05565178021788597 6.377932706136737e-05 0.05558145046234131 0.05583405494689941
1048576 0.1106197368353605 7.270215696070451e-05 0.1104849576950073 0.1107635498046875
