16 3.591465247154702e-05 3.774840053508827e-08 3.581686178222299e-05 3.598583862185478e-05
32 4.720346078102011e-05 4.126683108058894e-08 4.712014924734831e-05 4.732562229037285e-05
64 6.968658999539912e-05 5.702092159282938e-08 6.953044794499874e-05 6.983382627367973e-05
128 0.0001147356670117006 7.171111679554298e-08 0.0001145778223872185 0.000114908441901207
256 0.0002046844310825691 1.05952922686674e-07 0.0002044998109340668 0.000204937532544136
512 0.0003847555199172348 2.230577958462787e-07 0.0003844685852527618 0.0003855861723423004
1024 0.0007448417018167675 4.680021259437473e-07 0.0007442198693752289 0.0007469393312931061
2048 0.001464614062570035 9.796251447250177e-07 0.001463316380977631 0.001468688249588013
4096 0.002904083579778671 1.472815489520149e-06 0.002901867032051086 0.002908751368522644
8192 0.005784121807664633 3.138730193891261e-06 0.005779504776000977 0.005795270204544067
16384 0.01155368890613317 1.010011991606862e-05 0.01154327392578125 0.01160329580307007
32768 0.02312084659934044 1.75610548189173e-05 0.02309846878051758 0.02319157123565674
65536 0.0463837031275034 5.035337782282881e-05 0.04633045196533203 0.04654109477996826
131072 0.09336642920970917 4.792522914699046e-05 0.0932915210723877 0.09349703788757324
262144 0.1874026078730822 9.229564181062709e-05 0.1871939897537231 0.1876335144042969
524288 0.3749326821416616 9.61637123377659e-05 0.3747620582580566 0.3751494884490967
1048576 0.7495601382106543 0.0001164266071412682 0.7493754625320435 0.7498469352722168
