16 4.917114256386412e-05 5.028643252644605e-08 4.905491368845105e-05 4.927103873342276e-05
32 5.805805085401516e-05 4.627647103618299e-08 5.798146594315767e-05 5.818158388137817e-05
64 7.591752364533022e-05 6.133339061576628e-08 7.579289376735687e-05 7.605087012052536e-05
128 0.0001116448474931531 6.672425679147502e-08 0.0001114392653107643 0.0001118495129048824
256 0.0001831471890909597 1.253094030763748e-07 0.0001829648390412331 0.0001835152506828308
512 0.00032608731999062 2.611287034417495e-07 0.0003257822245359421 0.00032757967710495
1024 0.0006120111793279648 9.260108923946146e-07 0.0006112344563007355 0.0006186105310916901
2048 0.001183614484034479 7.306894071784555e-07 0.001182436943054199 0.001185968518257141
4096 0.002327362773939967 1.45577667667627e-06 0.002324938774108887 0.002330809831619263
8192 0.004615873098373413 3.193317260008503e-06 0.004611104726791382 0.004625380039215088
16384 0.009191762655973434 6.836859295608161e-06 0.009182274341583252 0.009219765663146973
32768 0.01836082898080349 1.797026016621972e-05 0.01833701133728027 0.01841497421264648
65536 0.03689073584973812 0.0001071028124735615 0.03683245182037354 0.0376894474029541
131072 0.07414262928068638 6.97530019220055e-05 0.07403647899627686 0.07440650463104248
262144 0.1488346587866545 9.651456966307483e-05 0.1486514806747437 0.1492104530334473
524288 0.2975263334810734 0.0001566873709714503 0.2973434925079346 0.2983615398406982
1048576 0.5947174616158009 0.0002242073750563661 0.5942674875259399 0.5953409671783447
