16 0.0001162195512733888 8.662059165642607e-08 0.0001160578685812652 0.0001163972192443907
32 0.0001243025344592752 1.232269195799772e-07 0.0001241244608536363 0.0001249848864972591
64 0.000140468207973754 1.177732484599916e-07 0.0001402616035193205 0.0001410585828125477
128 0.0001730626681819558 1.55145417335897e-07 0.0001726015470921993 0.0001734783872961998
256 0.0002376165211899206 2.723115284527817e-07 0.0002373047173023224 0.0002394411712884903
512 0.0003670374571811408 3.667825367759845e-07 0.00036650151014328 0.000368751585483551
1024 0.0006263379473239183 5.103601849331643e-07 0.0006257481873035431 0.0006282627582550049
2048 0.001143237808719277 2.177267677140086e-06 0.001141816377639771 0.001159191131591797
4096 0.002175939036533237 2.874296985596875e-06 0.002173304557800293 0.002193868160247803
8192 0.004241466522216797 4.185233023254576e-06 0.004236757755279541 0.004255115985870361
16384 0.008382196538150311 9.37352880396014e-06 0.008371472358703613 0.008410036563873291
32768 0.01674580574035645 1.723285303211203e-05 0.01672589778900146 0.01680302619934082
65536 0.03356490470468998 3.011345468988075e-05 0.03352844715118408 0.03364551067352295
131072 0.06716975755989552 5.427944679966239e-05 0.06708598136901855 0.06730151176452637
262144 0.1347058154642582 8.374952118050339e-05 0.1345620155334473 0.1349810361862183
524288 0.2692048288881779 0.0001471216072467317 0.2689480781555176 0.2699199914932251
1048576 0.5377954076975584 0.0002169505722153407 0.5374529361724854 0.5389529466629028
