16 0.0001866618003987242 4.960673526640842e-07 0.0001856052549555898 0.0001879123155958951
32 0.0001957881231646752 4.816081594423883e-07 0.0001947402488440275 0.0001968862488865852
64 0.0002141573786502704 5.034544492171136e-07 0.0002130332868546247 0.0002157462295144796
128 0.0002507835233700462 5.049845237450443e-07 0.0002496521919965744 0.000251824501901865
256 0.0003239937504986301 5.188066744850295e-07 0.0003228317946195602 0.0003252271562814713
512 0.0004704610037151724 5.604598086502833e-07 0.0004692655056715012 0.0004722345620393753
1024 0.0007632743800058961 6.117283389368168e-07 0.0007616281509399414 0.0007644705474376678
2048 0.001348997233435512 7.273799375334374e-07 0.001347184181213379 0.001351185142993927
4096 0.002520527690649033 1.099116273402698e-06 0.002518370747566223 0.002523809671401978
8192 0.00486336275935173 3.347486786676124e-06 0.004858642816543579 0.004875868558883667
16384 0.009540344588458538 6.031227553199943e-06 0.009532034397125244 0.009561240673065186
32768 0.01892058737576008 2.582167101703685e-05 0.01889753341674805 0.01908445358276367
65536 0.0377678107470274 3.669285850620639e-05 0.03772354125976562 0.03789806365966797
131072 0.07598714344203472 6.837974533520018e-05 0.0758979320526123 0.07620954513549805
262144 0.1524483691900969 0.0001009106116157243 0.15226149559021 0.152925968170166
524288 0.304926086217165 8.447938744046953e-05 0.3046979904174805 0.3053189516067505
1048576 0.6093460358679295 0.0001789145098120262 0.6090984344482422 0.6105450391769409
