16 2.237915214209352e-05 7.918883874637688e-07 2.151785884052515e-05 2.362084342166781e-05
32 2.54356436926173e-05 8.126498228072498e-07 2.455816138535738e-05 2.668064553290606e-05
64 3.15380202664528e-05 8.292189135848859e-07 3.047077916562557e-05 3.291689790785313e-05
128 4.389524110592902e-05 8.307911348506329e-07 4.292977973818779e-05 4.517380148172379e-05
256 6.840820424258709e-05 8.688684333686687e-07 6.737560033798218e-05 6.993301212787628e-05
512 0.0001177295634988695 9.912030990377824e-07 0.0001165550202131271 0.0001197978854179382
1024 0.0002158228307962418 9.800927009033345e-07 0.0002145320177078247 0.0002175606787204742
2048 0.0004119046498090029 1.712458070497065e-06 0.0004102811217308044 0.0004214346408843994
4096 0.000804203562438488 1.90586029202703e-06 0.0008019357919692993 0.0008099973201751709
8192 0.001593769062310457 3.14434506508847e-06 0.001590371131896973 0.001606255769729614
16384 0.003168324939906597 7.206299682262779e-06 0.003159761428833008 0.003197014331817627
32768 0.006341079249978065 2.585439968740663e-05 0.006317496299743652 0.006512045860290527
65536 0.01277058385312557 3.5567131942967e-05 0.01273155212402344 0.01290857791900635
131072 0.02609632536768913 5.077400292531303e-05 0.02603304386138916 0.02624249458312988
262144 0.05264325253665447 7.890259587196189e-05 0.05253303050994873 0.05291903018951416
524288 0.1053983271121979 8.02813599762705e-05 0.1052209138870239 0.10555100440979
1048576 0.2103760186582804 0.0001267636838134859 0.2101844549179077 0.2109929323196411
