16 1.889145278255455e-05 2.981338562754578e-08 1.881079515442252e-05 1.894094748422503e-05
32 2.5666950023151e-05 3.313689879763694e-08 2.558401320129633e-05 2.573046367615461e-05
64 3.924197881133296e-05 4.093149749239416e-08 3.914046101272106e-05 3.93290538340807e-05
128 6.636492616962641e-05 5.765793334570659e-08 6.622076034545898e-05 6.652763113379478e-05
256 0.0001205167500302196 7.401831577031257e-08 0.0001203911378979683 0.0001207301393151283
512 0.0002288893447257578 1.923124561321178e-07 0.0002286173403263092 0.0002295225858688354
1024 0.0004455780726857483 4.338437967494197e-07 0.0004450008273124695 0.0004471875727176666
2048 0.0008790772408246994 6.023637037145682e-07 0.0008780360221862793 0.0008808448910713196
4096 0.001745471265166998 1.265655636288432e-06 0.001743808388710022 0.001750126481056213
8192 0.003479721955955029 2.838457642778446e-06 0.003475606441497803 0.003491014242172241
16384 0.006947257556021214 5.905186126868667e-06 0.006939291954040527 0.00696873664855957
32768 0.01389889232814312 1.29430031345544e-05 0.0138784646987915 0.01393342018127441
65536 0.02795658446848392 4.766186313101648e-05 0.02790749073028564 0.02821159362792969
131072 0.05631767027080059 6.507513226474337e-05 0.05622899532318115 0.05648148059844971
262144 0.1132279597222805 8.78433309192286e-05 0.1130619049072266 0.1134384870529175
524288 0.2266231719404459 0.0001097932388836846 0.2263704538345337 0.2268714904785156
1048576 0.4529467355459929 0.0001510366153383566 0.4526159763336182 0.4532485008239746
