16 1.787572273315163e-05 3.335891540458696e-08 1.776684075593948e-05 1.79458293132484e-05
32 2.358617166464683e-05 3.746715889832845e-08 2.347410190850496e-05 2.366409171372652e-05
64 3.507682049530558e-05 5.127875461919738e-08 3.49611509591341e-05 3.526569344103336e-05
128 5.797153426101431e-05 5.266084017999869e-08 5.782442167401314e-05 5.810335278511047e-05
256 0.0001038006303133443 2.254935515444005e-07 0.0001036329194903374 0.0001054303720593452
512 0.000195394066395238 2.027479625336347e-07 0.0001951009035110474 0.0001961085945367813
1024 0.0003785734297707677 3.955874695573757e-07 0.0003781095147132874 0.0003804229199886322
2048 0.0007450504926964641 7.220024825839612e-07 0.0007442161440849304 0.0007477477192878723
4096 0.001478033140301704 1.907031698104678e-06 0.001476362347602844 0.001488745212554932
8192 0.002943682949990034 2.978304479743627e-06 0.002940744161605835 0.002961128950119019
16384 0.005874327383935452 6.039441238793202e-06 0.005868732929229736 0.005893707275390625
32768 0.01174848526716232 2.181348395839451e-05 0.01172900199890137 0.01182544231414795
65536 0.02357746101915836 3.444463409518606e-05 0.02353751659393311 0.02374649047851562
131072 0.0477155577391386 5.313941133912545e-05 0.04764997959136963 0.04799354076385498
262144 0.09606057219207287 0.0001002039986933225 0.0959019660949707 0.09654748439788818
524288 0.1923304796218872 0.0001095853363203113 0.1921395063400269 0.1927714347839355
1048576 0.3844101652503014 0.0001487258257725778 0.3840816020965576 0.3849214315414429
