16 0.0001253962836926803 2.35851555884161e-06 0.0001197854289785028 0.0001294121029786766
32 0.0001275981339858845 2.279507584383527e-06 0.0001226186286658049 0.0001313741086050868
64 0.0001326582532783505 2.647013762367164e-06 0.0001272675581276417 0.0001409787219017744
128 0.0001424314614268951 2.599215071353475e-06 0.0001369924284517765 0.0001501427032053471
256 0.0001618824753677472 2.567196005614778e-06 0.0001561446115374565 0.0001697223633527756
512 0.0002007767325267196 2.44990616781853e-06 0.0001958198845386505 0.0002050865441560745
1024 0.0002782293013297021 2.792453751245247e-06 0.0002725943922996521 0.0002835467457771301
2048 0.0004329667426645756 3.031729936619345e-06 0.0004274696111679077 0.000438690185546875
4096 0.0007470373529940844 6.060439228245488e-06 0.0007393807172775269 0.0007814913988113403
8192 0.001368426717817783 7.367249885519899e-06 0.001358389854431152 0.00139772891998291
16384 0.00261419266462326 9.953131511662228e-06 0.002601742744445801 0.002641737461090088
32768 0.005107320845127106 1.480471529980707e-05 0.005089998245239258 0.005150556564331055
65536 0.01051392592489719 2.628093073672e-05 0.01047492027282715 0.01058149337768555
131072 0.02111016772687435 5.742535486275929e-05 0.02103602886199951 0.02131199836730957
262144 0.04237980954349041 8.222073420356537e-05 0.04225194454193115 0.04262995719909668
524288 0.08427903801202774 0.0001606507638838478 0.08403849601745605 0.0847935676574707
1048576 0.1679157242178917 0.0002510187713572485 0.167540431022644 0.1684684753417969
