16 1.986213192139985e-05 5.294666806884261e-08 1.970044104382396e-05 2.000952372327447e-05
32 2.267775198561139e-05 5.039954269420361e-08 2.252100966870785e-05 2.279144246131182e-05
64 2.834400947904214e-05 6.862308937101419e-08 2.815434709191322e-05 2.852641046047211e-05
128 3.970019315602258e-05 6.826981943216796e-08 3.950204700231552e-05 3.989459946751595e-05
256 6.222535739652812e-05 1.181869611245122e-07 6.198417395353317e-05 6.26835972070694e-05
512 0.0001075128093361855 1.751892646335587e-07 0.0001071393489837646 0.0001079756766557693
1024 0.0001978504005819559 3.952292014397613e-07 0.0001971237361431122 0.0001993738114833832
2048 0.000378500553779304 7.879274411820316e-07 0.0003772526979446411 0.0003818422555923462
4096 0.0007397499866783619 1.387023073521507e-06 0.0007369965314865112 0.0007456839084625244
8192 0.001463555730879307 2.415208215423154e-06 0.001459240913391113 0.001469254493713379
16384 0.002912431955337524 4.256238833713028e-06 0.002906978130340576 0.002928733825683594
32768 0.005811253562569618 1.053907325743785e-05 0.005798935890197754 0.005849957466125488
65536 0.01178717613220215 2.559691501710986e-05 0.01175045967102051 0.01186251640319824
131072 0.02376332692801952 5.605521995897614e-05 0.02367806434631348 0.02392899990081787
262144 0.04848066344857216 7.811838057983196e-05 0.04836595058441162 0.04885697364807129
524288 0.0970119908452034 0.0001172959812155102 0.09673202037811279 0.09744048118591309
1048576 0.1938519477844238 0.0001463863186934209 0.1935069561004639 0.1941460371017456
