16 3.620465940912254e-05 1.108745069792494e-07 3.588403342291713e-05 3.64289153367281e-05
32 4.141627687204164e-05 1.474560830877178e-07 4.101707600057125e-05 4.180415999144316e-05
64 5.187430724618025e-05 1.715994409406552e-07 5.151377990841866e-05 5.235360004007816e-05
128 7.283951708814129e-05 2.563591485230965e-07 7.240055128931999e-05 7.347064092755318e-05
256 0.0001151329051936045 3.794433335588859e-07 0.0001142891123890877 0.0001159645617008209
512 0.0001988577132578939 5.115327190659267e-07 0.0001976154744625092 0.0002000238746404648
1024 0.0003661027876660228 8.847146404175563e-07 0.0003637820482254028 0.0003679990768432617
2048 0.0007005854276940227 1.893192053641044e-06 0.000697307288646698 0.0007050633430480957
4096 0.001369182718917727 3.880720721818531e-06 0.001363486051559448 0.001380816102027893
8192 0.002708171959966421 8.385957974106715e-06 0.002699375152587891 0.002732127904891968
16384 0.005402474664151669 1.636344331360125e-05 0.005385041236877441 0.005441784858703613
32768 0.01078833639621735 3.456128056988313e-05 0.01075708866119385 0.01086056232452393
65536 0.02188008837401867 7.451235573510051e-05 0.02180004119873047 0.02207052707672119
131072 0.0439880732446909 0.0001334071753938718 0.04381644725799561 0.04433703422546387
262144 0.08841893449425697 0.0002641483918784805 0.08809852600097656 0.08906590938568115
524288 0.1767359972000122 0.0005139017889646745 0.176194429397583 0.1779909133911133
1048576 0.3532566577196121 0.001151690070488148 0.351999044418335 0.3557670116424561
