16 0.001834752959439356 3.180235250338587e-07 0.001834294467698783 0.001835706527344882
32 0.001838379315813654 3.164013777165313e-07 0.001837849617004395 0.001839221105910838
64 0.001845781513111433 3.106024110085475e-07 0.001845317427068949 0.001846635714173317
128 0.001860510667029303 2.793103744494988e-07 0.001860057003796101 0.001861066557466984
256 0.001890150713734329 3.993680517083094e-07 0.001889465376734734 0.001891921274363995
512 0.001949308410985395 4.093740567812587e-07 0.001948561519384384 0.001950446516275406
1024 0.002067433262709528 7.594479134238173e-07 0.002066344022750854 0.00206940621137619
2048 0.002303864806890488 8.574505277650864e-07 0.002302378416061401 0.002305872738361359
4096 0.002775999950245023 1.435556309085602e-06 0.002773866057395935 0.002780571579933167
8192 0.003722877707332373 2.796075915838592e-06 0.003717988729476929 0.003735512495040894
16384 0.005616967566311359 5.552418916388102e-06 0.00561147928237915 0.005638539791107178
32768 0.009409639984369278 1.119676156270529e-05 0.009392976760864258 0.009457945823669434
65536 0.01719599403440952 4.04402187793661e-05 0.01714849472045898 0.0173105001449585
131072 0.03274203836917877 7.048066431939251e-05 0.03264904022216797 0.0329594612121582
262144 0.0646356176584959 6.837346583622635e-05 0.06453144550323486 0.06482350826263428
524288 0.1274483110755682 8.601469089792507e-05 0.127253532409668 0.1277399063110352
1048576 0.2529318016022444 0.0001188511639407624 0.2527225017547607 0.2532600164413452
