16 1.427816096111201e-05 8.267906690691115e-08 1.413619611412287e-05 1.439283369109035e-05
32 1.696874460321851e-05 8.316424219145449e-08 1.675833482295275e-05 1.705705653876066e-05
64 2.229792517027818e-05 8.429179693927695e-08 2.213264815509319e-05 2.24551185965538e-05
128 3.289355663582683e-05 9.370707203498548e-08 3.26954759657383e-05 3.311317414045334e-05
256 5.409125878941268e-05 1.212042750274965e-07 5.378946661949158e-05 5.434826016426086e-05
512 9.656156180426478e-05 1.693899529561595e-07 9.618885815143585e-05 9.697675704956055e-05
1024 0.0001813135459087789 3.422813192594713e-07 0.0001806691288948059 0.0001824535429477692
2048 0.0003511987160891294 5.626188310164143e-07 0.0003496930003166199 0.0003527849912643433
4096 0.0006904990877956152 1.328924904809854e-06 0.0006880611181259155 0.0006943792104721069
8192 0.001369284931570292 2.883140408846797e-06 0.001364618539810181 0.001382499933242798
16384 0.002732796594500542 6.476441371322036e-06 0.002723753452301025 0.002759277820587158
32768 0.005450304597616196 1.166208306701003e-05 0.005432963371276855 0.005483508110046387
65536 0.01107518374919891 2.466091534694097e-05 0.01104044914245605 0.01116204261779785
131072 0.02231154404580593 7.311956647417633e-05 0.02219343185424805 0.02247047424316406
262144 0.04564159736037254 7.77466986012945e-05 0.04554259777069092 0.0460364818572998
524288 0.09126567468047142 9.526823285167182e-05 0.09112250804901123 0.09151458740234375
1048576 0.1823408640921116 0.0001031570029189429 0.182081937789917 0.1825644969940186
