16 5.002441685064696e-05 1.037351915619131e-07 4.992971662431955e-05 5.071336636319757e-05
32 5.943085488979705e-05 8.927247063891538e-08 5.930126644670963e-05 5.982525181025267e-05
64 7.842202467145398e-05 1.233025374898395e-07 7.820804603397846e-05 7.877824828028679e-05
128 0.0001163360866485164 2.512829281359839e-07 0.0001159743405878544 0.0001172851771116257
256 0.0001921007788041607 4.67786104236979e-07 0.0001914724707603455 0.0001927418634295464
512 0.000343969848472625 8.624873450750966e-07 0.0003427658230066299 0.0003455467522144318
1024 0.00064720498630777 2.690217990546963e-06 0.0006447024643421173 0.0006630793213844299
2048 0.001253536669537425 4.189653610581556e-06 0.001248374581336975 0.001266501843929291
4096 0.002465965691953897 8.839006630273654e-06 0.002455875277519226 0.00249694287776947
8192 0.004891141783446074 1.694485859445252e-05 0.004869610071182251 0.004925131797790527
16384 0.00974380224943161 3.616830416625459e-05 0.009698748588562012 0.009795784950256348
32768 0.01945155672729015 7.783878759008725e-05 0.01935851573944092 0.01956045627593994
65536 0.03910270519554615 0.0001454827056336001 0.03890955448150635 0.03932607173919678
131072 0.07837484590709209 0.0002772599865904293 0.07793402671813965 0.07877850532531738
262144 0.1574738807976246 0.0005214961678357611 0.156806468963623 0.1581234931945801
524288 0.3148950710892677 0.001032036615602315 0.3136179447174072 0.3163130283355713
1048576 0.6294674724340439 0.002069531264833774 0.6271049976348877 0.6318674087524414
