16 6.869342803916823e-06 2.524408355067547e-08 6.812255861632366e-06 6.902587870172283e-06
32 9.384864803507753e-06 2.944109045582335e-08 9.309082031450089e-06 9.448242167309218e-06
64 1.440132141361516e-05 3.27201843783436e-08 1.430175780114951e-05 1.447753902539262e-05
128 2.440155029503899e-05 5.103781553466056e-08 2.430664062558208e-05 2.454687501085573e-05
256 4.435809324121465e-05 5.260641728477485e-08 4.426171881277696e-05 4.45507812401047e-05
512 8.432958988180417e-05 1.088945121831803e-07 8.42031249703723e-05 8.474218702758662e-05
1024 0.0001641735840678393 1.531466279813757e-07 0.0001639843758312054 0.0001647812496230472
2048 0.000323943359489931 4.464738689380528e-07 0.0003236250013287645 0.000325625002005836
4096 0.0006436699221694653 8.894407885812463e-07 0.0006429999993997626 0.000646874999802094
8192 0.001282921875599641 1.520772638952042e-06 0.001281874996493571 0.001289375009946525
16384 0.002568117189184704 5.120951604862935e-06 0.002564249996794388 0.002586999995401129
32768 0.005188148434172035 1.636068264171314e-05 0.005170500022359192 0.005242999992333353
65536 0.01034539062584372 2.804014252965763e-05 0.01031500002136454 0.01042899995809421
131072 0.02122214063092542 3.026777584965388e-05 0.02119200001470745 0.02131300000473857
262144 0.04337610156380833 5.524060824871787e-05 0.04330600000685081 0.0434924999717623
524288 0.08679722655870137 8.12973686151722e-05 0.08665399998426437 0.08695199998328462
1048576 0.1733860859349079 0.0002085908584057485 0.1731555000296794 0.174801999994088
