16 0.001483444993027661 6.233893202902996e-07 0.001482317398767918 0.001485737098846585
32 0.001488986985350493 7.445984353878906e-07 0.001487780245952308 0.001491964911110699
64 0.001500362352089724 8.047730486500902e-07 0.001498931553214788 0.001503093866631389
128 0.001522782098618336 8.147116567217634e-07 0.00152172427624464 0.001526243984699249
256 0.001567520725075155 7.79421233599923e-07 0.001566062681376934 0.00157021451741457
512 0.00165712132002227 7.152001254366072e-07 0.001656141132116318 0.001659976318478584
1024 0.001836308103520423 8.45740837179062e-07 0.001835111528635025 0.001839015632867813
2048 0.002194926259107888 8.843801878080441e-07 0.00219368189573288 0.00219687819480896
4096 0.002912088297307491 2.617532796124654e-06 0.002909258008003235 0.002928927540779114
8192 0.004346328321844339 3.042575667164819e-06 0.004342526197433472 0.004361361265182495
16384 0.007255515083670616 6.337032646218787e-06 0.007246494293212891 0.007281005382537842
32768 0.0130014456808567 1.721798965095259e-05 0.01298046112060547 0.01304149627685547
65536 0.02479981817305088 2.035847898386855e-05 0.02477896213531494 0.02487599849700928
131072 0.048246705904603 5.075365373886361e-05 0.04818546772003174 0.04839098453521729
262144 0.09552560932934284 7.448570227645271e-05 0.09539496898651123 0.09566450119018555
524288 0.1894228085875511 9.871199167278967e-05 0.1892744302749634 0.1896654367446899
1048576 0.3769284207373857 0.0001064120409626848 0.3767509460449219 0.3771770000457764
