16 0.001211096787301358 4.312671609825113e-07 0.001209832262247801 0.001211901835631579
32 0.001222558987137745 4.55925362105313e-07 0.001221349695697427 0.001223796280100942
64 0.001245748975634342 5.866959909736798e-07 0.001243710983544588 0.001247526379302144
128 0.001291997527005151 8.43058661810432e-07 0.001290739979594946 0.001296381000429392
256 0.001384449875331484 7.721626263426816e-07 0.0013830391690135 0.001386229880154133
512 0.001569339918205515 1.099169304132004e-06 0.001567430794239044 0.001571608707308769
1024 0.001939328736625612 1.884104297341915e-06 0.001936454325914383 0.001943454146385193
2048 0.002679635654203594 3.319007937376672e-06 0.00267384946346283 0.002689063549041748
4096 0.004161260789260268 7.009664587948932e-06 0.004152074456214905 0.004182562232017517
8192 0.00712666055187583 1.159840905560782e-05 0.007108628749847412 0.007158249616622925
16384 0.01309815514832735 2.129626869078023e-05 0.01306349039077759 0.01315802335739136
32768 0.02496790140867233 4.347893818244502e-05 0.02489650249481201 0.02509450912475586
65536 0.04904001764953136 8.757304364112169e-05 0.04890239238739014 0.04924392700195312
131072 0.09698688052594662 0.0001793115749162242 0.09666657447814941 0.09737098217010498
262144 0.1933124456554651 0.0003534239237085508 0.1927230358123779 0.1941239833831787
524288 0.3851935211569071 0.0006597916914903387 0.384181022644043 0.3861470222473145
1048576 0.768763730302453 0.001350775765046789 0.7668415307998657 0.7705569267272949
