16 0.0006883574988023611 6.97654705433115e-07 0.0006870466750115156 0.0006892004166729748
32 0.0006900017251609825 6.613601533222395e-07 0.0006887387717142701 0.00069093843922019
64 0.000693445821525529 6.760447356390353e-07 0.0006921631284058094 0.0006949384696781635
128 0.0007002844286034815 6.468469007840906e-07 0.0006988202221691608 0.0007013166323304176
256 0.0007139999361243099 8.428114048922431e-07 0.0007125735282897949 0.0007165232673287392
512 0.0007412442064378411 7.314655154498875e-07 0.0007397737354040146 0.0007426179945468903
1024 0.0007958459900692105 7.296454932268351e-07 0.0007943622767925262 0.0007978938519954681
2048 0.0009047307539731264 8.485033816838352e-07 0.0009030327200889587 0.0009066611528396606
4096 0.001123640220612288 1.499090034638825e-06 0.001120567321777344 0.001127943396568298
8192 0.001561534125357866 2.351022498163495e-06 0.001558363437652588 0.001571476459503174
16384 0.002442699857056141 5.277146633816135e-06 0.002436220645904541 0.002461254596710205
32768 0.004208549857139587 1.372454278644731e-05 0.004189491271972656 0.004247546195983887
65536 0.008040660992264748 1.404190607839709e-05 0.008018016815185547 0.008097052574157715
131072 0.01554427668452263 4.528040579214303e-05 0.01549851894378662 0.01582741737365723
262144 0.03083878569304943 5.285285326958972e-05 0.03076207637786865 0.03097844123840332
524288 0.06095431931316853 6.392843437428158e-05 0.06085443496704102 0.06113898754119873
1048576 0.1207906026393175 9.097225577653645e-05 0.1206265687942505 0.1211014986038208
