16 0.0009365738560518366 4.259413998959301e-07 0.0009353237692266703 0.0009372463682666421
32 0.0009408966707269428 4.10390397305394e-07 0.000939507270231843 0.0009416913380846381
64 0.000949521447182633 5.739341834375146e-07 0.0009486991912126541 0.0009527793154120445
128 0.0009663119271863252 6.482738056608377e-07 0.0009649493731558323 0.0009703747928142548
256 0.0009996552980737761 9.737884075639203e-07 0.0009984103962779045 0.001006847247481346
512 0.001066388969775289 1.506277816910513e-06 0.001064421609044075 0.001077538356184959
1024 0.001199691672809422 7.309334833091188e-07 0.001197639852762222 0.001201294362545013
2048 0.001466663787141442 9.665323446159816e-07 0.001464597880840302 0.001469001173973083
4096 0.002001322340220213 1.951346867329987e-06 0.001997381448745728 0.002008438110351562
8192 0.003072411753237247 4.376999019461113e-06 0.00306662917137146 0.003087371587753296
16384 0.005242863669991493 9.93563560102653e-06 0.005228996276855469 0.005282461643218994
32768 0.009542360901832581 1.879306292942161e-05 0.009511947631835938 0.009586453437805176
65536 0.01847682520747185 3.357851740657349e-05 0.01840353012084961 0.01854896545410156
131072 0.03613846004009247 6.104472188329559e-05 0.03604650497436523 0.03640997409820557
262144 0.07181536592543125 8.154721887022252e-05 0.0716475248336792 0.0720590353012085
524288 0.1426355019211769 0.0001741432846917767 0.142353892326355 0.143462061882019
1048576 0.283864963799715 0.0002412152739334472 0.2833704948425293 0.2843894958496094
