16 0.001003037223199499 7.612582998603293e-07 0.001002125965896994 0.001004897931125015
32 0.00100550498427765 7.841399813972277e-07 0.001003446290269494 0.001006963429972529
64 0.001010623564070556 8.249366568877565e-07 0.001009361352771521 0.001011845888569951
128 0.001020997333398554 8.770318692904787e-07 0.001019796822220087 0.001023340038955212
256 0.001041460142005235 8.120251063091387e-07 0.001040093600749969 0.001043062657117844
512 0.001082551665604115 8.775128328329826e-07 0.001080421730875969 0.001084273681044579
1024 0.001165350724477321 5.273496597467388e-06 0.001163218170404434 0.001206278800964355
2048 0.00132869288790971 1.488089997672997e-06 0.001326784491539001 0.001336567103862762
4096 0.001657591434195638 2.013906541542571e-06 0.001655057072639465 0.001667186617851257
8192 0.002313717734068632 3.078588865393888e-06 0.002308249473571777 0.0023212730884552
16384 0.003670986741781235 1.148103806334959e-05 0.003657698631286621 0.003741741180419922
32768 0.006315207108855247 1.798083868961892e-05 0.006294488906860352 0.006391525268554688
65536 0.01192952133715153 3.553580419188648e-05 0.01189196109771729 0.01209151744842529
131072 0.02300355769693851 4.979704031340415e-05 0.02293646335601807 0.02314746379852295
262144 0.0454373937100172 0.0001059078381232331 0.0453265905380249 0.04588651657104492
524288 0.08972324058413506 0.0001614423831635232 0.08955597877502441 0.0903325080871582
1048576 0.177961578592658 0.0003315183430885338 0.1776551008224487 0.179173469543457
