16 0.001431814325769665 8.65384054542994e-07 0.001429949712473899 0.001433217490557581
32 0.001435685406249831 8.504105314229058e-07 0.001433926750905812 0.001437025377526879
64 0.001443667839339469 9.277912749291918e-07 0.001440135762095451 0.001445153262466192
128 0.001459690822230186 9.184731415854953e-07 0.001457488164305687 0.001461119391024113
256 0.001491566610638984 7.925666185860406e-07 0.001489203423261642 0.001492979936301708
512 0.001555190188810229 9.727223855552415e-07 0.001551687717437744 0.001557961106300354
1024 0.001682692905887961 1.595873125116101e-06 0.001676112413406372 0.001685358583927155
2048 0.001938291126862168 1.373626735747891e-06 0.001932188868522644 0.001941032707691193
4096 0.0024490668438375 2.520938938272934e-06 0.0024423748254776 0.002454683184623718
8192 0.003472779411822557 5.306173548689917e-06 0.003450244665145874 0.003488481044769287
16384 0.005560379475355148 1.499412268858278e-05 0.005508244037628174 0.005583703517913818
32768 0.009664945304393768 3.490830500326806e-05 0.009541034698486328 0.009729981422424316
65536 0.01813118159770966 5.353717416708458e-05 0.01797342300415039 0.01821398735046387
131072 0.03495407477021217 0.0001065420205884636 0.0346524715423584 0.03513145446777344
262144 0.06885007582604885 0.0002285588793699026 0.0682755708694458 0.06923449039459229
524288 0.1359298154711723 0.0004056280299885293 0.134984016418457 0.1366759538650513
1048576 0.2699294686317444 0.0007767858461854123 0.2689859867095947 0.2720320224761963
