16 0.001060070324456319 1.619385451209113e-06 0.001058205787558109 0.001062733179423958
32 0.001068048173692659 1.972378800199607e-06 0.001064999494701624 0.001071136794053018
64 0.001083986895537237 2.458544052040976e-06 0.001080835005268455 0.001087878830730915
128 0.001114722646889277 2.846702279520988e-06 0.001111281104385853 0.001119769178330898
256 0.001176247067633085 2.791522661783629e-06 0.001172668300569057 0.001181457191705704
512 0.001297381706535816 2.783054786132933e-06 0.001292601227760315 0.001302672550082207
1024 0.001539158809464425 3.096751023037444e-06 0.001534860581159592 0.001545406877994537
2048 0.002021669060923159 3.541198682929496e-06 0.002017036080360413 0.002028033137321472
4096 0.002989082597196102 5.773469278803437e-06 0.002980872988700867 0.003000199794769287
8192 0.004940941464155912 9.118532016171443e-06 0.004929989576339722 0.004964232444763184
16384 0.008896368555724621 1.276082046536333e-05 0.008874475955963135 0.008930504322052002
32768 0.01666679233312607 2.619500059503806e-05 0.01662600040435791 0.01678049564361572
65536 0.03246548213064671 5.826364658372765e-05 0.03238248825073242 0.03273153305053711
131072 0.06390266492962837 0.0001053207344807711 0.06374561786651611 0.06419408321380615
262144 0.127244682982564 0.0001622760759247173 0.1269644498825073 0.1276775598526001
524288 0.2533471919596195 0.0003233279500326298 0.2528724670410156 0.2541245222091675
1048576 0.5052518863230944 0.0006486011000068003 0.5042355060577393 0.5069445371627808
