16 0.0007388673529931111 1.212973339830758e-06 0.0007381318719126284 0.0007419194444082677
32 0.0007425306357617956 1.134401903189436e-06 0.0007418267196044326 0.0007454297738149762
64 0.0007500906140194274 1.211999707764411e-06 0.0007493156008422375 0.0007534159813076258
128 0.0007649923645658419 1.151846966452869e-06 0.0007641483098268509 0.0007678535766899586
256 0.0007949145801831037 1.211635960090032e-06 0.0007939999923110008 0.0007979609072208405
512 0.0008547072065994143 1.285462637566662e-06 0.0008534751832485199 0.0008578673005104065
1024 0.0009743280825205147 1.236871213855056e-06 0.0009732022881507874 0.0009775608777999878
2048 0.001213632873259485 1.586910331052899e-06 0.001212067902088165 0.001218721270561218
4096 0.00169231160543859 1.78236492037379e-06 0.001689866185188293 0.00169786810874939
8192 0.002650165464729071 3.017190600949157e-06 0.002647250890731812 0.002659380435943604
16384 0.0045821787789464 5.61812634687852e-06 0.0045737624168396 0.004604220390319824
32768 0.00841817632317543 1.43434982927056e-05 0.00839996337890625 0.008468031883239746
65536 0.01634072698652744 2.540869101806144e-05 0.01631450653076172 0.01644504070281982
131072 0.03204408660531044 3.978078766835266e-05 0.03199946880340576 0.03216660022735596
262144 0.0637037605047226 7.036931306910705e-05 0.06358897686004639 0.06387042999267578
524288 0.1267063673585653 9.404785979368749e-05 0.1265450716018677 0.1270110607147217
1048576 0.252316065132618 0.0001062421119346855 0.2520520687103271 0.2525629997253418
