16 0.0009988918109229417 6.937605420158482e-07 0.0009969433885999024 0.001000568561721593
32 0.001000430791464169 6.183194541469445e-07 0.0009988266974687576 0.001001621130853891
64 0.001003582656267099 6.405474064942704e-07 0.001001895638182759 0.001005414873361588
128 0.001010075262456667 6.776145711404812e-07 0.001008146442472935 0.001012250315397978
256 0.001022977608954534 6.612176282146587e-07 0.001021108590066433 0.001024265773594379
512 0.001048666337737814 8.410578232036713e-07 0.001046594232320786 0.001051023602485657
1024 0.001100217166822404 1.125622701428348e-06 0.001098215579986572 0.001102611422538757
2048 0.001202973071485758 1.705731211575358e-06 0.001200094819068909 0.001206971704959869
4096 0.001409119693562388 2.826008270918884e-06 0.001404806971549988 0.00141531229019165
8192 0.001819942612200975 5.694799882274032e-06 0.001811742782592773 0.001832246780395508
16384 0.002658529207110405 8.792965260247634e-06 0.002643764019012451 0.002679944038391113
32768 0.004315780475735664 2.085442448138291e-05 0.004280447959899902 0.004361510276794434
65536 0.007881674915552139 4.244139031164794e-05 0.007824420928955078 0.007961511611938477
131072 0.01494167931377888 7.720829986566688e-05 0.01483356952667236 0.01508009433746338
262144 0.02919863350689411 0.00022208024105526 0.02894496917724609 0.03051745891571045
524288 0.05717024020850658 0.00028555498730626 0.05676853656768799 0.05762696266174316
1048576 0.1128146648406982 0.0005145096230093264 0.1121585369110107 0.1134895086288452
