16 0.002105138886690838 6.637322277601912e-07 0.002103171136695892 0.002107549807988107
32 0.002106798156091827 7.914912989531376e-07 0.002104782732203603 0.002110356348566711
64 0.002110227847879287 6.394005819442504e-07 0.002108932472765446 0.002112615387886763
128 0.002117032796377316 7.241602796317894e-07 0.002115982584655285 0.002119556535035372
256 0.002130384236807004 8.493717513729566e-07 0.002127913758158684 0.002133617177605629
512 0.002157335926312953 8.356129950326647e-07 0.002155039459466934 0.002159250900149345
1024 0.002211712941061705 2.325372328254573e-06 0.002209484577178955 0.002227030694484711
2048 0.002319381921552122 1.122160473449797e-06 0.002316370606422424 0.002322159707546234
4096 0.002535335952416062 1.513351063514966e-06 0.002532750368118286 0.002542242407798767
8192 0.002966947853565216 2.431483149743864e-06 0.002963393926620483 0.002976000308990479
16384 0.003860384225845337 6.554824920582138e-06 0.003853499889373779 0.003883481025695801
32768 0.005600910633802414 1.326290937844073e-05 0.005586981773376465 0.005645513534545898
65536 0.009314967319369316 1.674976362013395e-05 0.009294509887695312 0.009382963180541992
131072 0.01663085073232651 2.646237288154121e-05 0.01659703254699707 0.01670145988464355
262144 0.03139477968215942 4.870562882080153e-05 0.03133141994476318 0.03152942657470703
524288 0.06040999852120876 6.102329618185048e-05 0.0603104829788208 0.06053352355957031
1048576 0.1181663926690817 8.643831038169805e-05 0.1180175542831421 0.118480920791626
