16 0.002728083902184153 1.449308108886126e-06 0.002723953395616263 0.0027311792364344
32 0.002745584271906409 1.59803470772688e-06 0.002742000971920788 0.002749682636931539
64 0.002781071452773176 1.574335886577979e-06 0.002777510788291693 0.00278550386428833
128 0.002851458513760008 1.671408166651461e-06 0.002846843563020229 0.002853988669812679
256 0.002993120942846872 2.453347970531686e-06 0.002988820895552635 0.003001289442181587
512 0.003275470866356045 2.867121420113507e-06 0.003270462155342102 0.003282615914940834
1024 0.003840673249214888 4.128411446188629e-06 0.003831658512353897 0.003847405314445496
2048 0.004972054739482701 7.322460472072392e-06 0.004957310855388641 0.004990808665752411
4096 0.007239689351990819 1.530071283351337e-05 0.007210567593574524 0.00729331374168396
8192 0.01177028752863407 3.014250483861549e-05 0.01171565055847168 0.01186287403106689
16384 0.02087884023785591 6.589314875304703e-05 0.02074295282363892 0.02106970548629761
32768 0.03900282271206379 0.0001224092344568642 0.03870904445648193 0.03925597667694092
65536 0.0756418202072382 0.0002414157456182057 0.07507598400115967 0.07615196704864502
131072 0.1487266104668379 0.0004237083665709269 0.1476714611053467 0.1495136022567749
262144 0.2951753959059715 0.0008077198876189599 0.293250560760498 0.2968249320983887
524288 0.5871899537742138 0.001485406250019348 0.5843274593353271 0.5894330739974976
1048576 1.170913198962808 0.003001825754700101 1.165241003036499 1.17451798915863
