16 3.164421082946234e-06 6.116905710558037e-09 3.1589355558026e-06 3.187255884995466e-06
32 4.667465210772548e-06 1.121173930362196e-08 4.647460912110546e-06 4.70214843062422e-06
64 7.723190305952699e-06 1.455455211127901e-08 7.706054589107225e-06 7.787109439050255e-06
128 1.367590331824431e-05 5.217030186033889e-08 1.363281239719072e-05 1.385742189086159e-05
256 2.580816649810913e-05 5.337461204780696e-08 2.57382812378637e-05 2.595312480480061e-05
512 4.986181640731502e-05 1.189383774326651e-07 4.974999956175452e-05 5.03828123328276e-05
1024 9.794824222808529e-05 1.650280758745064e-07 9.77031249931315e-05 9.854687414190266e-05
2048 0.000194213867189319 4.308313314975194e-07 0.0001937812485266477 0.000195874999917578
4096 0.0003867812498583589 8.779707239202014e-07 0.000385874998755753 0.0003907499994966201
8192 0.0007728730470262235 2.072290763950638e-06 0.0007710000063525513 0.0007809999951859936
16384 0.001545886716940004 3.297704217952561e-06 0.001542249985504895 0.001562499994179234
32768 0.003106359371486178 1.244176001187633e-05 0.00309649994596839 0.003151999961119145
65536 0.006244781254281406 2.190435183419714e-05 0.006231000006664544 0.006381500046700239
131072 0.01302245312854211 6.728167323000974e-05 0.0129869999946095 0.01350350002758205
262144 0.02688556249631802 5.307904335450656e-05 0.02682800003094599 0.0271245000185445
524288 0.05381835937441792 7.305920161294843e-05 0.05371850001392886 0.05403499997919425
1048576 0.1074465156243605 0.0001015589964646494 0.1072895000106655 0.107976500003133
