16 7.474842071975019e-06 7.183148480065869e-09 7.467773428970759e-06 7.501464835968363e-06
32 9.279251094618246e-06 5.14549994667913e-08 9.259765590741154e-06 9.678222625097987e-06
64 1.350065613614504e-05 1.245625517945541e-07 1.34716796083012e-05 1.447167971946328e-05
128 2.223388671396265e-05 4.129883545812964e-08 2.220703117927769e-05 2.238671868326492e-05
256 3.904968259860198e-05 3.326575506908282e-08 3.903124979842687e-05 3.920703147741733e-05
512 7.270654302260482e-05 9.407876779234329e-08 7.256249955389649e-05 7.305468716367614e-05
1024 0.0001400700683973355 2.310862497993124e-07 0.0001397656251356238 0.0001410156255587935
2048 0.0002748637695049183 5.500825405375033e-07 0.0002741562493611127 0.0002770312494249083
4096 0.0005440546874524443 7.465612202090353e-07 0.0005429374941741116 0.0005468125018524006
8192 0.001082708983631164 1.782444842874885e-06 0.001080374990124255 0.001090999998268671
16384 0.002155613283321145 3.675834312302653e-06 0.002150749991415069 0.002169249986764044
32768 0.004346718752458401 9.980883034620904e-06 0.004333999997470528 0.00439600000390783
65536 0.008663109371809696 2.152527170914338e-05 0.008641000022180378 0.008771000022534281
131072 0.01790673437335499 3.559940287778232e-05 0.01786849997006357 0.01805600000079721
262144 0.03668834374911967 4.864781882794059e-05 0.0366234999964945 0.03680950001580641
524288 0.07341728124811198 0.0001097517382371657 0.07331099995644763 0.07390550000127405
1048576 0.1466656718730519 8.13680757889282e-05 0.1465004999772646 0.146849500015378
