16 2.925532913433671e-05 1.295655622673455e-08 2.923632814599841e-05 2.932641604047603e-05
32 4.280091857822299e-05 2.578279260038285e-08 4.277246097217358e-05 4.296191406183425e-05
64 6.983154296769101e-05 2.673236948524206e-08 6.979980469168368e-05 6.992382805037778e-05
128 0.0001238931884834926 4.658848174731639e-08 0.0001238457030012796 0.0001240507813236036
256 0.0002318616333099044 1.736900101381586e-07 0.0002317109378964233 0.0002330156248717685
512 0.0004486557617724429 1.693874365503948e-07 0.0004483593747863779 0.0004491796880756738
1024 0.0008808261719366328 3.941605909977269e-07 0.0008801562489679782 0.0008824062497296836
2048 0.001745965331906518 5.739605687144623e-07 0.001744906250678468 0.001747562499076594
4096 0.003477663085959648 1.405532593476829e-06 0.003475437493762001 0.003482250001979992
8192 0.006937931639413364 3.484015384021759e-06 0.006932874995982274 0.006947375004529022
16384 0.01385421875147586 6.338265977625744e-06 0.0138440000009723 0.0138720000104513
32768 0.02773919531045976 2.337829507027586e-05 0.02770249999593943 0.02780049998546019
65536 0.05599200781489344 3.456021218230701e-05 0.05594450002536178 0.05608099995879456
131072 0.1126280312573726 9.394007506873894e-05 0.1124664999661036 0.1128525000531226
262144 0.2276704375035479 0.000120283643416879 0.2274060000199825 0.2279244999517687
524288 0.4562255390619612 0.0001727189055232303 0.4558470000047237 0.4570500000263564
1048576 0.9120997656209511 0.0002722172910285705 0.911727000027895 0.913009499956388
