16 6.015438077433544e-06 1.211552384334809e-08 6.00659180349794e-06 6.095458985555524e-06
32 8.09028625514685e-06 9.397806012521012e-09 8.078613291218062e-06 8.121093742374796e-06
64 1.232369995562976e-05 2.380596745137704e-08 1.23056639722563e-05 1.242480470864393e-05
128 2.076278684981503e-05 2.676844954542465e-08 2.074023427667271e-05 2.084765628751484e-05
256 3.759118653334781e-05 5.808196761564343e-08 3.751171834665001e-05 3.787890636886004e-05
512 7.128308105563974e-05 1.198058432890789e-07 7.113281208148692e-05 7.178906253102468e-05
1024 0.0001387358399540517 2.329689593529331e-07 0.0001384531242365483 0.000139921874506399
2048 0.0002735625002401321 3.695450332993932e-07 0.0002729062507569324 0.0002750937492237426
4096 0.0005436035158936647 9.697308815236208e-07 0.0005416874992079102 0.0005479999963426962
8192 0.00108592968672383 2.917845049884136e-06 0.001083249997464009 0.001104874987504445
16384 0.0021747695304839 3.067463602565858e-06 0.002169999992474914 0.002188499987823889
32768 0.004351765620413062 1.025236551606439e-05 0.004337500024121255 0.004388000001199543
65536 0.008872000001247216 1.607719744576456e-05 0.008853500010445714 0.008939500025007874
131072 0.01806044531167572 3.591293523848217e-05 0.01801800000248477 0.01818549999734387
262144 0.03676071093650535 7.071027205649149e-05 0.03668299998389557 0.03701400000136346
524288 0.0739017812484235 8.47389015228505e-05 0.07379300001775846 0.07426449999911711
1048576 0.1476562499974534 0.0001340373665560748 0.1475010000285693 0.1482165000052191
