16 0.001419080596924083 1.86723552258302e-07 0.001418890136704931 0.001419809326165478
32 0.001420966941836355 3.22908367312168e-07 0.001420713867162249 0.001422757324235135
64 0.001424758438108853 3.315650353150785e-07 0.001424457031248494 0.001426748046810644
128 0.001432206115715928 1.349611551630633e-07 0.001431919921969893 0.00143254101567436
256 0.001447203430181787 1.953984118399891e-07 0.001446859374937048 0.001447722656394035
512 0.001477243408231743 3.957017326654186e-07 0.001476781249948544 0.001479203125200002
1024 0.001537483154265828 5.12041134118236e-07 0.001536734376713866 0.001538937500299653
2048 0.001657484374959495 7.821917187078848e-07 0.001656437500059837 0.001660187499510357
4096 0.001897682617027385 1.095642653353651e-06 0.001896437497634906 0.001901499999803491
8192 0.002378378905405043 1.978802526256642e-06 0.002375500000198372 0.002384749997872859
16384 0.003340808595112321 5.10344100470498e-06 0.003337000001920387 0.003362999996170402
32768 0.005313906246556144 1.177159245864963e-05 0.005302499979734421 0.00534999999217689
65536 0.009359617190966674 1.503217422299362e-05 0.00933999998960644 0.009424999996554106
131072 0.01747522656478395 3.472338688832349e-05 0.01743700000224635 0.01756850001402199
262144 0.03430441405907914 7.243023742612529e-05 0.03422550001414493 0.03460099996300414
524288 0.06767303905780864 5.600420477016984e-05 0.06758049997733906 0.0678055000025779
1048576 0.1338079687529898 8.886568460326837e-05 0.1336599999922328 0.1340399999753572
