16 1.436905670360034e-05 1.232283144171983e-08 1.435400392324482e-05 1.444409178930073e-05
32 1.8820365910166e-05 1.173041268570293e-08 1.880224613159953e-05 1.886035158804589e-05
64 2.77330780029672e-05 2.919805254003623e-08 2.77021483725548e-05 2.788964843603026e-05
128 4.557354735013064e-05 4.427796552302081e-08 4.553320309241826e-05 4.577148433781986e-05
256 8.132647705849649e-05 9.2624075354912e-08 8.125390604618588e-05 8.172265597750084e-05
512 0.0001526271972949189 1.692592435190225e-07 0.0001523984374216525 0.0001534765624455758
1024 0.0002952492675376561 3.821088132707155e-07 0.0002947968750959262 0.0002970312489196658
2048 0.0005804584963584603 7.027321487152827e-07 0.0005795937504444737 0.0005844375009473879
4096 0.001150658203755484 1.209511798396544e-06 0.001149249997979496 0.001157062499260064
8192 0.002291933593596696 2.305742137473407e-06 0.002288749994477257 0.002302499997313134
16384 0.004580402344345202 5.942284644294028e-06 0.004572750010993332 0.004608249990269542
32768 0.009266257811759715 1.835475058129514e-05 0.009244000015314668 0.00935050001135096
65536 0.01862371093920956 3.117192641202304e-05 0.01858549995813519 0.01875599997583777
131072 0.03742070312364376 5.984521673253852e-05 0.03734149999218062 0.03771649999544024
262144 0.07558378906196594 8.251425090068162e-05 0.07543650001753122 0.07593849999830127
524288 0.1511542812550033 0.0001856238511671284 0.1508804999757558 0.151866499974858
1048576 0.3019823593749607 0.0002625808642716129 0.3015645000268705 0.3033615000313148
