16 0.001558192054748719 2.082327135523246e-07 0.001557997558592206 0.001559030517597648
32 0.001560211051942595 2.299608710862878e-07 0.001559993164050866 0.001561046874996919
64 0.001564330230717559 2.991333372343886e-07 0.001564085937502568 0.001566036132771842
128 0.001572559204095825 3.152572468581466e-07 0.001572187499959909 0.001574175781115628
256 0.001588954956069699 5.750139055943269e-07 0.001588390624874592 0.001593007812516589
512 0.001621549926724697 3.359522323994271e-07 0.001621015624550637 0.001623039061996678
1024 0.00168743261713189 4.229882795876321e-07 0.001686828125457396 0.001688890624791384
2048 0.001818657715432437 6.068653521631209e-07 0.001817750002373941 0.001820406250772066
4096 0.002081090820865938 1.587202212989261e-06 0.002079624995531049 0.002086375003273133
8192 0.002609472657013612 2.388636989740709e-06 0.002607000002171844 0.002618375001475215
16384 0.003663257813968812 3.798749315629805e-06 0.003659000009065494 0.003677000000607222
32768 0.005825406248732179 1.293078476362141e-05 0.005815499986056238 0.005883499979972839
65536 0.01018917968667665 1.407727429664802e-05 0.01017600001068786 0.01022799999918789
131072 0.0190211562485274 3.932928740284737e-05 0.01897899998584762 0.01917750004213303
262144 0.03713517969026725 5.923154629865557e-05 0.03707049996592104 0.03742950002197176
524288 0.07305346875000396 8.90074418985488e-05 0.07295499998144805 0.07351149996975437
1048576 0.1443428203174335 0.0001229278473140151 0.144200999988243 0.1450665000011213
