16 4.133682250673232e-05 3.519913405106703e-08 4.13061523261149e-05 4.152905273713259e-05
32 4.330078887893052e-05 2.312156267890069e-08 4.327392576897182e-05 4.33769531582584e-05
64 4.729911804446374e-05 3.133835995246758e-08 4.725488281565049e-05 4.740234373912244e-05
128 5.526065061545182e-05 5.367265108607449e-08 5.519921865015931e-05 5.549023444473278e-05
256 7.116937255347011e-05 7.840154675499969e-08 7.10742187948199e-05 7.148046870497637e-05
512 0.000102973266649542 1.127749561109569e-07 0.0001028671867970843 0.000103304687399941
1024 0.0001665249024824789 2.278389247069779e-07 0.0001663281254877802 0.0001672343751124572
2048 0.0002935869140401337 4.070489759171614e-07 0.0002929687507275958 0.0002954687479359563
4096 0.0005480800778059347 7.833582655506834e-07 0.0005469374955282547 0.0005511875060619786
8192 0.0010560292964783 1.883215824201041e-06 0.001053749991115183 0.00106337500619702
16384 0.002067011722374446 3.306566503723644e-06 0.002062249986920506 0.002078250021440908
32768 0.004141281251577311 1.046076378423578e-05 0.004126000043470412 0.004175000009126961
65536 0.008408585936194868 2.056668617258457e-05 0.008387000008951873 0.008517000009305775
131072 0.01692910938254499 3.914710382533488e-05 0.01689000002807006 0.01707950001582503
262144 0.03460689844087028 6.642444757276172e-05 0.0345314999576658 0.03486699995119125
524288 0.06964292968950758 8.22927312891259e-05 0.0695244999951683 0.06999399996129796
1048576 0.1390727031230199 0.0001922907608924684 0.1388429999933578 0.1399500000406988
