16 2.808508725138381e-06 4.668342131811381e-09 2.804677933454514e-06 2.831046003848314e-06
32 4.054230885230936e-06 7.260535411073021e-09 4.044966772198677e-06 4.076631739735603e-06
64 6.578731699846685e-06 1.025075148018376e-08 6.566289812326431e-06 6.610294803977013e-06
128 1.163012348115444e-05 2.919712362807227e-08 1.160334795713425e-05 1.174630597233772e-05
256 2.166976628359407e-05 7.265950397467946e-08 2.161320298910141e-05 2.196896821260452e-05
512 4.173663910478354e-05 1.19497150759154e-07 4.164688289165497e-05 4.232116043567657e-05
1024 8.189654909074306e-05 1.879666752220513e-07 8.171796798706055e-05 8.247047662734985e-05
2048 0.0001622196286916733 4.006546533994628e-07 0.0001618415117263794 0.0001636594533920288
4096 0.0003227042034268379 6.620111605645416e-07 0.0003221184015274048 0.0003246963024139404
8192 0.000644028652459383 1.65353119332793e-06 0.000642627477645874 0.0006533563137054443
16384 0.001288472674787045 4.227223181189885e-06 0.00128549337387085 0.00131523609161377
32768 0.002575051039457321 6.788659700404136e-06 0.002568960189819336 0.002614498138427734
65536 0.005159696564078331 1.518451722781854e-05 0.005149006843566895 0.005210041999816895
131072 0.01077836938202381 2.211702691399663e-05 0.01075851917266846 0.01084256172180176
262144 0.02289770357310772 2.945674526201687e-05 0.02285254001617432 0.02297604084014893
524288 0.04581933654844761 7.566185910171738e-05 0.04575192928314209 0.04624259471893311
1048576 0.09161814302206039 6.446629390826834e-05 0.09151160717010498 0.09179699420928955
