16 1.198011250380659e-05 2.325682088490107e-08 1.195824006572366e-05 1.207127934321761e-05
32 1.693895137577783e-05 2.488472184928191e-08 1.691654324531555e-05 1.70278362929821e-05
64 2.663829218363389e-05 3.014517061074843e-08 2.660136669874191e-05 2.673035487532616e-05
128 4.597178485710174e-05 4.040412505830217e-08 4.593143239617348e-05 4.610931500792503e-05
256 8.466195140499622e-05 8.685376983047152e-08 8.458923548460007e-05 8.493289351463318e-05
512 0.0001620893890503794 1.779087483750555e-07 0.000161951407790184 0.0001628044992685318
1024 0.0003168358816765249 3.212123656196287e-07 0.0003165937960147858 0.0003184527158737183
2048 0.0006262541282922029 5.34664448861878e-07 0.0006258413195610046 0.0006282776594161987
4096 0.001245629508048296 1.113859426063322e-06 0.001243874430656433 0.001249372959136963
8192 0.002485272008925676 4.47181495063595e-06 0.002483099699020386 0.002516746520996094
16384 0.004978412762284279 3.644948729236121e-06 0.004974722862243652 0.004991769790649414
32768 0.009957130998373032 9.729062364113436e-06 0.009948492050170898 0.00999903678894043
65536 0.01994073018431664 3.105486319431964e-05 0.01989853382110596 0.02006304264068604
131072 0.04030330292880535 6.917974226067149e-05 0.04023396968841553 0.04067754745483398
262144 0.08181602135300636 6.030759603016506e-05 0.08170402050018311 0.0819389820098877
524288 0.163614708930254 8.556454693870672e-05 0.1634169816970825 0.1638840436935425
1048576 0.3272117804735899 9.224813043662803e-05 0.326930046081543 0.3274210691452026
