16 5.672729457728565e-06 1.357947488196183e-08 5.660403985530138e-06 5.767098627984524e-06
32 7.338934665312991e-06 9.698925360198391e-09 7.328111678361893e-06 7.366761565208435e-06
64 1.071851147571579e-05 1.342372893357162e-08 1.0673888027668e-05 1.076166518032551e-05
128 1.735381374601275e-05 3.662995117335051e-08 1.728115603327751e-05 1.746881753206253e-05
256 3.069962258450687e-05 7.638106399026511e-08 3.058556467294693e-05 3.096926957368851e-05
512 5.736362072639167e-05 1.224331189027601e-07 5.712546408176422e-05 5.793012678623199e-05
1024 0.0001104982220567763 2.433370862526047e-07 0.0001099817454814911 0.0001112334430217743
2048 0.0002165455371141434 5.113153862627942e-07 0.0002158433198928833 0.0002190247178077698
4096 0.0004288707859814167 1.128297617927631e-06 0.0004277527332305908 0.0004349350929260254
8192 0.0008542980067431927 2.138494791296633e-06 0.000851750373840332 0.0008623600006103516
16384 0.001705199480056763 4.092011715925742e-06 0.001700997352600098 0.001725733280181885
32768 0.003407211974263191 8.616190697626838e-06 0.003396987915039062 0.003441452980041504
65536 0.006832590326666832 2.471082302817617e-05 0.006811022758483887 0.006932973861694336
131072 0.01413921825587749 4.309844221935013e-05 0.01409602165222168 0.01434099674224854
262144 0.02945956401526928 4.420636677021145e-05 0.02940404415130615 0.02959799766540527
524288 0.05890210531651974 0.0001242051618916851 0.05879700183868408 0.05975008010864258
1048576 0.1176975388079882 7.269639938355388e-05 0.1175624132156372 0.1178605556488037
