16 0.0002733550682023633 9.448400388567218e-08 0.0002732924767769873 0.0002738070907071233
32 0.0002743755649134982 8.18958157711928e-08 0.0002742959186434746 0.0002747777616605163
64 0.0002764931705314666 1.377340367619393e-07 0.0002763732336461544 0.0002773262094706297
128 0.0002806334596243687 1.026360973904567e-07 0.0002805390395224094 0.0002812868915498257
256 0.0002890121977543458 8.97984715317152e-08 0.0002888273447751999 0.000289304181933403
512 0.0003058197034988552 1.365361829408247e-07 0.0003055781126022339 0.0003063119947910309
1024 0.0003391954232938588 2.631545085981786e-07 0.0003388598561286926 0.000340484082698822
2048 0.0004057384794577956 3.950752548279887e-07 0.0004052817821502686 0.000406995415687561
4096 0.0005389498546719551 8.289427647372296e-07 0.0005377531051635742 0.0005418211221694946
8192 0.0008098892867565155 1.475631806885161e-06 0.0008077323436737061 0.0008157491683959961
16384 0.001346788369119167 3.21622098843536e-06 0.001343488693237305 0.001357018947601318
32768 0.002430008724331856 7.745870321950169e-06 0.002417564392089844 0.00244748592376709
65536 0.004706231877207756 1.266407726820708e-05 0.004690885543823242 0.004770398139953613
131072 0.009354408830404282 2.977636485030443e-05 0.009320974349975586 0.009453535079956055
262144 0.0196684468537569 4.120337464963628e-05 0.01962947845458984 0.01986002922058105
524288 0.03899137303233147 3.52070164356581e-05 0.03893101215362549 0.03908157348632812
1048576 0.07763521932065487 8.812755615863902e-05 0.07753300666809082 0.0781170129776001
