16 3.95470047065416e-06 1.179848295159815e-08 3.928466782099349e-06 4.015380881128294e-06
32 5.439949032570723e-06 1.393575000154542e-08 5.402832016443426e-06 5.473144483403303e-06
64 8.355346679422837e-06 2.240695270796589e-08 8.305664096042165e-06 8.403320293837169e-06
128 1.414871216454117e-05 2.524563405245509e-08 1.409960918863362e-05 1.424218748979911e-05
256 2.566149900218306e-05 5.303365486185932e-08 2.555859373387648e-05 2.58710938396689e-05
512 4.872961423529887e-05 1.096723506546456e-07 4.855468705500243e-05 4.916406214761082e-05
1024 9.504663080406317e-05 1.469581416234037e-07 9.48281249293359e-05 9.537499863654375e-05
2048 0.0001875205080636988 3.39014970370791e-07 0.0001870937485364266 0.0001884374978544656
4096 0.0003721552733395583 7.092071712411327e-07 0.0003714999984367751 0.0003754999997909181
8192 0.0007441875000040454 1.547367334631312e-06 0.0007423749921144918 0.0007502499938709661
16384 0.001485710939505225 4.998653084911241e-06 0.001481750019593164 0.001510249974671751
32768 0.00296971093484899 9.018417351863317e-06 0.002961499965749681 0.003005500009749085
65536 0.006119984373071929 1.667998226866037e-05 0.006108000001404434 0.006181999982800335
131072 0.01250218749919441 3.106131724044948e-05 0.01247000001603737 0.01260399998864159
262144 0.02594821875209163 4.432795144219726e-05 0.02589900000020862 0.02607000002171844
524288 0.05180857812410977 5.586784141568445e-05 0.05173649999778718 0.05202249996364117
1048576 0.1035179296832212 9.670437874987622e-05 0.1033709999755956 0.1040475000045262
