16 5.280834197485262e-06 4.076160113006084e-08 5.213378926782752e-06 5.336425800805955e-06
32 7.603027347258262e-06 6.276994924975541e-08 7.498535183003696e-06 7.691894495565066e-06
64 1.228552245535752e-05 6.411957450590799e-08 1.214746089317487e-05 1.241210929947556e-05
128 2.143646240782004e-05 9.896442702388711e-08 2.123828107869485e-05 2.199999994445534e-05
256 3.94588013037378e-05 9.12784616133057e-08 3.933984362447518e-05 3.976562538809958e-05
512 7.566931154201484e-05 1.646964144034422e-07 7.536718749179272e-05 7.610937518620631e-05
1024 0.0001478215332610944 2.121818187031858e-07 0.0001474687505833572 0.0001486406254116446
2048 0.000292922851883759 1.760526622382694e-06 0.0002920000006270129 0.0003064375014218967
4096 0.0005820869142780793 8.600347549577038e-07 0.0005810000002384186 0.0005859375014551915
8192 0.001162031249805295 1.608661982169091e-06 0.001159375009592623 0.001168874994618818
16384 0.002319636715128581 2.08306022091837e-06 0.002315000019734725 0.002325250010471791
32768 0.004642468750716944 1.186828306697741e-05 0.004626000009011477 0.004687500011641532
65536 0.009469546874242951 2.472527040049322e-05 0.009438999986741692 0.009567999979481101
131072 0.01919167187770654 5.878419105666618e-05 0.01913550001336262 0.01950799999758601
262144 0.03926447656249366 8.9552347721038e-05 0.03916149999713525 0.03964550001546741
524288 0.07843043750017387 6.591508026613012e-05 0.07831449998775497 0.07856249995529652
1048576 0.1568811640627246 0.0001032908572822602 0.1566699999966659 0.1572270000469871
