16 2.903301240753109e-06 6.001170149308695e-08 2.803466799150556e-06 2.973388689042622e-06
32 4.760253909275036e-06 6.664931571420982e-08 4.645996057206503e-06 4.832519550745928e-06
64 8.466339110668741e-06 8.542408239997842e-08 8.317382707900833e-06 8.557617206861323e-06
128 1.595989989766622e-05 8.199579183685522e-08 1.579687500452565e-05 1.609179707884323e-05
256 3.086602789181825e-05 1.052691913784415e-07 3.069140620937105e-05 3.116406287517748e-05
512 6.071240230198782e-05 3.61039488879823e-07 6.04218748776475e-05 6.339062474580714e-05
1024 0.0001201933594643378 2.27631046296861e-07 0.0001198281242977828 0.0001209374986501643
2048 0.0002394150387772243 4.702346046621211e-07 0.0002387499989708886 0.0002411562491033692
4096 0.0004777197264047572 6.03292984078298e-07 0.000476624998555053 0.000480125003377907
8192 0.0009544667962018138 1.753574017392462e-06 0.0009522499894956127 0.0009606249950593337
16384 0.001908480468955531 2.979528872721191e-06 0.001904250006191432 0.001923000003444031
32768 0.003821695315309626 7.391878690925494e-06 0.003813999996054918 0.003853500005789101
65536 0.007789249996676517 1.324763980820362e-05 0.007776500016916543 0.007840499980375171
131072 0.0157905546902839 2.747785868611011e-05 0.01575850002700463 0.01588500000070781
262144 0.03258029687458475 4.305807372248875e-05 0.03253050002967939 0.03277799999341369
524288 0.06519284374826384 5.993527611764086e-05 0.06512199999997392 0.06544549996033311
1048576 0.130418304689556 7.896400540125256e-05 0.1302869999781251 0.1306355000124313
