16 6.508068083999063e-06 2.339339380056855e-08 6.476806646560362e-06 6.545410144553898e-06
32 1.184071349946691e-05 2.616757710832696e-08 1.180664060029812e-05 1.189501955423111e-05
64 2.26160888701088e-05 3.104125575995781e-08 2.256542973100295e-05 2.270214849886543e-05
128 4.401431273493017e-05 4.428457714975096e-08 4.39511718468566e-05 4.416406250129512e-05
256 8.685925293150376e-05 1.079371682387972e-07 8.67460935296549e-05 8.731249999982538e-05
512 0.0001725456542942538 2.103105832360267e-07 0.0001723281247905106 0.000173499999618798
1024 0.0003438488769802461 3.281905640096179e-07 0.0003434999998717103 0.000344968750141561
2048 0.0006864648438522636 6.595957270195755e-07 0.0006858125016151462 0.0006885625007271301
4096 0.001371674804090617 1.294121095589817e-06 0.001370624995615799 0.001377624997985549
8192 0.002741666015026567 2.357132968281649e-06 0.002739625007961877 0.002753624998149462
16384 0.00547824999966906 4.927854787662455e-06 0.005472749995533377 0.005496750003658235
32768 0.01094657031080715 1.04238988371918e-05 0.01093799999216571 0.01098049996653572
65536 0.0220792734371571 3.400675983294087e-05 0.02204350003739819 0.02223499998217449
131072 0.0444970078078768 6.640982942187142e-05 0.04441299999598414 0.0446894999477081
262144 0.0900686249951832 7.340191358922361e-05 0.08996049995766953 0.09036299999570474
524288 0.1801376640669332 9.601648788937371e-05 0.1799805000191554 0.1804419999825768
1048576 0.3602725625041785 0.0002288790779575486 0.359850499953609 0.3614795000175945
