16 1.782973098629625e-05 1.292767251712091e-07 1.77399902270281e-05 1.814379882603134e-05
32 2.667763519070832e-05 1.944184506470669e-07 2.64975586219407e-05 2.696582032513106e-05
64 4.427236938298051e-05 2.021401304155483e-07 4.404394530865829e-05 4.469628913739143e-05
128 7.946435547978581e-05 2.006123245605533e-07 7.921093742879748e-05 7.976757819960767e-05
256 0.0001497736816418183 2.112609546113565e-07 0.000149402343595284 0.0001501093752267479
512 0.0002905579833907268 2.879822935899424e-07 0.0002900156250689179 0.0002913281250584987
1024 0.0005746926269409869 4.173736531437588e-07 0.0005738906238548225 0.000575843750993954
2048 0.001136846679685277 7.394621273296226e-07 0.001135656249971362 0.00113950000013574
4096 0.002261117187117634 1.639567607388328e-06 0.002258937500300817 0.002268062497023493
8192 0.004513435544822642 2.934469255531765e-06 0.004509125006734394 0.004526375007117167
16384 0.009025394531363418 1.216966718515999e-05 0.009014499984914437 0.009099749993765727
32768 0.01807807812110696 2.264428153183947e-05 0.01804549997905269 0.01816999999573454
65536 0.03639545312944392 3.174135945438789e-05 0.0363575000083074 0.03651400003582239
131072 0.07310138281809486 6.779935494799452e-05 0.07299000001512468 0.07330899999942631
262144 0.1468908749993716 0.0001012829586703923 0.1467159999883734 0.1472519999952056
524288 0.2935732343730706 0.0001325527461306906 0.2933740000007674 0.2941494999686256
1048576 0.5868798281208001 0.0001557588775155977 0.5864704999839887 0.5873194999876432
