16 0.0002072846107470383 2.495456512749092e-07 0.0002067473144506948 0.0002077050781394973
32 0.0002164674377453935 2.854993879354732e-07 0.0002157368164148465 0.0002168940429783106
64 0.0002347889404177295 2.809436107383015e-07 0.0002340908202995706 0.0002352939452521241
128 0.0002716871338108717 3.4783820297104e-07 0.0002708925781007565 0.0002725390625073487
256 0.0003453549804675049 4.703935794203016e-07 0.0003443203122515115 0.0003462343747742125
512 0.0004906575928202983 5.70940823650513e-07 0.0004897968747172854 0.0004939062500852742
1024 0.0007827138672098499 6.795278597111876e-07 0.0007814687487552874 0.0007848281256883638
2048 0.001367048828171846 9.193498456622932e-07 0.001364656247460516 0.001369156252621906
4096 0.002535323241772858 2.083766339678895e-06 0.002530874997319188 0.002542937501857523
8192 0.004872472655051752 3.733858289986051e-06 0.004865875001996756 0.00489187499624677
16384 0.009548218750751403 1.031772352858114e-05 0.009530999988783151 0.009599000011803582
32768 0.01890639062457922 2.457503651871077e-05 0.01887400000123307 0.01898950000759214
65536 0.03778155468990008 4.697196855628358e-05 0.03772000002209097 0.03796849999343976
131072 0.07587114843772724 9.361927434354616e-05 0.07574050000403076 0.07638849999057129
262144 0.1522570781262402 6.52531264598615e-05 0.152121499995701 0.1524640000425279
524288 0.3042313203131926 0.0001148243095833871 0.3039349999744445 0.3044685000204481
1048576 0.6080142968685323 0.0002831536233343102 0.607576499984134 0.6097184999962337
