16 0.0002853107337945637 3.298157288401118e-08 0.0002852480468789054 0.0002854406738208581
32 0.0002863768157990165 1.448263427714758e-07 0.0002862910156409271 0.0002874902343705799
64 0.0002885760955848582 5.210317680732857e-08 0.0002884755859895449 0.0002887177734010038
128 0.0002928715514975977 8.053522720817258e-08 0.0002927402344994334 0.0002930878906681755
256 0.0003015123290808219 9.208490270586746e-08 0.0003013515624843421 0.0003017031249328284
512 0.0003188084717038464 1.885407429579375e-07 0.0003185937493981328 0.0003196562502125744
1024 0.0003534536134282007 2.556856835677455e-07 0.0003531874990585493 0.0003543906241247896
2048 0.0004225307619094565 4.496781484286327e-07 0.0004220312475808896 0.0004241874994477257
4096 0.0005607695313756267 8.00922962384423e-07 0.0005594999965978786 0.00056337499700021
8192 0.0008409609376940352 1.177010232695979e-06 0.0008391250012209639 0.0008443749975413084
16384 0.001397390625243133 3.073788666135983e-06 0.001394249993609264 0.00141349999466911
32768 0.002511937500457861 7.592026844859618e-06 0.002504499978385866 0.002555500017479062
65536 0.004896742183518654 1.254230550581252e-05 0.00487750000320375 0.004930499999318272
131072 0.009708898436656455 2.732464433852816e-05 0.009674999979324639 0.009820499981287867
262144 0.02029590625443234 3.369150780925281e-05 0.02025300002424046 0.02038050000555813
524288 0.04026287500255421 4.836099193161638e-05 0.04018750000977889 0.04039199999533594
1048576 0.08014939844088076 6.205458136469795e-05 0.08002300001680851 0.08031250000931323
