16 2.504680633519385e-05 5.749688794914103e-08 2.494726564350458e-05 2.510839846081581e-05
32 2.712533570203846e-05 5.867519461204138e-08 2.702099612861275e-05 2.720507808362527e-05
64 3.123495483414729e-05 6.354930748280413e-08 3.112792967385758e-05 3.13554687636497e-05
128 3.953015136204385e-05 6.34660705060032e-08 3.942382818422629e-05 3.963281233154703e-05
256 5.60354004335295e-05 1.304440848160675e-07 5.587499981629662e-05 5.688281225957326e-05
512 8.907373036493027e-05 1.627247315770076e-07 8.889843684301013e-05 8.983593761513475e-05
1024 0.0001552890624907377 1.969156211394053e-07 0.0001550781253172318 0.0001562968755024485
2048 0.000287451660028637 3.601954378235242e-07 0.0002868750016205013 0.0002891249969252385
4096 0.0005515781247140694 7.035024399956543e-07 0.0005504375003511086 0.0005539999983739108
8192 0.001080988281046302 1.482824917893961e-06 0.001078500004950911 0.001088125005480833
16384 0.002143121092558431 2.665174319341411e-06 0.002138499985449016 0.002151749999029562
32768 0.004266156250196218 8.104412989473004e-06 0.004256499989423901 0.004307499970309436
65536 0.008637406246634782 1.952468794853826e-05 0.00861850002547726 0.008718500030227005
131072 0.01750189843551198 3.476373563407238e-05 0.01745799998752773 0.01756649999879301
262144 0.03602956250324496 4.555769716671069e-05 0.03597550000995398 0.03619200002867728
524288 0.07203294531245774 5.999035517628127e-05 0.07193500001449138 0.07224850001512095
1048576 0.1440495703127453 0.0001669725913168938 0.1438889999990351 0.1452149999677204
