16 6.678879165500362e-05 1.271468176747338e-08 6.676318358245226e-05 6.682153320980433e-05
32 6.819210052189106e-05 5.520130730726075e-08 6.815966793283224e-05 6.86088866928003e-05
64 7.098640441860482e-05 2.51072224838792e-08 7.095410148849624e-05 7.104980477379286e-05
128 7.660873411907687e-05 5.275455345230287e-08 7.651953114873322e-05 7.680859380343463e-05
256 8.778613279503134e-05 6.977648302162613e-08 8.769921896600863e-05 8.798046883384814e-05
512 0.0001101179199451963 1.340701122201408e-07 0.0001099843757401686 0.0001105937499232823
1024 0.0001548674317177756 2.143294829473648e-07 0.000154515624672058 0.0001558124986331677
2048 0.0002441835936792813 4.399554614334069e-07 0.0002435937531117816 0.0002460625000821892
4096 0.0004231171873243511 7.607935694974856e-07 0.0004220624978188425 0.000425375001213979
8192 0.0007818007809419214 1.78948063534003e-06 0.0007796249992679805 0.000788499994087033
16384 0.001496796874107531 4.050249911154e-06 0.00149349999264814 0.001516000018455088
32768 0.002926914060481067 4.952595272856906e-06 0.002921000006608665 0.002942999999504536
65536 0.005982062501971086 9.758387493209022e-06 0.005974499974399805 0.006013499980326742
131072 0.01209985937657621 2.632043968815904e-05 0.01207150000846013 0.01217200001701713
262144 0.02524674999949639 3.307855464960653e-05 0.02520249999361113 0.02532400004565716
524288 0.0504151171853664 6.118224810760675e-05 0.05034499999601394 0.05067500000586733
1048576 0.100735351565163 8.77710615185026e-05 0.1005975000443868 0.1011215000180528
