16 4.028049468196571e-06 5.927142125256377e-09 4.02099610141704e-06 4.047851575705863e-06
32 6.475219724855208e-06 1.094737561507607e-08 6.464843750109139e-06 6.512207050946017e-06
64 1.137469483225573e-05 1.365732958079553e-08 1.136328125994623e-05 1.143066401709802e-05
128 2.115277098369006e-05 2.824878043932447e-08 2.113281266247213e-05 2.12499999179272e-05
256 4.07050171062906e-05 5.930656534183707e-08 4.066796873303247e-05 4.094531232112786e-05
512 7.979455565987337e-05 8.415103481903741e-08 7.973437459440902e-05 8.007031283341348e-05
1024 0.0001580686034401424 2.805410636732688e-07 0.000157906250024098 0.000159249999342137
2048 0.0003145825193087148 6.883643915007192e-07 0.0003141874985885806 0.0003177500002493616
4096 0.0006273896483435237 9.093142093335342e-07 0.0006267499993555248 0.0006300625027506612
8192 0.001253060547014684 1.550088641854428e-06 0.001251875000889413 0.001258499993127771
16384 0.002504957032215316 2.84680060460661e-06 0.002503249997971579 0.002514499996323138
32768 0.005014437497266044 9.304593564027049e-06 0.005009999964386225 0.005072500032838434
65536 0.01018021094205324 1.893300781796227e-05 0.01016549998894334 0.01024749997304752
131072 0.02056105469273461 2.923999126099186e-05 0.02052949997596443 0.02065049996599555
262144 0.04218803905860113 4.558519112433547e-05 0.04211999999824911 0.04235799994785339
524288 0.08438893750098941 7.332383476621803e-05 0.08427650004159659 0.08467650000238791
1048576 0.1688131562532362 0.000142131052359148 0.1686564999981783 0.169427499989979
