16 5.439228055958978e-06 6.855467694845641e-09 5.431152345636292e-06 5.459228503923441e-06
32 6.70823669768339e-06 1.032799085812689e-08 6.698242145830591e-06 6.74462887673144e-06
64 9.316604613118784e-06 1.725846486396599e-08 9.29492193790793e-06 9.372070280733169e-06
128 1.441699216897518e-05 2.926895940762142e-08 1.438281242371886e-05 1.453515619687096e-05
256 2.460260009229387e-05 5.612673068560409e-08 2.454687501085573e-05 2.484765627741581e-05
512 4.505590820258476e-05 1.22946388582348e-07 4.493750020628795e-05 4.546093714452581e-05
1024 8.599731444292047e-05 2.762388655533608e-07 8.573437662562355e-05 8.739062468521297e-05
2048 0.0001676269531571961 4.667410022972156e-07 0.0001670937490416691 0.0001694062520982698
4096 0.0003305410157281585 6.796739628190199e-07 0.0003298749943496659 0.0003330624967929907
8192 0.0006577753902092809 1.538232743689878e-06 0.0006560000038007274 0.0006616250029765069
16384 0.00131137499874967 2.72699392720799e-06 0.001308250008150935 0.001320250012213364
32768 0.002616757813484583 6.314504552469322e-06 0.002611000032629818 0.002636000048369169
65536 0.005400390620707185 2.077915863209571e-05 0.005387499986682087 0.005492999975103885
131072 0.011091640626546 4.845374522206463e-05 0.0110454999958165 0.01132699998561293
262144 0.02319714843724796 3.845825449047359e-05 0.02311499998904765 0.02332450001267716
524288 0.04640325781201682 6.61678996721352e-05 0.04629949998343363 0.04658200003905222
1048576 0.09272810156380729 9.756325852103097e-05 0.09256750001804903 0.09324100002413616
