16 9.241693192585387e-05 2.647713257070705e-07 9.216980524229257e-05 9.295080838001013e-05
32 9.279572216414067e-05 2.847963456182121e-07 9.246570839138712e-05 9.334617894296571e-05
64 9.342195959050059e-05 3.30719890355587e-07 9.310998346734323e-05 9.407972559927202e-05
128 9.479452973248925e-05 3.372509245650506e-07 9.448656689414747e-05 9.535413799710568e-05
256 9.750609490399853e-05 2.847508539330813e-07 9.718420010074169e-05 9.817065097195155e-05
512 0.000102812631501692 2.610402832455418e-07 0.0001025312613336382 0.0001034086997293571
1024 0.0001135879747158342 2.792776235018745e-07 0.0001132738045441783 0.0001140814139262147
2048 0.0001349526301641646 2.523793764400551e-07 0.0001347070416954921 0.0001355319564027013
4096 0.0001783626111819814 3.086818842019613e-07 0.0001780773821167259 0.0001789418658120212
8192 0.0002679360026363042 6.620375241493226e-07 0.0002671488715009218 0.0002693149166930198
16384 0.0004433478488152787 6.81387343168451e-07 0.0004424838899694805 0.0004446103311579463
32768 0.0007955094662150941 1.392965890600288e-06 0.0007931670007792491 0.0007977040960440718
65536 0.001499068128794079 4.214967245927101e-06 0.001494798898647787 0.001507427794877003
131072 0.002904389695572718 5.826535488014721e-06 0.002897738213505363 0.002916141076639178
262144 0.005717687916728664 1.25827246391647e-05 0.005705547729121463 0.005743680407249485
524288 0.01134733435185353 3.221620393096225e-05 0.0113214850625809 0.01144778164052696
1048576 0.02263691005555302 3.04613970668903e-05 0.02259659256378654 0.02271424804348499


16 173129.7770455514 494.796111234704 172134.0597123945 173592.6419497122
32 344846.5223156336 1056.474597600739 342809.9613970479 346074.2426213943
64 685071.8018059256 2419.569031003717 680274.0929815725 687359.1597451731
128 1350304.876134995 4793.996825213605 1342364.397483046 1354689.922678611
256 2625497.842835988 7648.670930944511 2607704.007923326 2634173.041858954
512 4979962.846832966 12606.27078134216 4951227.520895386 4993598.960359462
1024 9015089.811973959 22128.0680051656 8976045.832165964 9040042.436295373
2048 15175745.01390471 28335.49365270674 15110827.39715532 15203362.60245061
4096 22964518.47115923 39666.49257919211 22890115.63287742 23001236.60463046
8192 30574639.87812785 75389.34109884313 30417921.51950388 30664550.27107136
16384 36955262.79230306 56764.80378120058 36850245.82611338 37027336.74920923
32768 41191331.54207701 72109.238693555 41077888.60869736 41312863.45474155
65536 43718149.28299601 122545.1690322422 43475382.51763982 43842686.83853371
131072 45129100.35629035 90445.25076087195 44947070.9939243 45232519.41432059
262144 45848110.55468334 100686.2495766307 45640422.41436874 45945457.37686166
524288 46203973.73720355 130398.9777073115 45798218.07082149 46309119.08658037
1048576 46321594.92468563 62258.21321519562 46163799.83139075 46404164.56773466
