16 1.81433365600836e-06 5.148395982344764e-09 1.806829313943936e-06 1.829355016358392e-06
32 2.580682008479496e-06 6.577831683542739e-09 2.573207432465807e-06 2.593242971027365e-06
64 4.109058420131984e-06 9.016094069927377e-09 4.093779733871372e-06 4.126694207684523e-06
128 7.176712362166882e-06 1.075876696119798e-08 7.160331849220825e-06 7.199065312768482e-06
256 1.329218387191577e-05 2.982749017437756e-08 1.325180144107208e-05 1.333287147531337e-05
512 2.551808263540067e-05 6.606718334398236e-08 2.539144648494585e-05 2.561163223191443e-05
1024 4.992350763055597e-05 1.119840802810527e-07 4.975592366918136e-05 5.018999556938297e-05
2048 9.878567500543056e-05 2.565200521640906e-07 9.841747203154227e-05 9.952953725189673e-05
4096 0.0001967107353557651 4.812073977984879e-07 0.0001956635805413498 0.0001974050337310018
8192 0.0003928835113420348 1.021963447897687e-06 0.0003907568737417932 0.0003946894427144798
16384 0.0007859784023906968 2.40211200779288e-06 0.0007824677871894892 0.000793110445442835
32768 0.001568386828409984 3.396508905948704e-06 0.001563541087762133 0.0015737656467536
65536 0.003136218284140568 7.215998982794679e-06 0.00311851151582232 0.003149987820961542
131072 0.00625994250816575 2.249512592815564e-05 0.006219437069375999 0.006290930379691417
262144 0.01255533812332033 3.33759935838226e-05 0.01250264126247203 0.01261545482884685
524288 0.02494822447874867 7.102555640098912e-05 0.02482480959952227 0.02514818686177023
1048576 0.04947026987474601 0.000206164871790488 0.04909056201722706 0.04990155628183857


16 8818730.90983488 24923.04342182802 8746252.01610698 8855291.35293654
32 12399898.34401125 31550.62514951839 12339761.58713835 12435841.58675292
64 15575414.65312549 34158.55638759556 15508781.7945954 15633474.23665049
128 17835502.27392942 26734.68215648254 17780085.9471264 17876266.44900945
256 19259529.57207865 43212.39053135493 19200665.09858733 19318128.26643813
512 20064329.58033938 51991.76774188675 19990916.44623888 20164270.68475819
1024 20511475.89713987 45944.46860845627 20402472.41274241 20580464.08319945
2048 20731881.43432623 53648.21984996606 20576806.20795785 20809313.20145702
4096 20822569.79142267 51017.78234866092 20749217.59888607 20933890.65388379
8192 20851096.47646197 54273.83295297008 20755558.96215377 20964442.4717482
16384 20845538.17528855 63407.97680786119 20657904.70185014 20938881.15042915
32768 20892896.73585252 45238.01019430802 20821397.43461461 20957556.06071103
65536 20896608.49096274 48134.22857741888 20805159.80534648 21015154.07831317
131072 20938465.24521112 75330.19843028438 20835074.00163429 21074576.12930724
262144 20879225.55771505 55501.32567945243 20779591.66407336 20967089.63304037
524288 21015201.80035197 59652.20273044451 20847944.3421431 21119517.46893114
1048576 21196429.22616643 88340.72308861834 21012891.74385177 21360032.49732666
