16 1.936350963660516e-05 9.6830989460685e-08 1.924597745528445e-05 1.958243228727952e-05
32 2.00407284864923e-05 1.041038189603636e-07 1.991717726923525e-05 2.023504202952608e-05
64 2.126309436789597e-05 7.337486474014532e-08 2.115240931743756e-05 2.140845026588067e-05
128 2.372252356508397e-05 8.673297584676292e-08 2.360699727432802e-05 2.391241287114099e-05
256 2.863550344045507e-05 1.472896350285592e-07 2.841967216227204e-05 2.887558366637677e-05
512 3.843953527393751e-05 1.670565430807834e-07 3.813995863310993e-05 3.86875617550686e-05
1024 5.806429908261634e-05 3.077886813067077e-07 5.747686373069882e-05 5.852081812918186e-05
2048 9.704699186841026e-05 4.766236662738456e-07 9.590806439518929e-05 9.769541793502867e-05
4096 0.0001749487200868316 1.284500827436384e-06 0.0001710495562292635 0.0001765124616213143
8192 0.0003321937037981115 1.539381701032706e-06 0.0003296732902526855 0.0003355233930051327
16384 0.0006461989542003721 3.968340223664099e-06 0.0006397019606083632 0.0006523318588733673
32768 0.0012712070310954 6.145594086934281e-06 0.001260773744434118 0.001279595773667097
65536 0.002514329506084323 1.697066212110021e-05 0.002474257722496986 0.002546043135225773
131072 0.004979346296750009 2.989939906287708e-05 0.004923243075609207 0.005029093474149704
262144 0.009785573463886976 5.225431791542436e-05 0.00972260907292366 0.009899970144033432
524288 0.01952906139194965 0.0001154808687643322 0.01937240362167358 0.0198182538151741
1048576 0.03917063400149345 0.000507560575900589 0.03871430456638336 0.04057149589061737


16 826315.7451811017 4107.770607100088 817058.8701789299 831342.5513031979
32 1596788.614622976 8269.521445953229 1581415.049857915 1606653.370978843
64 3009943.512742905 10364.42369296734 2989473.74542093 3025660.057894203
128 5395783.473820868 19684.89605832942 5352868.432381347 5422121.183501664
256 8940172.519164756 45921.41283997475 8865621.660077155 9007844.93706608
512 13319856.13376298 57974.87403541237 13234227.66318224 13424241.09384126
1024 17636087.3065882 93738.70787880736 17498046.55395572 17815864.21969426
2048 21103657.6370304 104047.2471106692 20963112.12222871 21353783.05166512
4096 23413773.10664441 174096.3098490128 23205160.48769102 23946276.68317357
8192 24660806.6078824 114115.6920491788 24415585.2342453 24848843.51328874
16384 25355317.0877794 155737.9253426162 25116050.63762571 25611927.12996947
32768 25777641.89712895 124903.7057724501 25608087.08057284 25990388.95333872
65536 26066116.65716292 176390.0444895203 25740333.7332651 26487135.67876106
131072 26324025.82031387 158417.9520678152 26062748.81819751 26623101.47743031
262144 26789537.80034238 142693.374281272 26479271.77416695 26962310.01717848
524288 26847430.09801593 158050.7915619364 26454802.97555641 27063652.5151393
1048576 26773586.86695192 341277.1980823506 25845140.21437635 27084975.74073708
