16 0.0001444181143597234 2.454681614355246e-06 0.0001381506444886327 0.000148757069837302
32 0.0001438978542864788 2.26360241404898e-06 0.0001373307895846665 0.0001475480967201293
64 0.0001420098269591108 3.497959848357911e-06 0.0001350825186818838 0.0001470515271648765
128 0.0001457786056562327 2.1771683541822e-06 0.0001428090617991984 0.0001488545094616711
256 0.0001484730346419383 4.774207292262949e-06 0.0001382248592562973 0.0001579919480718672
512 0.0001565417405799963 3.291866423165702e-06 0.0001513008028268814 0.0001631738268770278
1024 0.0001708607123873662 2.875204313987063e-06 0.000165969948284328 0.0001756831188686192
2048 0.0002018707855313551 3.521041904632208e-06 0.0001929040881805122 0.0002061128034256399
4096 0.0002619896404212341 2.77549227313694e-06 0.0002556015970185399 0.0002669042441993952
8192 0.0003826370593742467 5.251022197773434e-06 0.0003685405245050788 0.000391534180380404
16384 0.0006288245058385655 5.610710460785543e-06 0.000621133716776967 0.0006402968429028988
32768 0.001114205835619941 1.035142412522245e-05 0.00109281437471509 0.001127878669649363
65536 0.002090788388159126 1.932659089624997e-05 0.002057343721389771 0.002121511846780777
131072 0.004017715458758175 3.729545108666191e-05 0.003965258598327637 0.004078064113855362
262144 0.007927720318548381 5.420625813045577e-05 0.007833503186702728 0.008002296090126038
524288 0.01591224479489028 9.863910969000105e-05 0.01567552983760834 0.01615234464406967
1048576 0.03167202696204185 0.0002096505574252479 0.03130356967449188 0.03226193785667419


16 110819.6937183174 1900.319651279789 107557.9131633842 115815.6015791625
32 222432.7679340226 3581.487412254005 216878.4329403986 233014.0247265637
64 450933.114764831 11265.72622795361 435221.5936407257 473784.4735536692
128 878227.215466715 13101.05344945384 859900.049134615 896301.6659263459
256 1725907.077851858 56059.05516405537 1620335.739410916 1852054.698245873
512 3272046.807591865 68681.65018929543 3137758.118438058 3383987.331421044
1024 5994784.155995226 101328.5226355364 5828676.122068257 6169791.643519438
2048 10148046.0881805 180002.460232927 9936306.556224514 10616674.94617097
4096 15635865.13515089 167074.1099376625 15346327.71496888 16024938.99794726
8192 21413155.08540142 298007.6099795065 20922822.09446152 22228220.38635023
16384 26056895.33928526 230867.9688008715 25588131.7885627 26377573.06915456
32768 29411680.30706025 274713.2736208874 29052770.37483738 29984964.28869086
65536 31347628.5563806 290198.2367635658 30891177.95851368 31854667.41343995
131072 32626143.14926735 302020.1486833494 32140740.39559074 33055095.08390705
262144 33068206.69403324 226184.6558232378 32758597.91334854 33464465.86566609
524288 32949900.95975555 204288.413597382 32458940.88772383 33446269.78682031
1048576 33108673.62631324 217793.1364996359 32501953.37485208 33497010.43374762
