16 6.084735673539399e-06 2.255912468386661e-08 6.031525117577985e-06 6.123023922555149e-06
32 6.759216603313689e-06 1.91896365632419e-08 6.733016562066041e-06 6.801688869018108e-06
64 8.084503406280419e-06 1.546122399977162e-08 8.071423508226871e-06 8.122115104924887e-06
128 1.070561188498687e-05 1.582170243040431e-08 1.067198172677308e-05 1.073597741196863e-05
256 1.597199707248365e-05 1.683983044895701e-08 1.594726927578449e-05 1.601110852789134e-05
512 2.648250801939867e-05 1.265613963944233e-08 2.646450593601912e-05 2.650317765073851e-05
1024 4.749427716888022e-05 3.075824791315589e-08 4.740100121125579e-05 4.754205292556435e-05
2048 8.951224481279496e-05 5.294202031115632e-08 8.933019125834107e-05 8.955138036981225e-05
4096 0.0001736740559863392 8.762319442180889e-08 0.0001733610988594592 0.0001737404381856322
8192 0.0003427389383432455 8.426751268898539e-08 0.0003425830509513617 0.0003428485943004489
16384 0.0006844065501354635 1.338910898571228e-07 0.000684086699038744 0.0006847931072115898
32768 0.001366111217066646 2.012471503432606e-07 0.00136546278372407 0.00136625999584794
65536 0.002726674370933324 1.570368272474888e-07 0.002726382575929165 0.002727051265537739
131072 0.005448082694783807 1.216158946376906e-07 0.005447899922728539 0.005448296666145325
262144 0.01088997768238187 8.342724966654026e-06 0.0108589194715023 0.01089362427592278
524288 0.02177837863564491 2.102703273182267e-05 0.02169956266880035 0.0217847153544426
1048576 0.04360392689704895 1.364224324825624e-05 0.04355344176292419 0.04361075162887573


16 2629564.761482487 9764.588109245688 2613087.945167324 2652728.735783653
32 4734312.151325525 13412.78823310314 4704713.875661226 4752698.839371447
64 7916406.936604419 15098.04966141503 7879720.882211244 7929208.513810162
128 11956370.49927896 17671.52042510419 11922528.81021374 11994023.53537422
256 16028068.71296825 16884.50042437681 15988899.17921974 16052905.08192078
512 19333520.42196959 9238.669746976218 19318438.21700124 19346667.61729151
1024 21560500.84452186 13975.99757198852 21538825.88123101 21602919.2175975
2048 22879558.84664629 13553.24036359719 22869552.55790094 22926179.50494728
4096 23584414.81463381 11916.74624227028 23575398.12132652 23626984.52506093
8192 23901575.07023799 5877.216455778264 23893929.08760505 23912449.77604879
16384 23938988.57999853 4682.564920181416 23925474.46441749 23950180.61748936
32768 23986334.53670028 3534.754606764824 23983722.05845289 23997724.72057481
65536 24035139.98679368 1384.202201279539 24031818.11364927 24037712.30736574
131072 24058371.98226157 537.0424870203626 24057427.12478496 24059179.10737861
262144 24072055.26588533 18489.8260277314 24063983.97449726 24140891.79756419
524288 24073805.88396974 23321.9585910729 24066782.21265264 24161224.26070004
1048576 24047744.57131867 7531.640061799408 24043979.08394939 24075617.39225447
