16 8.174670028893161e-06 2.317320250440618e-08 8.110764611046761e-06 8.206650818465278e-06
32 8.662234904477373e-06 2.864767624757583e-08 8.630831871414557e-06 8.716309821465984e-06
64 9.654691893956624e-06 2.577945301070509e-08 9.606399544281885e-06 9.712966857478023e-06
128 1.164084301308321e-05 1.519742999114178e-08 1.161889667855576e-05 1.167014852399006e-05
256 1.564674357723561e-05 2.843936598189518e-08 1.559585507493466e-05 1.569326559547335e-05
512 2.365227601330844e-05 1.489816132832434e-08 2.361969382036477e-05 2.368853165535256e-05
1024 3.962133087043185e-05 1.35079934036273e-08 3.959453897550702e-05 3.964282223023474e-05
2048 7.157482832553796e-05 2.397196347649683e-08 7.154478225857019e-05 7.161500980146229e-05
4096 0.000135542777570663 2.067932015199193e-08 0.0001355060958303511 0.0001355839776806533
8192 0.0002642686595208943 6.482447237149275e-08 0.0002641635946929455 0.0002643750049173832
16384 0.0005270559922792017 4.653604505497598e-08 0.0005269777029752731 0.0005271416157484055
32768 0.001049941114615649 1.06791051711207e-07 0.001049783546477556 0.001050123013556004
65536 0.002091884147375822 2.638249081439553e-07 0.002091605216264725 0.002092570066452026
131072 0.004176588729023933 4.438127480378918e-07 0.004176007583737373 0.004177633672952652
262144 0.008346247021108866 4.079328958209837e-07 0.008345592767000198 0.008347015827894211
524288 0.01669270358979702 1.701966672437615e-05 0.01668719202280045 0.01675646752119064
1048576 0.03342310525476933 2.632063518794757e-06 0.03341938555240631 0.03342962265014648


16 1957280.33480134 5564.692353138325 1949638.208561206 1972687.011309414
32 3694234.54528752 12191.31652044147 3671278.402838825 3707637.97473387
64 6628945.617198803 17689.28613247727 6589129.865168472 6662225.499260581
128 10995784.77581221 14344.9556275073 10968155.18130495 11016536.55602612
256 16361282.56498302 29738.69069353211 16312729.71470272 16414617.77953028
512 21646973.42976932 13633.09369974957 21613834.3840451 21676826.29139571
1024 25844667.230919 8811.964167667302 25830653.3791385 25862152.3698872
2048 28613414.28643513 9582.709793977476 28597356.97415463 28625427.81384557
4096 30219242.68332387 4610.320676848275 30210059.25676175 30227422.42627998
8192 30998758.90295285 7603.626344844954 30986287.83972974 31011086.17757149
16384 31085881.49978806 2744.699118130126 31080832.00135686 31090499.47938456
32768 31209369.61287534 3174.239467398811 31203963.32334304 31214053.70654717
65536 31328695.26226576 3950.506033463668 31318425.62916756 31332872.70962008
131072 31382549.22648266 3334.418257152409 31374699.23430635 31386916.1805246
262144 31408607.95565803 1535.120577159083 31405714.97707748 31411070.16826403
524288 31408244.10693038 31909.93848536629 31288694.90762134 31418587.33833962
1048576 31372788.31823428 2470.433588441609 31366671.73822871 31376280.04427804
