16 1.366106812383805e-05 7.049990814843837e-08 1.35864393087104e-05 1.383870039717294e-05
32 1.411500215908745e-05 5.64304564438711e-08 1.405157308909111e-05 1.421127308276482e-05
64 1.505726140749175e-05 4.786034399664584e-08 1.500216967542656e-05 1.519444049336016e-05
128 1.680804871284636e-05 4.519753256660287e-08 1.674905797699466e-05 1.693283411441371e-05
256 2.041009338427102e-05 3.148758320888312e-08 2.036108344327658e-05 2.045400469796732e-05
512 2.744258836173685e-05 5.244336138416567e-08 2.735543966991827e-05 2.753094304352999e-05
1024 4.145834191149333e-05 5.068906043194056e-08 4.140881355851889e-05 4.159197851549834e-05
2048 6.957370533200447e-05 4.074506843848366e-08 6.950440001673996e-05 6.96393835823983e-05
4096 0.0001264817074115854 6.836836465341011e-08 0.0001263538142666221 0.0001265874016098678
8192 0.0002405125633231364 8.344539199835306e-08 0.0002403960097581148 0.000240754394326359
16384 0.0004679155244957656 7.657329333070248e-08 0.0004677929682657123 0.0004680277779698372
32768 0.0009231188014382496 9.884182210133407e-08 0.0009229560382664204 0.0009232941083610058
65536 0.001833096641348675 8.989851657512434e-08 0.001832970883697271 0.001833302900195122
131072 0.003654208383522928 1.521519545572015e-07 0.003653906285762787 0.003654534928500652
262144 0.007302216603420675 6.873006535298219e-07 0.007300781086087227 0.007303500548005104
524288 0.01459758076816797 2.152173211790886e-06 0.01459384337067604 0.01460206136107445
1048576 0.02923075994476676 4.364478819806766e-06 0.02922403067350388 0.02923846989870071


16 1171240.567682369 6009.522414401517 1156177.931510721 1177644.82926312
32 2267125.280350629 9039.640797436763 2251733.522650341 2277325.093575686
64 4250480.991446579 13448.05049277539 4212066.908812301 4266049.60380041
128 7615450.626123676 20416.4792384662 7559277.976451843 7642220.844647613
256 12542841.74800955 19355.99805618879 12515886.43789843 12573004.8066049
512 18657196.09190891 35641.49616722205 18597256.1561172 18716569.9465261
1024 24699526.94576547 30158.69723847826 24620131.971323 24729035.00490021
2048 29436417.80595931 17237.8925310517 29408646.29533628 29465760.43396885
4096 32384138.43290855 17505.9156915254 32357090.42060554 32416908.217404
8192 34060594.63528534 11811.86548799748 34026377.88988883 34077104.7250025
16384 35014868.18372609 5729.946168927546 35006469.21229511 35024040.78612332
32768 35497056.60977587 3800.841921491417 35490316.36102219 35503316.12927938
65536 35751524.8620743 1753.230906408229 35747502.49564591 35753977.64519197
131072 35868780.9934557 1493.480188916684 35865575.93903609 35871746.49517249
262144 35899236.68580621 3378.973862569009 35892925.3550344 35906295.08116003
524288 35916089.04312682 5295.116123311108 35905067.5815967 35925286.21031192
1048576 35872348.98772481 5355.985768188984 35862888.98266172 35880608.38406856
