16 3.522173074088641e-06 1.453647833260722e-08 3.50226582668256e-06 3.54731673724018e-06
32 4.287158162696869e-06 2.001938034305309e-08 4.255676685716026e-06 4.331261152401567e-06
64 5.773200200565043e-06 9.669034255887434e-09 5.758331099059433e-06 5.787902409792878e-06
128 8.740048770050635e-06 1.65288039630359e-08 8.707764209248126e-06 8.757720934227109e-06
256 1.469580251978186e-05 1.938767945503858e-08 1.466644243919291e-05 1.475166209274903e-05
512 2.660890640981961e-05 2.562495387953551e-08 2.655670687090605e-05 2.664748899405822e-05
1024 5.043485452915775e-05 1.249866191004633e-07 5.035284266341478e-05 5.089282058179379e-05
2048 9.801144915400073e-05 1.03411599160905e-07 9.784376015886664e-05 9.821582352742553e-05
4096 0.0001935665968630929 1.370102488825119e-07 0.0001933175954036415 0.000193958985619247
8192 0.0003859864445985295 2.646439230328644e-07 0.000385575694963336 0.0003866743063554168
16384 0.0007709148485446349 1.087246872680413e-06 0.0007700624410063028 0.0007734864484518766
32768 0.001539795019198209 1.504790502150567e-06 0.001538484357297421 0.001545128878206015
65536 0.003077536530327052 9.704735587624509e-07 0.003075753338634968 0.003080164082348347
131072 0.006156421266496181 7.84000293360183e-06 0.006147734820842743 0.006178984418511391
262144 0.01236053905449808 0.0001022919291321302 0.01229570433497429 0.01259756460785866
524288 0.02463648188859224 6.90607476233679e-05 0.02455953508615494 0.02483556419610977
1048576 0.04933590162545443 0.0001359425589070957 0.0492335706949234 0.04969131946563721


16 4542722.634353111 18737.04655970971 4510451.472243788 4568471.038977537
32 7464304.175189505 34770.70778986346 7388148.364652838 7519368.214086015
64 11085735.13143129 18564.75671922873 11057546.49416943 11114331.37466753
128 14645276.36206671 27727.32492755332 14615674.66710976 14699525.26551614
256 17419968.50321961 22943.78761827819 17353976.68347035 17454812.30785014
512 19241694.39538537 18537.48917361848 19213817.86156903 19279498.86591235
1024 20303535.29309608 49916.35624278383 20120716.2089641 20336488.38547133
2048 20895539.79609653 22035.15254907716 20852037.14071717 20931329.66961521
4096 21160685.72075035 14965.35473987626 21117866.68157098 21187931.65954538
8192 21223552.59611047 14543.61534994843 21185788.3116501 21246152.45984052
16384 21252710.99943933 29904.33985921273 21182012.99168508 21276196.74398053
32768 21280773.64130287 20739.15902208416 21207292.45449452 21298884.08976867
65536 21294956.35950245 6713.522527053863 21276788.58914384 21307300.28861324
131072 21290323.24598987 27047.92975976981 21212547.42240913 21320373.08369661
262144 21209480.72579809 173256.7783651747 20809101.45413887 21319966.13275332
524288 21281116.60080641 59367.60908184932 21110372.03987193 21347635.3750507
1048576 21253963.04428378 58298.52098460796 21101794.26257974 21297988.04351441
