16 1.42001438234729e-05 4.138063976402219e-08 1.412698475178331e-05 1.428431642125361e-05
32 1.657126222198713e-05 4.887202906843036e-08 1.644183794269338e-05 1.664092997089028e-05
64 2.105770136040519e-05 5.793772757000037e-08 2.09444624488242e-05 2.113790833391249e-05
128 2.98267082143866e-05 1.651431778259128e-07 2.959015546366572e-05 3.014425601577386e-05
256 4.717690899269655e-05 2.005467304932859e-07 4.686761531047523e-05 4.750916559714824e-05
512 8.185131264326628e-05 5.482432843640621e-07 8.119959966279566e-05 8.289405377581716e-05
1024 0.0001509347348473966 1.124816860094771e-06 0.0001499365316703916 0.0001544770784676075
2048 0.0002868755109375343 1.21419835826685e-06 0.0002854051999747753 0.0002893452765420079
4096 0.0005610964581137523 3.924319134666202e-06 0.0005578163545578718 0.0005742949433624744
8192 0.001110045006498694 1.053184112829431e-05 0.00110341003164649 0.001139763742685318
16384 0.002203897864092141 6.383066270836851e-06 0.002192777581512928 0.00221546832472086
32768 0.004418558091856539 1.737621587418749e-05 0.004392290487885475 0.004463264718651772
65536 0.008837821194902062 5.50351051884335e-05 0.008798170834779739 0.009037952870130539
131072 0.0176911954768002 8.771282423252478e-05 0.01760753244161606 0.01799096912145615
262144 0.03544602915644646 0.0002772977143682554 0.03517968952655792 0.03641988337039948
524288 0.07088748924434185 0.0006629369001447697 0.07048448920249939 0.07334274053573608
1048576 0.1415437534451485 0.0002269591086131654 0.1411632895469666 0.1418600082397461


16 1126758.119349124 3282.691223455425 1120109.603298456 1132584.219571714
32 1931069.655251936 5710.228397975141 1922969.45278762 1946254.434056172
64 3039289.699576125 8373.921785759348 3027735.714858879 3055700.291013814
128 4291579.00804173 23736.3281966627 4246248.437281725 4325763.011187064
256 5426475.282558834 23033.50942659797 5388433.932322451 5462193.847588022
512 6255507.07844055 41764.41250140054 6176558.832370275 6305449.806725957
1024 6784737.379458206 49823.73734728208 6628815.162469064 6829556.403579345
2048 7139104.525755808 30096.04191623674 7078048.843498801 7175762.740766483
4096 7300321.715979645 50193.62153974322 7132223.689831013 7342918.447141104
8192 7380491.662868869 68660.60582359863 7187454.463764043 7424257.316000683
16384 7434159.700458953 21504.51849065717 7395276.121613844 7471802.03689227
32768 7416101.073285813 29061.29532305151 7341711.071508728 7460344.45817701
65536 7415666.75550884 45292.07150395195 7251199.573809399 7448821.036860519
131072 7409051.758711559 36276.25831884731 7285432.992249577 7444086.809700061
262144 7395996.89342133 56631.12722423237 7197826.4546849 7451572.300036978
524288 7396646.31624888 67074.29835039524 7148464.812881404 7438345.740064024
1048576 7408158.274890485 11882.76796208229 7391625.116980726 7428106.863797102
