16 1.404891281708842e-05 3.687046350187511e-08 1.400570545229129e-05 1.411927951266989e-05
32 1.535109413453029e-05 1.92579173643455e-08 1.53210130520165e-05 1.538296783110127e-05
64 1.789449788702768e-05 3.649573635806159e-08 1.782382605597377e-05 1.796038850443438e-05
128 2.291993541803095e-05 7.084181840925044e-08 2.277578460052609e-05 2.301062340848148e-05
256 3.309983367216773e-05 9.715105109635494e-08 3.2933967304416e-05 3.328350430820137e-05
512 5.336494086805033e-05 1.452120098628305e-07 5.311169661581516e-05 5.356573092285544e-05
1024 9.364031029690523e-05 4.570542770087265e-07 9.290222078561783e-05 9.43180057220161e-05
2048 0.0001748164031596389 9.621828982367401e-07 0.0001733562094159424 0.0001758947619237006
4096 0.000336810429871548 1.471845855034923e-06 0.0003341757692396641 0.0003386142197996378
8192 0.0006605725066037849 3.106013082293141e-06 0.0006561786867678165 0.0006639454513788223
16384 0.001310407969867811 4.919889396752493e-06 0.001302953343838453 0.00132016371935606
32768 0.002604281879030168 1.096755514676255e-05 0.002584319561719894 0.002616386860609055
65536 0.005198375671170652 2.017241199173913e-05 0.005173578858375549 0.00523720309138298
131072 0.01038657664321363 3.306162201770923e-05 0.01033150032162666 0.01042285934090614
262144 0.02071076026186347 8.594959784005471e-05 0.02061143517494202 0.02083525061607361
524288 0.04151479061692953 0.0001672472871688277 0.04120750725269318 0.04168963432312012
1048576 0.08295173197984695 0.0003515720206927019 0.08239611983299255 0.08336961269378662


16 1138885.505803841 2985.006148878884 1133202.298718037 1142391.581381032
32 2084545.044369581 2614.546996938217 2080222.773092097 2088634.732661381
64 3576532.300180569 7297.70311621482 3563397.305364444 3590699.314446575
128 5584708.081848379 17294.03835502391 5562648.074663658 5620003.975496122
256 7734240.347616313 22717.58610596754 7691497.795108045 7773129.718437348
512 9594380.677036976 26131.95333295728 9558349.922217522 9640061.090564763
1024 10935705.76622509 53400.36989406459 10856887.74016321 11022341.46116909
2048 11715481.37936188 64648.9756918652 11643325.68862044 11813825.45742062
4096 12161361.65905327 53229.28017721013 12096361.4653385 12257022.73183796
8192 12401621.24651957 58392.89059609408 12338363.01308728 12484404.27157408
16384 12503141.66963332 46937.44833994599 12410581.92993795 12574510.11387202
32768 12582565.00469776 53105.66670728979 12524141.78244731 12679546.47922586
65536 12607192.73635004 48859.249308545 12513549.47602271 12667440.0437336
131072 12619484.8328791 40213.17914010847 12575435.94449053 12686637.55695098
262144 12657585.97205062 52478.23787391736 12581754.10656044 12718376.85124891
524288 12629137.49941736 51015.87549832182 12575979.82118164 12723118.55179579
1048576 12641010.03772405 53630.96458307304 12577436.38382224 12726036.15467989
