16 3.576501876523253e-05 5.795139852778217e-08 3.569964610505849e-05 3.587761602830142e-05
32 3.645619926828658e-05 8.174671866524698e-08 3.636628389358521e-05 3.666075645014644e-05
64 3.776138328248635e-05 4.843374523770753e-08 3.767212911043316e-05 3.783959255088121e-05
128 4.032180277135922e-05 6.897331535468719e-08 4.025342059321702e-05 4.048278788104653e-05
256 4.539614565146621e-05 5.349581292935098e-08 4.531786544248462e-05 4.55114059150219e-05
512 5.559505643759621e-05 5.837738087460819e-08 5.548853368964046e-05 5.570880603045225e-05
1024 7.594010276079644e-05 1.519844013222452e-07 7.569920853711665e-05 7.622558041475713e-05
2048 0.0001168420658359537 2.806417656893071e-07 0.0001163834240287542 0.0001172420452348888
4096 0.0001986567986023147 6.246509169022782e-07 0.0001969599397853017 0.0001993252080865204
8192 0.0003611131542129442 1.307509538853437e-06 0.0003590610576793551 0.000363287515938282
16384 0.0006825794989708811 3.23243542289662e-06 0.0006783446297049522 0.0006887579802423716
32768 0.001331576146185398 3.684817133357981e-06 0.001325509510934353 0.001337066292762756
65536 0.002639599377289414 1.035148239478434e-05 0.002615867182612419 0.002652871422469616
131072 0.005252684117294848 1.994505639756444e-05 0.005208125337958336 0.005279866978526115
262144 0.01043993746861815 4.46198996833734e-05 0.01036924868822098 0.01051687449216843
524288 0.0208327230066061 7.851798432543734e-05 0.02069099992513657 0.02096172422170639
1048576 0.04140926245599985 0.0001531227904843988 0.04113999009132385 0.04164780676364899


16 447365.6070873021 723.9616736963336 445960.5116287182 448183.7145644104
32 877769.7952404629 1964.670652856205 872867.9683278106 879935.934439664
64 1694855.780362691 2174.371755160851 1691350.135811903 1698868.673240861
128 3174469.934744464 5422.19879792283 3161837.57838298 3179853.987901065
256 5639252.614851792 6641.158628937442 5624963.563595437 5648986.277275208
512 9209461.449749226 9666.924244471036 9190647.520252436 9227131.552326256
1024 13484362.07355409 26960.92649874432 13433810.46662067 13527222.01181159
2048 17528028.65322171 42105.02733873433 17468136.07607178 17597007.62450511
4096 20618665.93102724 65172.2044090251 20549332.61738808 20796107.08890797
8192 22685688.87518468 82123.1677867761 22549632.56538581 22815061.18470673
16384 24003568.54375959 113447.6811128246 23787746.16046485 24152914.73174375
32768 24608608.01605841 68150.08945139677 24507386.19122023 24721059.8865502
65536 24828369.03253737 97629.40364523209 24703798.09775745 25053259.75095968
131072 24953675.56605875 94945.13658543331 24824867.84858148 25166829.04013639
262144 25110159.00920848 107334.1716722435 24926036.74173445 25280905.86715163
524288 25166896.51636021 94879.0939562072 25011682.93479821 25338939.7272708
1048576 25322582.31667046 93744.6895207178 25177220.15833058 25487998.36053285
