16 3.64211399528358e-06 4.473039776110117e-09 3.635502253018785e-06 3.651840415841434e-06
32 4.805194862456119e-06 5.657311745332194e-09 4.79641676065512e-06 4.819969035452232e-06
64 7.065406407491537e-06 1.607539835231024e-08 7.047081453492865e-06 7.119155270629562e-06
128 1.160809028988297e-05 1.566790663252934e-08 1.157194492407143e-05 1.163035267381929e-05
256 2.070777645712951e-05 3.599132618286114e-08 2.064782893285155e-05 2.078830584650859e-05
512 3.88944527003332e-05 7.267486708088687e-08 3.876660775858909e-05 3.906225902028382e-05
1024 7.513894524890929e-05 1.310352464748662e-07 7.486253161914647e-05 7.530211587436497e-05
2048 0.0001480888968217187 3.842755089684564e-07 0.0001474826713092625 0.0001489982823841274
4096 0.0002933487921836786 6.606868063085909e-07 0.0002920698607340455 0.0002946571912616491
8192 0.0005846697313245386 1.085407752219932e-06 0.0005822773091495037 0.0005864335689693689
16384 0.001178544072899967 2.905125796390022e-06 0.001173908356577158 0.001183289103209972
32768 0.002348218287806958 6.644943901802215e-06 0.002329413779079914 0.002356035634875298
65536 0.004705573664978147 1.25190611306142e-05 0.004672734066843987 0.004722507670521736
131072 0.009394661523401737 1.539762286897375e-05 0.009368158876895905 0.009427562355995178
262144 0.01886404724791646 6.06902116429377e-05 0.01876872032880783 0.01894728094339371
524288 0.03794045560061932 9.439761754732896e-05 0.03776200115680695 0.03807362914085388
1048576 0.07615463808178902 0.0003686433994862111 0.07552337646484375 0.07673349976539612


16 4393059.259748814 5392.201677658052 4381352.462882303 4401042.520800035
32 6659468.025520233 7832.786906245047 6639046.799809496 6671647.105917725
64 9058262.927332861 20498.67019384239 8989830.614319546 9081773.841038631
128 11026811.09933968 14899.30800181717 11005685.17480443 11061234.80882978
256 12362540.45726509 21463.91940881374 12314615.81767113 12398397.95421268
512 13163874.00017904 24579.37421913905 13107280.85987383 13207242.76904424
1024 13628124.76943047 23777.01493953189 13598555.47363974 13678404.64185033
2048 13829618.22151376 35824.18827500609 13745124.89157507 13886377.17108788
4096 13962966.92128408 31452.90770361714 13900899.49090311 14024042.02099359
8192 14011374.36807071 26029.99317586921 13969186.67940015 14068897.87954393
16384 13901977.66154152 34284.16393060212 13846151.33829445 13956796.46388404
32768 13954514.79061332 39622.08599579214 13908108.822698 14067058.54248999
65536 13927406.26425281 37160.70036553962 13877372.90700042 14025193.61523685
131072 13951788.42405712 22853.11408810643 13903063.70306304 13991223.00575565
262144 13896622.57286058 44726.55320888962 13835441.65430243 13967068.36734303
524288 13818786.23273239 34413.62151827798 13770371.03713937 13884009.95548119
1048576 13769338.84592708 66598.50354905965 13665165.84289653 13884125.00979897
