16 7.751935481792316e-05 1.125356652391922e-06 7.592834299430251e-05 8.100661216303706e-05
32 8.006197458598763e-05 6.240329423038375e-07 7.896876195445657e-05 8.111220085993409e-05
64 8.392720155825373e-05 6.022625111455066e-07 8.273267303593457e-05 8.483129204250872e-05
128 9.279450387111865e-05 6.258500735575831e-07 9.191615390591323e-05 9.430811041966081e-05
256 0.0001104142302210676 6.643374988186066e-07 0.0001096532214432955 0.0001120921515394002
512 0.0001456628051528241 2.650182553204243e-06 0.0001440044143237174 0.0001535292831249535
1024 0.0002141519762517419 1.185321779813445e-06 0.0002128935302607715 0.0002166975173167884
2048 0.0003519760648487136 2.409303311490536e-06 0.0003494888078421354 0.0003576650051400065
4096 0.0006273638282436877 2.797018737910903e-06 0.0006233116146177053 0.0006329081952571869
8192 0.001185514702228829 1.818635892518504e-05 0.001176255755126476 0.001250670291483402
16384 0.002288140181917697 1.290346702828224e-05 0.002277999185025692 0.00231726560741663
32768 0.004512695828452706 8.536316797542224e-05 0.004481468349695206 0.004828132688999176
65536 0.008904213551431894 2.776202502100862e-05 0.008886311203241348 0.008998125791549683
131072 0.01779797580093145 0.0002015841622471495 0.01769628375768661 0.0184318795800209
262144 0.03537960350513458 6.234671604701674e-05 0.0353197455406189 0.0355929434299469
524288 0.07095250301063061 0.001034748649636622 0.07062226533889771 0.07480922341346741
1048576 0.14177505671978 0.001027651694665376 0.1411730051040649 0.1443099975585938


16 206439.8869601421 2926.666942276147 197514.7407448392 210724.998979638
32 399713.1582391351 3119.111747445017 394515.2475304934 405223.523935392
64 762602.5186776491 5482.241657307201 754438.5857983842 773575.8757873311
128 1379450.556202989 9254.883002567891 1357253.362732155 1392573.498353975
256 2318620.015647337 13879.60592553874 2283835.188139969 2334632.732449035
512 3516017.834449505 61595.12324971631 3334868.694614411 3555446.563249375
1024 4781787.65830893 26346.55333828902 4725480.996180599 4809916.011753438
2048 5818831.232649039 39544.92069290066 5726028.46397656 5859987.370253883
4096 6529028.060867093 28998.36431013472 6471712.691815533 6571351.959344112
8192 6911536.2928136 101355.0878647075 6550087.625639196 6964471.769253244
16384 7160612.506859619 40109.64748110058 7070402.265308493 7192276.497594628
32768 7263583.496661593 129249.0484254516 6786888.867959526 7311889.194136253
65536 7360177.523379813 22762.90560181883 7283294.490231083 7374938.655771503
131072 7365295.403668891 81222.56398580434 7111157.569739903 7406752.84114763
262144 7409488.3421047 12997.79043496514 7365055.394082396 7422024.026150629
524288 7390684.710527299 102652.5906770021 7008333.679689233 7423834.359944128
1048576 7396413.970214535 52947.1315763204 7266135.525878932 7427595.659857546
