16 4.669138093049696e-06 2.046184993760722e-08 4.629364411812276e-06 4.701430952991359e-06
32 5.258681539999088e-06 2.406858892113418e-08 5.217574653215706e-06 5.298958058119752e-06
64 6.3076111018745e-06 2.915178401521003e-08 6.267448043217883e-06 6.365600711433217e-06
128 8.436004691247945e-06 7.369629312670811e-08 8.340102795045823e-06 8.554121450288221e-06
256 1.260988324247592e-05 8.344103184015973e-08 1.248141415999271e-05 1.27520615933463e-05
512 2.10316729862825e-05 2.612285010851211e-07 2.059011603705585e-05 2.139498974429443e-05
1024 3.760652634809958e-05 4.466812781469317e-07 3.678399662021548e-05 3.811261558439583e-05
2048 7.134019324439578e-05 9.057334135343469e-07 6.96778588462621e-05 7.303871097974479e-05
4096 0.0001397211162839085 1.278938293245363e-06 0.0001366359647363424 0.0001413034624420106
8192 0.0002744780795183033 2.727870788245857e-06 0.0002686821389943361 0.0002787597477436066
16384 0.000549864285858348 5.738319486212882e-06 0.0005356883630156517 0.0005577655974775553
32768 0.001084848132450134 1.078593048279677e-05 0.001064576208591461 0.001102447509765625
65536 0.002176666632294655 2.333060524565627e-05 0.00213575828820467 0.002204839140176773
131072 0.004300549044273794 4.56140801163965e-05 0.004196351394057274 0.004363156855106354
262144 0.008502695243805647 5.901871952297093e-05 0.008411608636379242 0.00860145315527916
524288 0.0170629546046257 0.0001573692469185111 0.01683802902698517 0.01746893674135208
1048576 0.03384573478251696 0.0001958447910401008 0.03358231484889984 0.03427630662918091


16 3426818.388998876 15027.95810266362 3403219.181559978 3456197.995382355
32 6085294.943020646 27839.92785013298 6038923.0578954 6133117.80412719
64 10146674.90086729 46808.39087141053 10054039.34385171 10211492.70942191
128 15174143.71265623 132402.5640171279 14963547.19112472 15347532.65583662
256 20302369.72927747 134380.4453026394 20075185.34364469 20510496.38434156
512 24347773.15709108 303822.6871720929 23930836.43036281 24866299.88284467
1024 27232934.15752776 324911.5785957165 26867744.03432046 27838193.07544297
2048 28711857.82327463 364518.770058348 28039925.30163839 29392407.19951982
4096 29317862.8493137 270677.8046499821 28987258.55129666 29977466.09323384
8192 29848508.54837004 297709.2588293095 29387313.14800411 30489559.26382843
16384 29799511.24542607 313611.0544419304 29374346.63251941 30584946.64279518
32768 30207953.70766471 300871.142840482 29722957.06574395 30780323.41466214
65536 30111684.80794647 324601.2994763181 29723710.36317218 30685120.2975267
131072 30481205.3158484 325499.5576157197 30040634.41968672 31234753.16810208
262144 30832084.556095 213608.1982445451 30476710.76823904 31164550.2462225
524288 30729111.00000686 280809.8756163268 30012587.9303757 31137136.01275774
1048576 30982007.00181035 178605.2824625949 30591860.76679865 31224053.6341214
