16 7.076835800035042e-06 2.366415545294619e-08 7.040816853987053e-06 7.126365744625218e-06
32 9.045389560924377e-06 4.386177352390791e-08 8.954313670983538e-06 9.092880645766854e-06
64 1.294641856475209e-05 6.672393890068421e-08 1.280610740650445e-05 1.30178959807381e-05
128 2.069917172775604e-05 1.528802360931303e-07 2.037978993030265e-05 2.089089684886858e-05
256 3.616476442402927e-05 4.139325417645307e-07 3.547125379554927e-05 3.681523958221078e-05
512 6.771055450371932e-05 4.956347860604501e-07 6.663613021373749e-05 6.863439921289682e-05
1024 0.0001300686853937805 1.321903611164784e-06 0.0001277051051147282 0.0001324735931120813
2048 0.0002543477603467181 2.895678740963085e-06 0.000248100608587265 0.0002585400361567736
4096 0.0005044785793870687 4.087354650342768e-06 0.0004970419686287642 0.0005109540652483702
8192 0.001015582383843139 7.522591356773275e-06 0.0009997012093663216 0.00102391978725791
16384 0.002036841353401542 7.775401545795976e-06 0.002021718770265579 0.002048077993094921
32768 0.004023231449536979 2.343510839314725e-05 0.003988733515143394 0.004061259329319
65536 0.008084943052381277 3.56178731193798e-05 0.008024640381336212 0.008148703724145889
131072 0.01627620123326778 8.973759455158502e-05 0.01608193665742874 0.01642753183841705
262144 0.03263762220740318 0.0003373527168545232 0.03210243582725525 0.0332888662815094
524288 0.06508845090866089 0.0004956657082938196 0.06393900513648987 0.06575700640678406
1048576 0.130309484899044 0.001814496228000302 0.1277257204055786 0.133390486240387


16 2260921.126950888 7553.404659000495 2245183.670522015 2272463.597876369
32 3537792.174074572 17227.64378726261 3519236.779479498 3573696.564114794
64 4943575.642920486 25569.95363515891 4916309.063668771 4997615.432109623
128 6184139.568277634 45819.30448023472 6127070.6052494 6280732.060426058
256 7079586.754388724 81402.70236004151 6953642.103247371 7217111.677967284
512 7561979.057757759 55516.68889760084 7459816.154459644 7683519.411432564
1024 7873525.878079175 80018.42396346357 7729842.423264154 8018473.49078218
2048 8052952.54323056 92261.44705893719 7921403.703827647 8254715.744800973
4096 8119774.961989693 65906.78606496046 8016376.18444032 8240752.810673142
8192 8066725.789338592 60208.43369550296 8000626.71113959 8194448.424437383
16384 8043937.364745671 30766.49556594118 7999695.351074778 8103995.590765449
32768 8144955.767232794 47436.89981934668 8068433.296894291 8215138.934600396
65536 8106079.651377467 35708.57515383759 8042506.172583811 8166845.725875053
131072 8053214.376146724 44430.04522639373 7978800.545890771 8150262.172525957
262144 8032762.849632788 83096.1402474417 7874825.107685035 8165860.10515244
524288 8055448.503460025 61687.8048526612 7973112.351810316 8199814.790374176
1048576 8048274.385981666 111988.1386449506 7860950.428730952 8209591.589465029
