16 3.679072278828244e-06 2.751818536396969e-08 3.631420440797228e-06 3.715374077728484e-06
32 4.525635858954047e-06 7.407366972148796e-08 4.390793037600815e-06 4.631592673831619e-06
64 6.174697432470566e-06 1.045456330017632e-07 6.019217835273594e-06 6.343390850815922e-06
128 9.41667508413957e-06 1.633550318208201e-07 9.171311830868945e-06 9.712039172882214e-06
256 1.592352396073693e-05 3.754819856629323e-07 1.527746644569561e-05 1.645791053306311e-05
512 2.884974082917324e-05 6.401405160186811e-07 2.775890607153997e-05 3.004571772180498e-05
1024 5.515828615898499e-05 1.163816276772885e-06 5.354748282115906e-05 5.701446207240224e-05
2048 0.0001081160917237867 2.841138664783432e-06 0.0001030429848469794 0.0001120973029173911
4096 0.0002111220492224675 5.88226126255424e-06 0.0001995360944420099 0.0002195436973124743
8192 0.0004212829153402708 9.385845185861618e-06 0.0004071377916261554 0.0004355381242930889
16384 0.0008450673194602132 1.636061521070892e-05 0.000819043954834342 0.0008743065409362316
32768 0.001689217489911243 3.543417573834364e-05 0.001613273285329342 0.001737720798701048
65536 0.003352006897330284 6.885390851066509e-05 0.003203332424163818 0.003427070565521717
131072 0.006637618178501725 0.0001088186480500771 0.006498031318187714 0.006874999031424522
262144 0.01329581951722503 0.0003206544798759963 0.0126359686255455 0.01381191983819008
524288 0.0262517798691988 0.0005677318587060474 0.02506327629089355 0.02726452797651291
1048576 0.05108571145683527 0.0007854709921676024 0.04989218711853027 0.05276294052600861


16 4349151.084929542 32607.16199541158 4306430.433455069 4405989.408510191
32 7072614.272906761 116319.5782744821 6909070.432898641 7287977.302953273
64 10367671.75497654 175877.0426278825 10089241.14959241 10632610.70648575
128 13596734.04505097 235282.1318017663 13179518.50497055 13956563.94204977
256 16085244.73858101 380139.7249379042 15554829.96980138 16756705.10617468
512 17755299.21308373 393016.6915054565 17040697.93707833 18444530.87165895
1024 18572431.44246236 388192.8075711231 17960355.36912775 19123214.50141762
2048 18954973.67513897 502351.2293062776 18269841.88468167 19875200.65573911
4096 19415541.31834455 553061.5062873717 18656878.10736924 20527614.37199723
8192 19454409.99208984 433144.8557636337 18808916.01233814 20120952.09162531
16384 19394605.35843051 374763.419430717 18739422.88302631 20003810.4222548
32768 19406388.66966497 409855.2240072991 18856884.27306285 20311499.79236814
65536 19559166.4014658 409977.2712891838 19123037.80941353 20458694.67234803
131072 19751732.86987341 318243.1749604363 19065020.86776897 20171032.36069901
262144 19727127.89528294 480279.5240321906 18979548.32283124 20745857.14545355
524288 19980253.53659659 430860.1831951236 19229674.55925329 20918574.00903703
1048576 20530310.64011233 311740.0479557958 19873342.72022087 21016837.71667232
