16 0.0001471721952839289 5.530271682922517e-07 0.0001460317289456725 0.0001480935025028884
32 0.0001474591226724442 7.298490305689684e-07 0.0001461308565922081 0.0001483381493017077
64 0.0001485371867602225 4.277749139774958e-07 0.0001479279599152505 0.0001491513685323298
128 0.0001501373953942675 1.448419112530594e-06 0.0001471337745897472 0.000154538603965193
256 0.000153520806634333 5.712959074856626e-07 0.0001516802003607154 0.0001541930832900107
512 0.0001601404765096959 7.08626363457132e-07 0.0001582514960318804 0.0001611884799785912
1024 0.0001744960281939711 3.335652494365027e-07 0.0001739030703902245 0.0001752279931679368
2048 0.0002027005903073587 2.804940544009203e-07 0.0002022262779064476 0.0002031211042776704
4096 0.0002600532097858377 3.641545513477369e-07 0.0002595527330413461 0.0002608807990327477
8192 0.0003740887914318591 6.984251474131238e-07 0.0003732959739863873 0.0003757304511964321
16384 0.0006039751751814038 2.782198197298572e-06 0.0006019873544573784 0.0006136924494057894
32768 0.00106150796636939 3.971438204465112e-06 0.001058529131114483 0.001072695478796959
65536 0.001977005391381681 4.244107022103397e-06 0.001971336081624031 0.001984386704862118
131072 0.003812279261182994 1.302898394055521e-05 0.00379287451505661 0.003843574784696102
262144 0.007508772425353527 2.809960410286963e-05 0.007468750700354576 0.007558368146419525
524288 0.0149342839140445 0.000141128239165751 0.01481187716126442 0.01522653177380562
1048576 0.02996397437527776 0.0002050407238234874 0.02961203455924988 0.03031109273433685


16 108717.6300085234 409.4333986921939 108039.851374897 109565.2302107058
32 217014.2878064344 1076.37751318187 215723.3331455053 218981.8136035362
64 430871.8850171228 1240.916664538367 429094.2860918334 432643.0245956631
128 852625.9580633219 8132.363373605609 828272.009166264 869956.6116406797
256 1667548.229608678 6253.598268994348 1660256.053888669 1687761.483642548
512 3197251.943080904 14224.47822371134 3176405.659188566 3235356.46005429
1024 5868348.510799845 11215.25215139337 5843815.143272276 5888337.668232232
2048 10103590.09459829 13980.67038101412 10082654.91310221 10127269.41919699
4096 15750651.6706446 22036.59061900753 15700657.21657744 15780993.52684342
8192 21898615.80211971 40807.2236427708 21802864.19137537 21945053.17729125
16384 27127475.56415707 123378.8061516391 26697411.7342716 27216518.55090589
32768 30869695.19962163 114786.8229295923 30547346.05272105 30956162.69483287
65536 33149268.71094697 71116.5892579995 33025820.94479094 33244458.21841295
131072 34381907.31190819 117254.0042897447 34101587.02307217 34557431.1725005
262144 34912156.85778924 130611.4211576732 34682618.64489628 35098774.95141923
524288 35109247.14629219 328522.4688163624 34432529.20549766 35396458.82097256
1048576 34996094.46137574 239711.6736259177 34593803.96445284 35410467.92654298
