16 3.231041227991227e-05 2.003594543679076e-07 3.215386823285371e-05 3.303588891867548e-05
32 3.314699642942287e-05 5.884581789303347e-08 3.303772245999426e-05 3.322881821077317e-05
64 3.481981002551038e-05 7.597575126921874e-08 3.472632670309395e-05 3.498230944387615e-05
128 3.822616145043867e-05 3.912009975241437e-08 3.813275543507189e-05 3.828557964880019e-05
256 4.508993242779979e-05 5.406449362997424e-08 4.498181806411594e-05 4.52132080681622e-05
512 5.872092970093945e-05 5.23208278808868e-08 5.863250407855958e-05 5.881171091459692e-05
1024 8.595452709414531e-05 6.074678536751045e-08 8.586802869103849e-05 8.609850192442536e-05
2048 0.0001404455069859978 1.964601783246968e-07 0.0001401826157234609 0.0001407724339514971
4096 0.000250202851020731 3.621876400509634e-07 0.0002497935201972723 0.0002511474303901196
8192 0.0004708064516307786 4.631899763635053e-07 0.0004698148695752025 0.000471497536636889
16384 0.0009169424156425521 6.814872821712428e-07 0.0009159042965620756 0.0009183126967400312
32768 0.001832858804846182 1.994516830259812e-06 0.001828910317271948 0.001836416311562061
65536 0.003692808735650033 3.320108179423665e-06 0.003686805255711079 0.003698702901601791
131072 0.007466942071914673 6.760137021947353e-06 0.007455352693796158 0.00747985951602459
262144 0.01485579693689942 2.016720709308117e-05 0.01480862498283386 0.01489337533712387
524288 0.02950417390093207 4.227477124528074e-05 0.02941593527793884 0.0295635312795639
1048576 0.05856203194707632 0.0002214523028133208 0.05822405219078064 0.05895718932151794


16 495213.9212031443 3013.097474651564 484321.7641089433 497607.3138115231
32 965399.5244170903 1714.563089012799 963019.5030416468 968589.7700348187
64 1838042.344809854 4005.008990302317 1829496.137259845 1842982.142833377
128 3348495.399013238 3428.453663557773 3343295.339241685 3356694.226252384
256 5677549.978864363 6804.771714613563 5662062.280872911 5691188.373824822
512 8719214.488377821 7767.861184866132 8705749.110810563 8732357.726253508
1024 11913281.52115696 8415.974421898036 11893354.43837148 11925276.67875609
2048 14582194.89941209 20390.8686818356 14548302.83538065 14609514.80631594
4096 16370748.84158901 23659.25624695257 16309145.56297663 16397543.04581327
8192 17399947.27810061 17125.45923793482 17374427.99475079 17436655.43708109
16384 17868088.77208994 13275.43267282254 17841417.26251032 17888331.85028036
32768 17878101.84829149 19459.54124942458 17843448.56538953 17916679.50612124
65536 17746938.53773077 15955.52764620347 17718644.00669176 17775823.63442736
131072 17553651.74496176 15893.99699215289 17523323.7628589 17580925.46165781
262144 17645936.74604722 23962.94516115661 17601382.76691171 17702116.18593063
524288 17769994.5616275 25478.168305861 17734281.9787709 17823264.67087388
1048576 17905629.37326821 67623.87887062591 17785379.73175216 18009327.08297542
