16 5.643115969178325e-06 2.055805848384106e-07 5.241485268925317e-06 5.891472028451972e-06
32 6.471504775618087e-06 2.047566582569497e-07 6.075913915992714e-06 6.692260285490192e-06
64 8.095479870462441e-06 1.891146069029946e-07 7.691880455240607e-06 8.323488145833835e-06
128 1.13106736989721e-05 1.956751011706629e-07 1.090879959519953e-05 1.156709186034277e-05
256 1.775289501892985e-05 1.539935763606579e-07 1.740511652315035e-05 1.792459079297259e-05
512 3.062507039430784e-05 2.426235199894567e-07 3.015322727151215e-05 3.08378366753459e-05
1024 5.63867479286273e-05 2.165557149093792e-07 5.588366184383631e-05 5.655786662828177e-05
2048 0.000107997879240429 2.01829627057675e-07 0.0001075444451998919 0.0001081850496120751
4096 0.0002113958689733408 2.371614895132541e-07 0.0002109531196765602 0.0002116977702826262
8192 0.0004178923772997223 7.301757380592764e-07 0.0004164394922554493 0.0004191327607259154
16384 0.0008309789118357003 1.112679012268795e-06 0.000828055664896965 0.0008320361375808716
32768 0.001657690794672817 1.214557784328104e-06 0.001655423548072577 0.001659568399190903
65536 0.003311746579129249 2.304866119891274e-06 0.003307117149233818 0.0033156992867589
131072 0.006622150423936546 3.707209525562039e-06 0.00661158561706543 0.006628962233662605
262144 0.01325482060201466 8.708052039684016e-06 0.01323599740862846 0.01326565816998482
524288 0.02652512863278389 1.979688871299762e-05 0.02648431062698364 0.0265529677271843
1048576 0.05311948712915182 3.465856635611837e-05 0.05307212471961975 0.05317549407482147


16 2838960.534291659 106835.4736322456 2715789.86079038 3052569.868860959
32 4949546.900771249 161608.5173722115 4781643.067497049 5266697.396052833
64 7909799.390283127 189675.3751383882 7689084.05690876 8320462.125278575
128 11319968.05273639 198799.2078065839 11065875.63628175 11733646.66597478
256 14421211.26999257 126414.479746422 14282055.47098826 14708318.65213296
512 16719321.26631187 133610.8379811214 16602980.46812511 16979940.33573056
1024 18160547.96216383 70141.72582467807 18105350.5205578 18323781.33812185
2048 18963397.57368482 35521.21570782958 18930526.97524864 19043289.46226279
4096 19375992.80531539 21751.94350117575 19348337.93729454 19416636.29473749
8192 19603189.50267824 34277.00399507435 19545119.75110678 19671525.28121642
16384 19716538.37528243 26462.76371514303 19691452.40209896 19786109.43026235
32768 19767266.97318836 14488.49846102329 19744892.71787504 19794329.99980703
65536 19788962.77387938 13777.65473624324 19765362.99950818 19816655.12368776
131072 19792972.09275809 11087.5965069043 19772627.35551605 19824593.91612275
262144 19777265.49386902 12998.81000808361 19761100.17617769 19805383.14620022
524288 19765720.31669142 14758.94919396937 19744986.90265971 19796173.19039549
1048576 19739957.50126858 12877.43040735017 19719158.5756511 19757565.86983527
