16 8.497543831254006e-06 1.793871875911749e-08 8.467606676276773e-06 8.535553206456825e-06
32 9.229521992892842e-06 1.185491348688619e-08 9.21035825740546e-06 9.261828381568193e-06
64 1.068571600626456e-05 1.832704736864902e-08 1.065154719981365e-05 1.072604209184647e-05
128 1.363164847134613e-05 4.56833109500697e-08 1.355011045234278e-05 1.372924816678278e-05
256 1.950213982127025e-05 8.951563700487949e-08 1.932443410623819e-05 1.962762326002121e-05
512 3.110122588623199e-05 3.003497297961075e-07 3.052294778171927e-05 3.153094439767301e-05
1024 5.431418139778543e-05 3.931262447845452e-07 5.367785342969e-05 5.493096250575036e-05
2048 0.0001012936681945575 1.021115400612695e-06 9.987744851969182e-05 0.000102778198197484
4096 0.0001953207938640844 2.687524156637235e-06 0.0001908962149173021 0.0002008496085181832
8192 0.000382042140699923 3.960430477877466e-06 0.0003755473298951983 0.0003896371927112341
16384 0.000756373890908435 8.495077935215645e-06 0.0007429297547787428 0.0007716172840446234
32768 0.001506968139437959 1.866083527675436e-05 0.001477175857871771 0.001549751963466406
65536 0.002988020773045719 1.570435795731006e-05 0.002957871183753014 0.003020136617124081
131072 0.005929119884967804 2.620158000257622e-05 0.005874648690223694 0.005991265177726746
262144 0.01183561654761434 5.847352567425231e-05 0.01172788813710213 0.01194239035248756
524288 0.02360669570043683 0.0002687138254820721 0.02311765402555466 0.02399925142526627
1048576 0.04779601283371449 0.000468963678680354 0.04722250998020172 0.04872867465019226


16 1882904.888794981 3973.399569810601 1874512.361764273 1889553.992254543
32 3467140.493362529 4448.09524913174 3455041.346229504 3474349.108436781
64 5989320.353489123 10264.9548401154 5966786.206130069 6008516.772203731
128 9390012.350450933 31463.34262996063 9323161.65059129 9446417.462808883
256 13127024.76264923 60442.7966073984 13042842.5596204 13247477.18834156
512 16463814.07569818 159112.1449795454 16238016.64620568 16774264.51932162
1024 18854199.46216178 136779.4427780101 18641581.23740876 19076768.8082253
2048 20220366.59167369 203812.4869964995 19926404.9761298 20505129.33954472
4096 20974358.42203185 289117.2006542332 20393368.10372315 21456685.2557785
8192 21444820.24646842 222223.0912911163 21024686.94786848 21813495.52474808
16384 21663806.90341287 243343.6413091698 21233324.26422488 22053228.98243514
32768 21747410.71576067 266114.6453705889 21144028.70424904 22182869.98489823
65536 21933481.41852491 115340.9878410558 21699680.61325866 22156475.35970327
131072 22106889.2778525 97576.78069337105 21877182.21641667 22311461.82717678
262144 22149247.8866892 109540.7154384471 21950714.40998378 22352191.36944922
524288 22211997.5567911 253534.3913543193 21846014.72394396 22679117.84735782
1048576 21940530.31123511 213511.3480704977 21518664.47276466 22205003.51293527
