16 0.000801956353825517 2.31528633153017e-06 0.0007972827297635376 0.0008060873951762915
32 0.0008053814817685634 4.100091931849373e-06 0.0007992259925231338 0.0008138198172673583
64 0.0008102405845420435 5.243046011510134e-06 0.0008041639812290668 0.0008208486251533031
128 0.0008179602009477094 4.041879893170542e-06 0.0008139463607221842 0.0008271515835076571
256 0.0008374446915695444 3.457795076639715e-06 0.0008331367280334234 0.0008438555523753166
512 0.0008792404114501551 7.210942952477412e-06 0.0008714513387531042 0.0008932529017329216
1024 0.0009602894278941676 9.922992826575751e-06 0.0009485001210123301 0.0009794393554329872
2048 0.001111863530240953 8.061793708948449e-06 0.001102297101169825 0.001126681454479694
4096 0.001430416799848899 1.633526345865461e-05 0.001409580465406179 0.001461355481296778
8192 0.00205744564300403 2.681577245291369e-05 0.002027410082519054 0.002102738246321678
16384 0.003316574962809682 4.980568728473313e-05 0.003256214782595634 0.003408175893127918
32768 0.005795262870378792 8.172395659144481e-05 0.005704915151000023 0.006000788882374763
65536 0.01086548250168562 0.0002280494589911279 0.01060035824775696 0.01128923520445824
131072 0.02090004924684763 0.0004687677342579615 0.02033990621566772 0.021726094186306
262144 0.04059087671339512 0.0008416002488719625 0.03986942768096924 0.04242099821567535
524288 0.0811454001814127 0.002000800210380261 0.07893475890159607 0.08448073267936707
1048576 0.1590570881962776 0.002714784415203808 0.1572677493095398 0.1658852100372314


16 19951.36643946014 57.62710605735336 19848.96438741707 20068.16327847132
32 39733.68824721461 202.0713993533695 39320.74314367215 40038.73785307822
64 78991.97692022621 509.7475796898122 77968.09063065343 79585.75799699929
128 156490.4018471468 770.7502604511023 154747.9356289174 157258.5199428011
256 305696.7072341088 1260.063504847298 303369.4561579899 307272.4936809291
512 582357.3671794551 4753.021321423015 573185.9353680393 587525.6336545231
1024 1066451.251544675 10950.13819203782 1045496.073156376 1079599.229683903
2048 1842043.102475335 13303.71316558691 1817727.621109885 1857938.29796571
4096 2863849.637316564 32561.43351227647 2802877.227630673 2905829.145993246
8192 3982267.338868607 51656.92116193837 3895872.448380236 4040623.093785472
16384 4941075.104773799 73807.89095923491 4807263.625400294 5031609.120986725
32768 5655317.926720987 79030.94162653974 5460615.369463278 5743818.993391348
65536 6034050.084996321 125685.5839964307 5805176.242064578 6182432.562019067
131072 6274305.596740366 139498.595498754 6032929.751478981 6444080.843353935
262144 6460751.273003616 131269.4371092288 6179581.127893706 6575063.030692273
524288 6464764.485038092 158836.0057594344 6206006.782515135 6642042.204165126
1048576 6594210.171814769 109971.4915244535 6321093.964704005 6667457.279725906
