16 3.016293157998007e-05 1.922773593810246e-07 2.992749068653211e-05 3.039843431906775e-05
32 3.132544225081801e-05 1.896878309349599e-07 3.101483162026852e-05 3.160779306199402e-05
64 3.306404414615827e-05 1.777367016739832e-07 3.275391645729542e-05 3.338257374707609e-05
128 3.664949235826498e-05 1.742614023240471e-07 3.635285247582942e-05 3.684521652758121e-05
256 4.387020453577861e-05 1.792652124211655e-07 4.354491829872131e-05 4.416657611727715e-05
512 5.836029140482424e-05 2.107979835063831e-07 5.794971366412938e-05 5.866003630217165e-05
1024 8.708939094503876e-05 3.444233606067024e-07 8.669262751936913e-05 8.768017869442701e-05
2048 0.0001446447240596171 1.223542546812978e-06 0.000141182157676667 0.000146295118611306
4096 0.0002594684483483434 1.950682517314383e-06 0.000255587394349277 0.0002621103776618838
8192 0.0004926155597786419 3.50758948278133e-06 0.0004860600456595421 0.0004967530257999897
16384 0.0009552744741085917 1.455336021805794e-05 0.0009334743954241276 0.0009842687286436558
32768 0.001876385387731716 3.42216839331912e-05 0.001820372883230448 0.001939648296684027
65536 0.003787502995692194 7.555667358685621e-05 0.003627819940447807 0.003908980637788773
131072 0.007711603189818561 0.0001217743964454358 0.007510188966989517 0.007889101281762123
262144 0.01547091361135244 0.0004055249538084048 0.01478332653641701 0.01620934531092644
524288 0.03107281913980842 0.0007361190796201116 0.02972796559333801 0.03218552470207214
1048576 0.06249477248638868 0.001920980523621992 0.05950112640857697 0.06535813212394714


16 530472.6514226245 3385.617269633419 526342.8975341611 534625.5109587346
32 1021569.056694559 6199.671493378924 1012408.551816216 1031764.42780001
64 1935689.835982793 10407.69126409585 1917167.935728911 1953964.805504809
128 3492619.118118751 16635.18086669175 3473992.340476085 3521044.190001477
256 5835486.985897034 23846.51012505487 5796238.298396365 5878986.802634956
512 8773195.982682936 31747.99815782954 8728259.173972677 8835246.416703623
1024 11758206.05724731 46467.42871506121 11678808.31503239 11811846.39687169
2048 14159789.45583189 121047.936553764 13999100.03450879 14506082.31027532
4096 15786961.51454787 119432.7820666651 15627004.30459012 16025829.48360335
8192 16630393.63040114 118804.9075789549 16491092.30247223 16853884.7682577
16384 17154812.72314732 260573.5483855089 16645860.54926028 17551632.99637787
32768 17468804.34277974 318272.3039722213 16893784.32988049 18000707.6032959
65536 17309732.19260215 348257.7867401444 16765496.1926525 18064843.64599155
131072 17000717.18714841 269686.3280082566 16614313.25555546 17452556.86323171
262144 16955240.4153277 444835.3184734198 16172399.00634934 17732409.50568458
524288 16881776.83625028 400610.9084919875 16289558.88875864 17636188.3343101
1048576 16793588.60206376 519595.5981477536 16043542.95210654 17622792.42916736
