16 4.702252454080735e-06 6.170815082627609e-08 4.615143552655354e-06 4.847252057516016e-06
32 5.507576929630886e-06 9.577394473808999e-08 5.362686351872981e-06 5.659889211528935e-06
64 7.020621183073672e-06 9.154885868641077e-08 6.85900158714503e-06 7.190079486463219e-06
128 1.038481445903017e-05 1.981516374124149e-07 1.002229328150861e-05 1.074340980267152e-05
256 1.650729200264323e-05 3.913060213696217e-07 1.60973213496618e-05 1.747973874444142e-05
512 2.895428815463674e-05 5.224619531913966e-07 2.790750295389444e-05 2.97887236229144e-05
1024 5.289480668579927e-05 1.250345201550129e-06 5.118707485962659e-05 5.609638174064457e-05
2048 0.0001014578319882276 2.059790024973347e-06 9.898925782181323e-05 0.0001052687875926495
4096 0.0001991055469261482 3.48154276012256e-06 0.0001944257528521121 0.0002064513973891735
8192 0.0003979661851190031 7.486034060640228e-06 0.0003882417222484946 0.0004164398415014148
16384 0.00079334519978147 2.337374682046629e-05 0.0007695332169532776 0.0008646766655147076
32768 0.001571677887113765 3.087464516718911e-05 0.001537398435175419 0.001643248368054628
65536 0.003141143475659192 4.627895518743324e-05 0.003083391115069389 0.003251336514949799
131072 0.00628394284285605 0.0001137672011216315 0.006155053153634071 0.006546882912516594
262144 0.01251999125815928 0.0003032360621492446 0.01226481050252914 0.0135950930416584
524288 0.02533252816647291 0.0003227306978369483 0.02472225576639175 0.02585584670305252
1048576 0.05169027671217918 0.001835858554671588 0.04908125102519989 0.05484268069267273


16 3403170.156158052 44347.62018631436 3300839.281751573 3466847.74101865
32 5811818.792034691 100681.070393377 5653820.914871879 5967158.603042974
64 9117453.386731327 118695.7766618662 8901153.335021256 9330804.080866113
128 12329919.80226661 236539.9999451595 11914280.69402795 12771528.07293749
256 15516262.72041612 358508.1725399859 14645527.816107 15903267.03674699
512 17688480.12518555 321307.8980656802 17187711.91680579 18346320.73123373
1024 19369127.71937383 449180.275008637 18254296.76969811 20005050.15784116
2048 20193457.01499329 406237.8138388845 19454959.50732318 20689113.59742212
4096 20577852.79516065 356871.2308000741 19840020.71092205 21067168.00585353
8192 20591389.00454067 381470.6982147628 19671508.78375351 21100256.69718387
16384 20667787.18390034 579557.7553281401 18948123.21580027 21290828.82850365
32768 20856428.30636686 400383.0254025193 19940990.44126399 21313928.28968317
65536 20867947.11013541 304655.0491567319 20156633.95611693 21254520.60872439
131072 20864531.27598221 370612.0653943164 20020519.95605592 21295023.24811157
262144 20948812.05636097 474872.0913607115 19282251.26497717 21373668.99765332
524288 20699391.00756709 264125.6563511371 20277347.94459866 21207126.28144291
1048576 20309424.59037219 711391.5299204924 19119707.25639776 21364084.61678427
