16 1.097981908060319e-05 5.038375390554274e-08 1.090090881916694e-05 1.113186954171397e-05
32 1.362994839837484e-05 6.446430726736099e-08 1.354830965283327e-05 1.375448846374638e-05
64 1.838221714933752e-05 1.217608179162141e-07 1.818533201003447e-05 1.855086884461343e-05
128 2.830212679327815e-05 1.246044646867333e-07 2.802071685437113e-05 2.85766291199252e-05
256 4.813914165424649e-05 1.694381758536536e-07 4.779724986292422e-05 4.836908192373812e-05
512 8.760934179008473e-05 3.84711413997212e-07 8.709094254299998e-05 8.845323463901877e-05
1024 0.0001663417388044763 2.911723327159267e-07 0.000165894569363445 0.0001668327604420483
2048 0.0003234621981391683 6.546429692528114e-07 0.00032212701626122 0.0003244252875447273
4096 0.0006390629278030246 1.464646872949368e-06 0.0006364316213876009 0.000640916870906949
8192 0.001268819731194526 3.143229776446323e-06 0.0012620291672647 0.001272816210985184
16384 0.002529307384975255 7.275316001497534e-06 0.00251177791506052 0.002542473375797272
32768 0.004987465683370829 1.343784594700547e-05 0.004961492493748665 0.005004210397601128
65536 0.009970785118639469 2.988221137251116e-05 0.00992836058139801 0.01004092395305634
131072 0.02003001188859344 7.371986533964065e-05 0.01991593837738037 0.02014891058206558
262144 0.04019127693027258 0.0001488662480054365 0.03991769254207611 0.0403694361448288
524288 0.08074362948536873 0.000340353933499578 0.08019039034843445 0.0812896192073822
1048576 0.1616939716041088 0.0004462719377157185 0.1607115268707275 0.1623292565345764


16 1457247.475556763 6640.15417385814 1437314.724183921 1467767.528874967
32 2347820.283336961 11074.93873054622 2326513.274873473 2361918.262866693
64 3481769.342568714 23128.75795464651 3449973.181098928 3519319.854302659
128 4522710.523969596 19918.02201504968 4479184.702395544 4568048.728561792
256 5317979.723998676 18755.41295619812 5292637.152047385 5355956.686507528
512 5844231.020378605 25599.95707563096 5788369.437132431 5878912.146888373
1024 6156019.221283626 10775.33274392323 6137883.214823989 6172595.064016839
2048 6331521.524746228 12823.24918798003 6312701.502091293 6357740.570071376
4096 6409416.041989585 14697.57990822971 6390844.407331374 6435883.859871013
8192 6456431.143684723 16027.12237820924 6436121.672004191 6491133.654030515
16384 6477712.96853914 18656.72413217181 6444118.611414087 6522869.677992703
32768 6570115.056224728 17731.35208197346 6548085.990890396 6604464.289986677
65536 6572857.599191929 19659.07785664144 6526889.388506088 6600888.380584168
131072 6543863.52732394 24080.44560561413 6505165.600202045 6581261.576349609
262144 6522494.390367262 24206.68217443683 6493625.500726243 6567113.05954575
524288 6493351.060283778 27366.63548246971 6449630.4092957 6538040.252976966
1048576 6484988.205317217 17923.32974917236 6459562.634519006 6524584.890811529
