16 6.713035759275954e-06 2.868169030765428e-07 6.342757842503488e-06 7.277983968378976e-06
32 8.012963235159987e-06 2.036406365582672e-07 7.656115485588089e-06 8.324310329044238e-06
64 1.019317710415635e-05 2.160776200758434e-07 9.779007086763158e-06 1.059648275258951e-05
128 1.459563713979151e-05 2.245632390057128e-07 1.419027466909029e-05 1.492048613727093e-05
256 2.335881345061352e-05 4.04632062919541e-07 2.272488200105727e-05 2.410342858638614e-05
512 4.09958638556418e-05 6.790569497972683e-07 4.035663732793182e-05 4.253161023370922e-05
1024 7.581926547572948e-05 9.592979598277151e-07 7.458298932760954e-05 7.844643550924957e-05
2048 0.0001459783379686996 1.335908000309634e-06 0.0001435934682376683 0.0001488852431066334
4096 0.000286333219264634 4.127480725396761e-06 0.0002816859632730484 0.0002941787242889404
8192 0.0005665844510076568 9.444010012032403e-06 0.0005578231066465378 0.0005983905866742134
16384 0.001120045286370441 4.974883039965168e-06 0.001112132798880339 0.001126884948462248
32768 0.002253323676995933 4.528996382051599e-05 0.002213628962635994 0.00239694956690073
65536 0.00449852435849607 7.668057510330472e-05 0.004419382661581039 0.004689259454607964
131072 0.00895272265188396 0.0001325678112084673 0.008828703314065933 0.009274233132600784
262144 0.01787262130528688 0.0001545512142969163 0.01764793694019318 0.01830953359603882
524288 0.03569403849542141 0.0004222023513719089 0.03526437282562256 0.03675268590450287
1048576 0.07152488641440868 0.0007169313670243486 0.07069677114486694 0.07312500476837158


16 2387457.249298774 100806.9404361227 2198410.998089032 2522562.014394167
32 3995962.298466221 102161.2014516897 3844162.307158256 4179665.270232269
64 6281361.39830366 133467.3834906786 6039739.930153714 6544631.723053996
128 8771697.813779725 135475.8400797985 8578808.949144078 9020262.326480102
256 10962537.67252586 189492.3865442466 10620895.65733363 11265185.00681718
512 12492228.11886163 203732.9978310002 12038105.23952853 12686884.58454967
1024 13507802.62186889 168676.8518659224 13053493.04085666 13729672.26483814
2048 14030577.64360782 128084.968011783 13755560.70747184 14262487.18089502
4096 14307773.08891486 204362.5007158695 13923508.60824638 14541015.64879752
8192 14462190.68342728 231866.7260335856 13690054.92805327 14685659.1317054
16384 14628250.88664661 65063.92724318277 14539194.99267221 14732053.59692198
32768 14547366.17909858 280943.9069447982 13670708.99300114 14802842.09914736
65536 14572211.09774443 242722.2340786407 13975767.52457153 14829220.50849392
131072 14643401.99927454 211766.9865042484 14132920.54728015 14846121.26349013
262144 14668369.04803245 125659.0335959034 14317349.95460035 14854087.52809894
524288 14690293.87091306 171595.6379339025 14265297.54484597 14867356.42776157
1048576 14661667.90781779 146009.3820883325 14339499.91964357 14832021.08129281
