16 1.745693225529976e-05 1.091627451162136e-07 1.721356238704175e-05 1.764358603395522e-05
32 2.451273121550912e-05 1.084609963614236e-07 2.435122587485239e-05 2.469823812134564e-05
64 3.852814188576303e-05 1.888727050713267e-07 3.813495277427137e-05 3.882507735397667e-05
128 6.654349454038311e-05 2.039748932871488e-07 6.624634261243045e-05 6.7085464252159e-05
256 0.0001227089451276697 3.631991783895823e-07 0.0001222658320330083 0.0001232939539477229
512 0.0002347826994082425 4.969058308470102e-07 0.0002334484597668052 0.0002354040625505149
1024 0.0004588410301948898 6.690266686237132e-07 0.000457845744676888 0.000460307695902884
2048 0.00090602325508371 1.284981733318214e-06 0.0009044480975717306 0.0009086737409234047
4096 0.001796154043404385 4.112877597866386e-06 0.001789341680705547 0.001805578358471394
8192 0.003582103876397014 6.386068227676724e-06 0.003567184321582317 0.003595183603465557
16384 0.007131666410714388 1.469753090949019e-05 0.007109757512807846 0.007164789363741875
32768 0.01433076011016965 3.229728987218111e-05 0.01427013799548149 0.01439348608255386
65536 0.02887206710875034 6.504798325037554e-05 0.02875903248786926 0.02901399880647659
131072 0.05790751520544291 0.0001161131168445803 0.05767068266868591 0.05807299911975861
262144 0.1158781796693802 0.0002970862417406972 0.1152762472629547 0.1162483692169189
524288 0.2318051271140575 0.0004996905900373278 0.230991005897522 0.2326287627220154
1048576 0.4638538546860218 0.001101440121951222 0.4617865085601807 0.4654810428619385


16 916574.9683812284 5737.268347668925 906845.1259969417 929499.6375674504
32 1305468.049207503 5776.878166168766 1295638.97808337 1314102.220744728
64 1661160.928060627 8154.794369020621 1648419.123972326 1678250.406623791
128 1923570.821106317 5880.168971196304 1908013.92562295 1932182.139455682
256 2086254.596036299 6169.62709313566 2076338.634646634 2093798.371493413
512 2180749.080331194 4627.720452592777 2174983.704413048 2193203.589826396
1024 2231714.194046338 3252.326758553204 2224598.913106254 2236561.138561329
2048 2260431.889300773 3202.737864288307 2253834.250694643 2264364.318415271
4096 2280439.220205068 5219.695172295147 2268525.196252176 2289110.036482761
8192 2286931.005637153 4078.952496068785 2278604.072432731 2296489.124611937
16384 2297368.418615401 4730.72069713252 2286738.544319649 2304438.649347057
32768 2286560.917823082 5151.843278325408 2276585.38119668 2296263.708898659
65536 2269886.369226075 5109.380745021087 2258771.720407283 2278797.105836001
131072 2263479.861639439 4542.753934394979 2257021.369426819 2272766.576268909
262144 2262251.781247192 5810.636488998913 2255033.784696287 2274050.43297452
524288 2261771.735890823 4877.142620896625 2253753.980656764 2269733.394869053
1048576 2260586.031989198 5369.751370467948 2252671.759848676 2270694.315581868
