16 3.074398559815839e-06 5.014697273762252e-09 3.06631110058575e-06 3.082294850909051e-06
32 4.621140384464262e-06 4.651885947578458e-09 4.611732421722081e-06 4.62844858439837e-06
64 7.733212756044772e-06 2.015902446021009e-08 7.697798917405407e-06 7.76924102474652e-06
128 1.397492565380354e-05 2.924808649305823e-08 1.392785608977931e-05 1.403875564776058e-05
256 2.646293431740609e-05 5.224306852590735e-08 2.638327086756931e-05 2.656658815070045e-05
512 5.121285353171245e-05 1.392224900548114e-07 5.098321404517492e-05 5.157006891209903e-05
1024 0.0001010008572741583 2.927600378962494e-07 0.0001003600952884653 0.0001013993006182545
2048 0.0002006561609864121 3.736539706456369e-07 0.0002001823782507017 0.000201402074054613
4096 0.0003997548668372986 9.870598450030586e-07 0.000398005856823147 0.0004017358043029162
8192 0.0007977724112890883 1.200845573208594e-06 0.00079525206820108 0.0008000937505130423
16384 0.001601199716319002 2.853693787045327e-06 0.001595896561866539 0.001605297054993571
32768 0.003217761561245425 6.518421543056133e-06 0.003207339641448925 0.003236082244711724
65536 0.006435601969201343 1.079533632008022e-05 0.00641219520366576 0.006458968376136909
131072 0.01302714739085786 3.898218055939358e-05 0.01293701607210096 0.01309986114210915
262144 0.02588019160225485 7.555475618385501e-05 0.02574234736675862 0.02598271556053078
524288 0.05148153608661232 0.000161802047729321 0.05117244148277678 0.05176350090914639
1048576 0.102603749897753 0.0003767919805723865 0.1020560028264299 0.1033926170639461


16 5204282.916347325 8487.675145319814 5190937.523475788 5217996.307336056
32 6924704.240962443 6974.868507699073 6913763.74102242 6938824.08469197
64 8276043.856457556 21584.20448256779 8237612.888588183 8314064.927740619
128 9159299.206669273 19163.18420593875 9117617.202805161 9190215.577681789
256 9673943.642731501 19094.53793946371 9636163.987179149 9703118.361820666
512 9997559.345521517 27141.00077172494 9928239.593255186 10042521.04518813
1024 10138607.71840847 29407.20679360412 10098688.98263045 10203258.54670338
2048 10206547.57867077 18995.31961573031 10168713.55279418 10230670.74083391
4096 10246337.7753702 25279.73589874755 10195755.40972081 10291305.84332091
8192 10268614.56841455 15460.10790248476 10238800.13404312 10301136.3661473
16384 10232358.05491345 18246.24263234791 10206210.71286125 10266329.53005269
32768 10183515.83414242 20587.43264315966 10125824.22883354 10216566.89442374
65536 10183378.82828358 17078.08960857843 10146511.9789295 10220524.7841697
131072 10061535.15970237 30140.63512721956 10005602.24097892 10131548.05323775
262144 10129217.7498768 29593.12195868258 10089168.67789646 10183375.9083878
524288 10184095.01527841 32006.64202310727 10128526.67983592 10245514.67172933
1048576 10219794.46939593 37469.58472335086 10141691.25201153 10274515.66747474
