16 0.0005611702035821509 2.287537895058655e-06 0.0005563310696743429 0.0005645100609399378
32 0.0005626211641356349 4.171055394090772e-06 0.0005533681251108646 0.0005671113030984998
64 0.0005688564560841769 3.788482476596873e-06 0.000559916952624917 0.0005727910902351141
128 0.0005808091518701985 2.180834183206347e-06 0.0005771249998360872 0.0005841357633471489
256 0.0006033743993612006 3.62234441399445e-06 0.0005941805429756641 0.0006070174276828766
512 0.0006508831866085529 3.259143330162381e-06 0.0006435206159949303 0.0006543553899973631
1024 0.0007441407215083018 2.371656470219429e-06 0.000738989096134901 0.0007475623860955238
2048 0.0009304146515205503 3.940252076031981e-06 0.000917418859899044 0.0009339433163404465
4096 0.001301035983487964 5.237086550866256e-06 0.001288366969674826 0.001304810866713524
8192 0.002040810126345605 5.768831559095106e-06 0.002028245478868484 0.002047186717391014
16384 0.003515681659337133 4.589414658342852e-06 0.003500335849821568 0.003519437275826931
32768 0.006443305173888803 3.711983754646713e-06 0.006433820351958275 0.006448695436120033
65536 0.01225144835188985 9.338374839650619e-06 0.01223212480545044 0.01227018609642982
131072 0.02390523254871368 2.892868965475701e-05 0.02385084331035614 0.0239655002951622
262144 0.0472793597728014 4.733239608829342e-05 0.04721038043498993 0.04737299680709839
524288 0.09400144219398499 0.0001295106083958408 0.09384775161743164 0.09425449371337891
1048576 0.1876538917422295 0.000235436068168711 0.1872785091400146 0.1880267858505249


16 28512.2935084278 116.3662540138137 28343.16180894844 28759.85338975558
32 56879.59502566428 425.5398471380971 56426.31318607667 57827.6892865648
64 112511.1406679057 757.0475051651027 111733.5815641439 114302.6652434169
128 220385.1156875076 827.6401714459076 219127.1413798546 221789.0405654825
256 424294.9475702858 2564.623584400352 421734.1847617294 430845.4779046593
512 786642.0716577064 3959.632251956584 782449.4270644935 795623.3060356742
1024 1376096.93533438 4392.490784837003 1369785.343733376 1385676.73779732
2048 2201206.511134931 9417.852777071921 2192852.568424453 2232350.008833881
4096 3148308.512235058 12762.68566764592 3139152.274472353 3179218.418672903
8192 4014122.354163306 11380.52882926287 4001589.073633737 4038958.836762769
16384 4660270.139347003 6102.506890907301 4655289.671599672 4680693.711386348
32768 5085590.285959527 2931.565788439145 5081337.818570545 5093085.943878793
65536 5349248.008372021 4077.344745790487 5341076.287267443 5357695.497907135
131072 5482991.208754571 6633.618804530562 5469195.234220037 5495487.027206621
262144 5544581.135286605 5550.190661603138 5533616.567840189 5552677.13550794
524288 5577456.259855325 7677.730905637667 5562472.189329475 5586580.295895088
1048576 5587827.341906141 7009.260214667084 5576737.352908768 5599019.368613487
