16 0.0004609758289007004 1.502141843522287e-06 0.0004590068710967898 0.0004631133051589131
32 0.0004649585098377429 1.137462847990629e-06 0.0004632944473996758 0.0004675873788073659
64 0.0004717230040114373 1.240578780698819e-06 0.0004690815694630146 0.0004731655353680253
128 0.0004855382503592409 1.248399305468987e-06 0.0004830898251384497 0.000487098703160882
256 0.0005132207879796624 1.650828406027469e-06 0.0005108914338052273 0.0005162020679563284
512 0.0005700521141989157 1.162723021046584e-06 0.0005677216686308384 0.0005713759455829859
1024 0.0006820989801781252 1.787302018418458e-06 0.0006789716426283121 0.0006846757605671883
2048 0.0009073257824638858 1.84295876276417e-06 0.000904702115803957 0.0009099210146814585
4096 0.001357873057713732 1.626892635623758e-06 0.00135509017854929 0.001359902322292328
8192 0.002259599277749658 1.944688912230812e-06 0.002257390879094601 0.002262820489704609
16384 0.004062447929754853 1.665342112201638e-06 0.004060398787260056 0.004064938053488731
32768 0.007670806720852852 1.656705049069009e-06 0.007668750360608101 0.007674461230635643
65536 0.014881995273754 2.693807264778696e-06 0.01487848162651062 0.01489033177495003
131072 0.02930080192163587 2.238164776544273e-06 0.0292966216802597 0.02930524945259094
262144 0.05814098753035069 3.975361989896961e-06 0.05813398957252502 0.058147132396698
524288 0.1158304791897535 8.09798414768349e-06 0.115816742181778 0.1158459782600403
1048576 0.231285598129034 3.362070401011781e-05 0.2312299609184265 0.2313637733459473


16 34709.32359666489 113.0586628457445 34548.78065856852 34857.86598742683
32 68823.73053940102 168.0406629650722 68436.40664899808 69070.54504884702
64 135673.7221379516 357.4879365535325 135259.2173692895 136436.8249924306
128 263626.5914069536 678.3656402095894 262780.4163086087 264961.0762621966
256 498815.4916520496 1602.228773574763 495929.8226245348 501084.93323769
512 898167.0039813601 1834.3390153343 896082.5249260302 901850.3754397448
1024 1501258.057116456 3932.78589933306 1495598.440861575 1508163.13334689
2048 2257191.363386157 4583.911088963972 2250744.80856666 2263728.540283184
4096 3016486.327698709 3614.806620375958 3011981.031913786 3022677.062263877
8192 3625424.104047476 3119.356854074149 3620260.660212332 3628968.326161425
16384 4033036.943311987 1653.142734396449 4030565.726810631 4035071.641585203
32768 4271780.351829879 922.5211375891128 4269745.981541165 4272925.63444478
65536 4403710.712637478 796.8700278916691 4401245.115992047 4404750.541428054
131072 4473324.69150587 341.6972705328478 4472645.769900165 4473962.951445605
262144 4508764.165935493 308.2848898012758 4508287.66948594 4509306.894772161
524288 4526338.888260233 316.4440723147277 4525733.287202488 4526875.735954598
1048576 4533684.886793635 658.9789619552266 4532152.915885039 4534775.665900482
