16 0.0003811497845163103 3.138944354084914e-06 0.0003761694533750415 0.0003893589018844068
32 0.0003816085663856938 1.990348372374862e-06 0.0003794609801843762 0.0003878965508192778
64 0.0003834619346889667 1.522060790747055e-06 0.0003803666913881898 0.0003862261073663831
128 0.0003878647185047157 1.961070318665929e-06 0.0003850171342492104 0.0003929291851818562
256 0.0003972822523792274 1.836424679229549e-06 0.0003942260518670082 0.0004013139987364411
512 0.0004153593035880476 1.212384416107515e-06 0.0004134677583351731 0.0004178861854597926
1024 0.0004511532752076164 1.396282923317422e-06 0.0004489809507504106 0.0004538724897429347
2048 0.0005251169059192762 1.895505660762878e-06 0.0005206982605159283 0.0005271437112241983
4096 0.0006708409200655296 1.296980596390883e-06 0.0006688807625323534 0.0006730838213115931
8192 0.0009638509509386495 3.113217570684958e-06 0.0009568689856678247 0.0009683798998594284
16384 0.00154665089212358 4.292455302941335e-06 0.001541126985102892 0.001554402057081461
32768 0.002701696299482137 8.277592407639312e-06 0.002690120600163937 0.002712983638048172
65536 0.004990515066310763 1.298820438436473e-05 0.004967181012034416 0.005013156682252884
131072 0.009559284197166562 5.802572468110177e-05 0.009456422179937363 0.009664781391620636
262144 0.01868171850219369 0.0001476394634457352 0.01842331141233444 0.01895059645175934
524288 0.03630738332867622 0.0004065218927738472 0.03513337671756744 0.03682525455951691
1048576 0.07062454335391521 0.001100668887938776 0.06844910979270935 0.07252961397171021


16 41980.89860092239 343.3956403687013 41093.19171223185 42534.02251683625
32 83857.67818486987 433.2269326741173 82496.22207883179 84330.14636828146
64 166902.9946470189 662.4318491894339 165706.0431165729 168258.6868119945
128 330019.8360936661 1659.442695444322 325758.44408391 332452.7368102774
256 644391.0213397862 2971.833140100888 637904.4857792897 649373.6240606477
512 1232677.542238108 3594.472414301314 1225213.9884372 1238306.953029583
1024 2269758.97160947 7023.617809139978 2256140.266575697 2280720.369736229
2048 3900131.712873994 14123.45624219436 3885088.556294983 3933180.030159427
4096 6105790.846001687 11800.84736068583 6085423.345963659 6123662.43647481
8192 8499322.791846199 27531.94289003917 8459489.918356592 8561255.639697196
16384 10593287.90897605 29371.29121549745 10540387.49199968 10631181.05021445
32768 12128783.07841705 37158.72867434056 12078215.1209635 12180866.53736011
65536 13132194.8889676 34201.17568988549 13072801.06205428 13193801.44215005
131072 13711959.74071513 83092.38376418747 13561817.35405204 13860633.28243539
262144 14032933.75430286 110674.6640462576 13833021.06966997 14228929.54110813
524288 14441981.20211258 164143.6421617655 14237186.03635575 14922789.92180802
1048576 14850593.45994416 233002.826063713 14457211.92462146 15319059.70984134
