16 0.0003460776533756871 1.561864744562814e-06 0.0003434860846027732 0.0003481799503788352
32 0.0003480394589132629 1.588783891108077e-06 0.0003450528020039201 0.0003512832336127758
64 0.0003513002302497625 1.32394130166602e-06 0.0003481381572782993 0.0003532759146764874
128 0.0003571584893506952 1.750019213865568e-06 0.0003529932582750916 0.0003591402200981975
256 0.0003693211183417588 1.654513201830544e-06 0.0003661747323349118 0.0003718696534633636
512 0.0003930051898350939 1.430396773807772e-06 0.0003903080942109227 0.000395412091165781
1024 0.000441709766164422 1.422562428376444e-06 0.0004387333756312728 0.0004435180453583598
2048 0.0005385200784076005 1.217853870841469e-06 0.0005364737007766962 0.0005405282136052847
4096 0.0007332244276767597 1.15059893231972e-06 0.0007309678476303816 0.0007348505314439535
8192 0.001122455898439512 1.476106635062619e-06 0.001119136344641447 0.001125255599617958
16384 0.001900912990095094 1.592726835414975e-06 0.001898318063467741 0.001904558856040239
32768 0.003457312181126326 1.558768913884663e-06 0.003455160185694695 0.003459827974438667
65536 0.006570387980900705 1.437927346333294e-06 0.006566891446709633 0.0065729059278965
131072 0.01279251393862069 1.261799117334909e-06 0.01279060915112495 0.01279484480619431
262144 0.02523754071444273 4.537685265453559e-06 0.02523408830165863 0.0252537801861763
524288 0.05013185739517212 5.404476760680206e-06 0.05012811720371246 0.05015149712562561
1048576 0.09996993653476238 7.780487602587677e-06 0.09996098279953003 0.0999903678894043


16 46233.28312312775 209.0716001222081 45953.2491247451 46581.2174560239
32 91945.39338877118 419.5920409472059 91094.58390853356 92739.42948487187
64 182182.7859120049 688.5678506278032 181161.5152383316 183835.0627818106
128 358392.4147195512 1763.623540923989 356406.7537882606 362613.1576151751
256 693176.8034100492 3115.389911606434 688413.2588281258 699119.7846110706
512 1302797.97531143 4746.959952130047 1294851.653348502 1311784.222756382
1024 2318286.941413974 7485.342042448849 2308812.483994004 2333991.569541785
2048 3803033.358143511 8602.879843439674 3788886.4049112 3817521.710821882
4096 5586297.060170298 8774.362915379996 5573922.620633498 5603529.639885293
8192 7298294.124913002 9602.974839126004 7280123.736137205 7319930.265176565
16384 8619021.946568687 7219.587336375316 8602517.033295525 8630798.134044318
32768 9477884.705789287 4273.209285907444 9470991.113457419 9483786.05879648
65536 9974449.474444414 2183.135686083606 9970628.017336195 9979759.911036305
131072 10245992.44717181 1010.576159700841 10244125.81671524 10247518.19489942
262144 10387066.27189652 1866.585410530871 10380386.54282321 10388487.06821595
524288 10458180.34583712 1127.06534240888 10454084.72426455 10458960.54442618
1048576 10488913.39037088 816.263645216805 10486770.09729369 10489852.84691429
