16 0.0002707567618926987 2.946945170178601e-06 0.0002662873594090343 0.0002780967042781413
32 0.0002713719295570627 2.48446752976846e-06 0.0002676108852028847 0.0002766255056485534
64 0.0002725268059293739 2.897822370246829e-06 0.000267969211563468 0.00027733005117625
128 0.0002744539015111513 3.506616196800178e-06 0.0002698623575270176 0.000282015185803175
256 0.0002775609900709242 3.265764535963299e-06 0.0002729458501562476 0.0002826469717547297
512 0.0002849695956683718 3.339212378587961e-06 0.00028058304451406 0.0002917583333328366
1024 0.0002981757497764193 2.596098111250574e-06 0.0002949878107756376 0.0003029267536476254
2048 0.0003266159255872481 2.509317186170369e-06 0.0003220107173547149 0.0003309028688818216
4096 0.0003834785238723271 2.939624335196415e-06 0.0003797939280048013 0.0003878925926983356
8192 0.0004951570881530643 2.48236559092681e-06 0.0004920701030641794 0.0004995644558221102
16384 0.0007204039429780096 2.584997931892856e-06 0.0007167011499404907 0.0007249950431287289
32768 0.001170755975181237 2.932769196603657e-06 0.001167027279734612 0.001177714671939611
65536 0.002068645437248051 2.832032923307818e-06 0.002064500004053116 0.002072515897452831
131072 0.003864193742629141 1.803207902839552e-06 0.003861585631966591 0.003867527469992638
262144 0.007459288113750517 2.31608673205035e-06 0.007455477491021156 0.007462741807103157
524288 0.01464911457151175 3.213401955932258e-06 0.01464493945240974 0.01465865597128868
1048576 0.02907209657132626 1.047820033942274e-05 0.02906587719917297 0.02911055833101273


16 59100.12694526143 636.7379068042723 57533.94324298585 60085.46569956776
32 117928.5841064433 1076.575708559589 115679.8608464373 119576.600838713
64 234864.1263681004 2492.175079987663 230771.9618864039 238833.4078627601
128 466451.4837754074 5910.751606424021 453876.2678167771 474315.8741106941
256 922439.0746278107 10812.49001293748 905723.4840009077 937914.9741732766
512 1796912.726341228 20922.04705011068 1754877.038647985 1824771.703103905
1024 3434459.636722489 29820.91748019796 3380355.111160473 3471329.873961592
2048 6270709.102135697 48230.2309067749 6189127.362118523 6360036.761583934
4096 10681758.92934008 81697.41433722091 10559624.17716355 10784795.90634271
8192 16544633.55284072 82749.34807496966 16398284.35455602 16648034.39385452
16384 22743070.32095818 81510.50827100816 22598775.19892351 22860295.39838244
32768 27988917.5132077 69983.71016895626 27823377.5809496 28078178.26456604
65536 31680690.15843247 43368.66950750235 31621470.34941697 31744247.93961583
131072 33919631.23090676 15826.46744731987 33890386.30415972 33942533.58386589
262144 35143303.18068021 10912.00551450309 35127035.98434655 35161262.34915302
524288 35789741.4948835 7848.243347927634 35766444.14241672 35799943.16150834
1048576 36068128.93518668 12984.4993494902 36020470.23889978 36075842.22608068
