16 0.0005501872838067356 2.118400368258724e-06 0.0005475688958540559 0.0005539240664802492
32 0.0005516780947800726 2.03703514586776e-06 0.0005486938171088696 0.0005567061016336083
64 0.0005535692471312359 3.15954206872867e-06 0.0005490048788487911 0.0005579343996942043
128 0.0005576516705332324 1.739152620594354e-06 0.000553877092897892 0.00056056072935462
256 0.0005653441185131669 2.378049225735932e-06 0.0005615293048322201 0.0005689756944775581
512 0.0005796811747131869 2.832009132187348e-06 0.0005763527005910873 0.0005844179540872574
1024 0.0006095043063396588 1.996604894127047e-06 0.0006059317383915186 0.0006132225971668959
2048 0.0006689207220915705 2.248130315344945e-06 0.0006646846886724234 0.0006719913799315691
4096 0.0007862948114052415 1.954083615651837e-06 0.0007836308795958757 0.0007914842572063208
8192 0.001021703326841816 2.249455473198662e-06 0.001018345355987549 0.001025767996907234
16384 0.00149489933392033 2.505743217841495e-06 0.00149183813482523 0.001499836333096027
32768 0.002426901482976973 3.362479193299456e-06 0.002423988655209541 0.002433484420180321
65536 0.004310059710405767 2.767616982094201e-06 0.004307165741920471 0.004318609833717346
131072 0.008068791124969721 3.471392763663635e-06 0.008063249289989471 0.00807575136423111
262144 0.01556033524684608 3.69324479035795e-06 0.01555210724473 0.01556936278939247
524288 0.03056594496592879 7.364401868158148e-06 0.03055246919393539 0.03057549893856049
1048576 0.06057491432875395 3.835579142262546e-05 0.06050118803977966 0.06065112352371216


16 29081.41013491925 111.8088355571194 28884.82549903886 29220.06732147272
32 58005.58006988951 213.5937048286503 57480.9579167511 58320.32183014501
64 115616.8955960015 660.9782374298525 114708.8260467135 116574.5560115999
128 229536.0632621408 717.0602927174398 228342.7883850656 231098.2014625345
256 452829.0672023416 1906.263192132591 449931.3458988138 455897.8450403234
512 883263.8665961004 4307.27229871742 876085.336563009 888344.9309336289
1024 1680070.660018842 5503.902292428397 1669866.70864855 1689959.338849403
2048 3061680.785015974 10306.22631899911 3047658.141401388 3081160.187532642
4096 5209272.145714871 12914.91338689832 5175087.138760705 5226950.73235544
8192 8018019.534747315 17655.66837483339 7986211.331119202 8044422.210828212
16384 10959964.15916845 18356.28927282022 10923858.58274245 10982424.71320081
32768 13502014.44612982 18679.07902692864 13465465.29259139 13518215.08305177
65536 15205363.66265553 9752.598336377147 15175253.73288661 15215574.21442039
131072 16244319.71406289 6987.398378614528 16230316.42362597 16255481.54175587
262144 16846938.68644142 3998.389143446678 16837169.48124561 16855850.84226
524288 17152685.09189717 4133.30140139951 17147324.43298876 17160249.68954294
1048576 17310406.55689376 10962.0612564601 17288649.22988687 17331494.37182223
