16 0.001125060174672399 6.607836845763369e-06 0.001116006867960095 0.001133005833253264
32 0.00113015827810159 6.929316056415431e-06 0.00111793156247586 0.001137478975579143
64 0.001139978150604293 5.815065545964006e-06 0.001127474708482623 0.001146462978795171
128 0.001157368678832427 6.497126383894043e-06 0.001147226430475712 0.001167502254247665
256 0.001192716299556196 7.65544474433673e-06 0.001176150515675545 0.001204624772071838
512 0.001266935607418418 7.390106827028072e-06 0.001252544578164816 0.001278152223676443
1024 0.001412791229085997 1.081631273935787e-05 0.00139214051887393 0.001425168011337519
2048 0.001702640380244702 1.107512046299432e-05 0.00168333575129509 0.001714632846415043
4096 0.002267920935992151 1.269504503597344e-05 0.002248812466859818 0.0022822180762887
8192 0.003398412431124598 1.781661156097643e-05 0.003357152454555035 0.003415476530790329
16384 0.005663303658366203 2.011666252588837e-05 0.005631187930703163 0.00569404661655426
32768 0.01019214233383536 3.337557840408615e-05 0.0101349838078022 0.01028532534837723
65536 0.01922826003283262 5.214264337876259e-05 0.01915422081947327 0.01938597112894058
131072 0.03729507047683001 5.481570795326209e-05 0.03720861673355103 0.03741562366485596
262144 0.07345305196940899 0.0001162002427749549 0.07331237196922302 0.07373836636543274
524288 0.1457230933010578 0.000177860762332327 0.1454209685325623 0.1459969878196716
1048576 0.2904595248401165 0.001095141521361786 0.2890812158584595 0.2939172387123108


16 14221.922103757 83.64515558380437 14121.72782381736 14336.8293326418
32 28315.61893750486 174.1242547192858 28132.38810300413 28624.2924648538
64 56142.80244603159 287.6420105573472 55823.86974872772 56764.02274790928
128 110598.9735748016 621.891172922607 109635.7626157071 111573.4406039819
256 214644.4415870405 1382.803260131973 212514.3081357232 217659.2167312544
512 404137.6280559141 2360.13997055821 400578.2648699674 408767.8865291679
1024 724846.2699428746 5567.25598660324 718511.7767546418 735557.9311981306
2048 1202885.541910991 7849.153650709287 1194424.803118616 1216631.915780528
4096 1806112.533314346 10118.62114656734 1794745.227266291 1821405.768760944
8192 2410599.685217114 12688.6576951928 2398494.009884003 2440163.236818445
16384 2893045.302719702 10289.17749001451 2877391.265531075 2909510.426861946
32768 3215057.972016792 10497.67160151913 3185898.24727032 3233157.607491613
65536 3408340.112031958 9204.678524377408 3380588.961167067 3421491.305632876
131072 3514466.217711711 5162.090574942229 3503135.512962579 3522624.905370705
262144 3568873.005488769 5639.420122118188 3555055.704663516 3575712.979387021
524288 3597842.459368303 4392.286562476482 3591087.787698573 3605312.255107164
1048576 3610106.714295416 13520.20995455245 3567589.313896477 3627271.308120573
