16 0.000745620211091591 2.218790758130846e-06 0.0007418800960294902 0.0007501425570808351
32 0.0007449543772963807 2.37126472300303e-06 0.0007419663015753031 0.0007513046730309725
64 0.0007471716962754726 2.969108434182479e-06 0.0007406445220112801 0.0007507714908570051
128 0.000749316270230338 3.534670420306262e-06 0.0007451544515788555 0.000758918933570385
256 0.000751187079004012 4.176254464416496e-06 0.0007463966030627489 0.0007620633114129305
512 0.0007564970437670127 3.395985831763611e-06 0.000749081838876009 0.0007618095260113478
1024 0.0007676425739191473 3.823059187186342e-06 0.0007634472567588091 0.0007771358359605074
2048 0.000790424965089187 3.257113208659327e-06 0.0007859200704842806 0.0007968076970428228
4096 0.0008372609445359558 2.318619834888147e-06 0.0008317392785102129 0.0008409854490309954
8192 0.0009304693230660632 2.167427585358982e-06 0.0009264452382922173 0.0009347889572381973
16384 0.001116376457503065 2.396455397697873e-06 0.001112308818846941 0.00111986743286252
32768 0.001491609727963805 3.518492819802184e-06 0.001486261375248432 0.001498865429311991
65536 0.002232819912023842 2.632491747212817e-06 0.002229508012533188 0.002237910404801369
131072 0.003725834714714438 2.698309136816072e-06 0.003721429966390133 0.003731702454388142
262144 0.006710328394547105 1.615177627163523e-06 0.006708633154630661 0.006714476272463799
524288 0.01268009329214692 3.747647687433028e-06 0.01267385855317116 0.01268729940056801
1048576 0.02467914111912251 1.859301257679991e-05 0.02465900033712387 0.02473559230566025


16 21458.82363426621 63.75065298748492 21329.27914697132 21566.8274235032
32 42956.05722976377 136.2389433545162 42592.57415623822 43128.64335221062
64 85657.62093044874 341.2692404480202 85245.64501902442 86411.2244106023
128 170825.9376516661 801.0575545479371 168660.9654048495 171776.4682594189
256 340803.754353674 1884.1587711758 335930.0942140282 342981.1965241196
512 676816.5010238315 3041.191049840987 672084.0085588184 683503.4216932181
1024 1333984.972821615 6600.903560775656 1317658.963357904 1341284.536599633
2048 2591052.415626057 10648.4267559092 2570256.295967902 2605862.958478756
4096 4892177.909673483 13570.22256904738 4870476.658923783 4924620.137378429
8192 8804203.941491133 20513.04672899054 8763475.366892427 8842400.674540568
16384 14676116.36874805 31513.99722783033 14630303.12268342 14729722.28790224
32768 21968327.27943252 51742.65134273216 21861869.22400443 22047266.07695282
65536 29351263.39550668 34584.25449674319 29284461.01300325 29394825.95782977
131072 35179248.26802036 25471.58528854156 35123915.0500521 35220869.71507425
262144 39065750.41063174 9400.660491955781 39041615.36396484 39075620.01941544
524288 41347333.24547017 12220.01797494366 41323845.4809798 41367670.13774322
1048576 42488373.16086476 31963.78729713765 42391384.32759721 42523053.88152251
