16 0.0003694087026815396 1.733117472203397e-06 0.0003671980230137706 0.0003723351983353496
32 0.0003705289491335861 2.360563168629173e-06 0.0003677705535665154 0.0003754477947950363
64 0.0003719165397342294 2.396391097148949e-06 0.0003693823236972094 0.0003761514090001583
128 0.0003733139528776519 2.127889129416948e-06 0.0003711094614118338 0.0003780063707381487
256 0.0003775934092118405 1.980415548390705e-06 0.0003754340577870607 0.0003812940558418632
512 0.0003853583621094003 1.924306639842751e-06 0.0003829052438959479 0.0003892704844474792
1024 0.0004010073389508761 1.200310887253797e-06 0.0003996142186224461 0.0004037865437567234
2048 0.0004328570503275841 1.623609965038092e-06 0.000430714339017868 0.0004356049466878176
4096 0.0004973969917045906 1.589494539437347e-06 0.0004951055161654949 0.0004992978647351265
8192 0.0006250290462048724 1.475421879064002e-06 0.0006225889082998037 0.0006290487945079803
16384 0.0008844037511153147 3.343737581524776e-06 0.0008804628159850836 0.0008918533567339182
32768 0.001401790737872943 6.166550674805967e-06 0.001395103521645069 0.001415578182786703
65536 0.002440142270643264 1.083585850916809e-05 0.002425414510071278 0.002460979856550694
131072 0.004515763721428812 1.876954122818448e-05 0.004483133554458618 0.004544733092188835
262144 0.008562286850064993 3.993008981343086e-05 0.00850212574005127 0.008630998432636261
524288 0.01647789031267166 0.0001263427669889627 0.01617387682199478 0.0166766569018364
1048576 0.03198223374783993 0.0002012156503082542 0.03165937960147858 0.0323137491941452


16 43313.35338378596 202.908136163696 42972.03184531952 43573.21934546465
32 86366.29460068606 547.8468822403354 85231.55667346342 87010.77258544692
64 172088.2886741478 1104.270678622325 170144.2516727966 173262.2161218039
128 342885.3371215013 1945.277066118888 338618.6316120786 344911.7128758776
256 677995.3579266082 3543.322261597717 671397.8255831314 681877.4021434104
512 1328664.386849662 6614.072092791002 1315280.814898463 1337145.437838748
1024 2553590.623750754 7625.4420699591 2535993.375294219 2562471.384351494
2048 4731416.460549899 17720.58698254253 4701507.674722821 4754891.617190946
4096 8234949.748960325 26327.56401319797 8203519.961321875 8272983.972634357
8192 13106659.21149455 30874.76409461183 13022837.13365589 13157960.07733436
16384 18525722.70859976 69752.7034748461 18370733.12141843 18608395.15598302
32768 23376236.91596548 102471.1347183928 23148138.61816732 23487862.72244575
65536 26857945.8125577 119001.342892131 26630043.24296062 27020535.96524169
131072 29025904.14447121 120759.2422072853 28840417.54295258 29236693.13167009
262144 30616742.7779845 142492.2974441108 30372384.15068632 30832759.71385707
524288 31819426.44836908 245009.4004377714 31438435.35824417 32415728.50901295
1048576 32787418.55463662 206132.8944732237 32449840.27387287 33120547.94500865
