16 0.0002818918728735298 1.415854491524296e-06 0.0002796415938064456 0.0002839624066837132
32 0.0002828187862178311 1.279088587938244e-06 0.0002796791959553957 0.0002850097371265292
64 0.0002853919068002142 1.770420755684103e-06 0.0002820942318066955 0.0002880522515624762
128 0.00028875311545562 1.153945921682592e-06 0.0002869453746825457 0.000290586962364614
256 0.0002971152207464911 1.46534769822667e-06 0.0002944252919405699 0.0002997759729623795
512 0.0003132239362457767 1.25406223183387e-06 0.0003115913132205606 0.0003154863370582461
1024 0.0003455491387285292 1.44654697130196e-06 0.0003429228672757745 0.0003488995134830475
2048 0.0004095443873666227 9.564233672028331e-07 0.0004077055491507053 0.0004118188517168164
4096 0.0005378093483159319 1.018999726184267e-06 0.0005360965151339769 0.0005396152846515179
8192 0.0007978869398357347 1.176046539342839e-06 0.0007956875488162041 0.0007997939828783274
16384 0.001317259477218613 1.093209209399498e-06 0.00131536927074194 0.001319742295891047
32768 0.002352694747969508 1.190057649244533e-06 0.002350707538425922 0.002354348078370094
65536 0.004422173136845231 1.168794791361058e-06 0.004419952630996704 0.004423459991812706
131072 0.008560998132452369 1.024276425936661e-06 0.0085589699447155 0.008562345057725906
262144 0.01683451980352402 1.574961806057058e-06 0.01683077961206436 0.01683781296014786
524288 0.03339740447700024 3.049777424306043e-05 0.03338581323623657 0.03351056575775146
1048576 0.06654202193021774 9.814875047028411e-06 0.06652924418449402 0.0665658712387085


16 56760.69469909953 285.17968669655 56345.48666796353 57216.09501008075
32 113148.8319768274 513.1437853028932 112276.8657752689 114416.8049063738
64 224261.1419903502 1394.76136738859 222181.9119720331 226874.5432691296
128 443291.8988413298 1771.87815528048 440487.7595278758 446077.9343162767
256 861638.2375400682 4247.623455357592 853971.0420091834 869490.5193527801
512 1634637.781616853 6532.657354398279 1622891.199581403 1643178.029284725
1024 2963447.716209039 12392.81001792476 2934942.470333237 2986094.243684576
2048 5000704.504355958 11668.70083636566 4973060.343066298 5023233.076582365
4096 7616107.452509295 14430.63456853763 7590592.995610171 7640415.269210173
8192 10267139.72455989 15142.90468053959 10242637.6984212 10295498.54360266
16384 12437952.32365413 10318.76490189759 12414544.90851039 12455817.81818465
32768 13927862.03559716 7046.46568061141 13918077.91763959 13939632.84005209
65536 14819863.95936865 3917.718508165671 14815551.65442872 14827308.22507063
131072 15310364.48451978 1831.941808019353 15307955.83643667 15313992.31994345
262144 15571813.46486735 1456.859099312312 15568767.7859618 15575273.75690276
524288 15698477.67589418 14291.40517668208 15645453.55008591 15703915.80070735
1048576 15758102.7892966 2323.982764918769 15752456.63411743 15761129.00203955
