16 0.0003974568026023917 1.059611695625707e-06 0.0003959167515859008 0.0003992783022113144
32 0.0003997541280114092 1.035906173191788e-06 0.0003978847526013851 0.0004014375153928995
64 0.000402545731049031 9.927009910421017e-07 0.0004009717376902699 0.0004049693234264851
128 0.0004096469565411098 8.938075147706419e-07 0.0004080156795680523 0.0004115166375413537
256 0.0004239351110300049 1.165775651391614e-06 0.000422400888055563 0.0004257959080860019
512 0.0004521380833466537 8.610048932351661e-07 0.0004506654804572463 0.0004540425725281239
1024 0.0005082316492917016 1.234364835095189e-06 0.0005062227137386799 0.0005106984172016382
2048 0.0006210358260432258 1.810239385233501e-06 0.0006184454541653395 0.0006236797198653221
4096 0.0008473949710605666 3.35802534413634e-06 0.0008425898849964142 0.0008525967132300138
8192 0.001299211871810257 4.933551529381028e-06 0.001291986089199781 0.00130545487627387
16384 0.002201791969127953 9.834741016863011e-06 0.002187835983932018 0.00221655797213316
32768 0.004008574411273003 1.773016465172109e-05 0.003983352333307266 0.004030024632811546
65536 0.007623019511811435 4.366561630687922e-05 0.007566796615719795 0.0076897032558918
131072 0.01485075452364981 7.848969987266774e-05 0.01475173234939575 0.01495474949479103
262144 0.02927968511357903 0.0001443175654102352 0.02911406010389328 0.02953246980905533
524288 0.05821912456303835 0.0003172704651655189 0.05784831941127777 0.05881449580192566
1048576 0.1160088535398245 0.0006074118600887278 0.1151313781738281 0.1167387664318085


16 40256.21512391005 107.2577682300152 40072.30022615189 40412.53605943605
32 80049.7091804144 207.6808592677371 79713.52644677614 80425.29850863303
64 158989.0529131286 391.6976353266159 158036.6617858601 159612.2469096231
128 312465.5728155705 681.3459058438281 311044.5321597408 313713.4340903462
256 603870.2800460958 1659.986348159588 601227.0083823665 606059.3318788798
512 1132401.269177983 2154.915351313789 1127647.562097905 1136097.664903297
1024 2014840.40492421 4892.838107079667 2005097.265840352 2022825.077202294
2048 3297742.61198611 9608.836768934852 3283736.723782275 3311528.908825116
4096 4833708.504964472 19147.43433681662 4804147.067940877 4861202.434227455
8192 6305446.439963426 23971.28755165624 6275207.323429083 6340625.544253256
16384 7441350.908382167 33261.21995835622 7391640.645533151 7488678.365438702
32768 8174627.23959661 36191.47392958162 8130967.670323992 8226236.912563957
65536 8597382.44345504 49201.34708417108 8522565.542407211 8660996.631500695
131072 8826180.258042123 46700.34887353268 8764573.425028242 8885193.745083699
262144 8953305.430789372 44078.91264974757 8876467.213711353 9004034.444682099
524288 9005676.247984113 49042.94634713265 8914264.975860495 9063150.067896144
1048576 9038990.803528151 47344.70624060988 8982243.277450709 9107647.425333818
