16 9.999443803948571e-07 5.414591040985789e-09 9.890748373653224e-07 1.008541308467059e-06
32 1.466025715116115e-06 3.694615929438114e-09 1.460292919253092e-06 1.471862799196089e-06
64 2.385373252505874e-06 6.891373556106483e-09 2.369335619700763e-06 2.397365369777305e-06
128 4.254869837072572e-06 1.128597946359046e-08 4.236319975703395e-06 4.275054339863971e-06
256 7.93304360580116e-06 2.334696392876472e-08 7.904083146215157e-06 7.98942733482022e-06
512 1.533070066184195e-05 4.610052498503249e-08 1.528057800470606e-05 1.545660756363532e-05
1024 3.006393214932679e-05 9.183971401841073e-08 2.991314686440205e-05 3.025052027538777e-05
2048 5.948243859776881e-05 1.817629215387591e-07 5.914532778916737e-05 5.976977578825426e-05
4096 0.0001184607400137594 3.560133298565923e-07 0.0001177191144705603 0.0001191286537363112
8192 0.0002381139521538955 6.303572308135283e-07 0.0002366108414548762 0.0002388325099502708
16384 0.000477145456756034 1.566996050300444e-06 0.0004748711309048304 0.0004799819465688415
32768 0.0009561046598705047 2.770339565501978e-06 0.0009515741711538794 0.0009617694761345774
65536 0.001908860229150378 7.002802101805839e-06 0.001896240418773232 0.001921218636198319
131072 0.003811228891294149 1.478336735795284e-05 0.003785292609336466 0.003838515538973297
262144 0.007643522982675677 1.974972896685243e-05 0.007618477371579502 0.007680546384108311
524288 0.01537723573358107 4.208720749841027e-05 0.01530771693614952 0.01544257870227739
1048576 0.03096017922666761 0.0001402409211053129 0.03067650125740329 0.03116184023383539


16 16001330.55552057 86792.8294362884 15864496.4422125 16176733.44377103
32 21827850.76835788 55008.35207348101 21741156.86426613 21913411.73958941
64 26830392.8420973 77614.90156886204 26695972.50666263 27011791.60429915
128 30083374.8524814 79793.29344465857 29941139.88363312 30214903.67444376
256 32270347.39878953 94714.92631914552 32042346.62530547 32388323.25828768
512 33397320.4250844 100010.3612002962 33124991.87755661 33506585.93165233
1024 34061045.42562091 104049.8454454722 33850657.4656549 34232439.82459781
2048 34430631.74480774 105272.5854545169 34264809.81383345 34626572.82584368
4096 34577149.58703375 104049.799888132 34382995.7909741 34794689.19233458
8192 34403922.66951705 91370.99007597176 34300188.03430789 34622251.24440161
16384 34337884.70264601 112780.5290724098 34134617.18116958 34501992.08526648
32768 34272668.34088086 99302.77389743215 34070534.37763175 34435571.07089771
65536 34332962.50712502 125920.6619084393 34111682.43177245 34561018.39786664
131072 34391492.1901492 133387.3014806171 34146533.645415 34626649.38417428
262144 34296441.49537677 88510.16410028853 34130905.13226998 34408975.33907762
524288 34095314.10786552 93328.89984787065 33950806.41050454 34249914.74475741
1048576 33869189.93180708 153570.108910624 33649360.63247833 34181733.80339268
