16 2.172342582429376e-06 4.418485917411927e-09 2.162582530385038e-06 2.18157976927813e-06
32 2.849840159996342e-06 4.804943835948185e-09 2.838642321645324e-06 2.855018994107894e-06
64 4.167472586413812e-06 1.044110404227264e-08 4.150085091580991e-06 4.188896784995677e-06
128 6.822507468584593e-06 1.137188513500617e-08 6.807220451321427e-06 6.845687922307775e-06
256 1.21318840257123e-05 2.76691937151283e-08 1.209577831318143e-05 1.219708081912074e-05
512 2.262578556888606e-05 5.788611649161317e-08 2.253375183869366e-05 2.272094891253573e-05
1024 4.383183774425703e-05 1.589692024570432e-07 4.360339498532539e-05 4.409143745220945e-05
2048 8.605516801374336e-05 2.368420220730073e-07 8.570838399180047e-05 8.642308934270204e-05
4096 0.0001711121684291328 4.469451275614514e-07 0.0001703842893903129 0.0001717905333293857
8192 0.0003399460865480819 1.273464579142977e-06 0.000338184119698326 0.0003421318601795065
16384 0.0006758586651756104 2.003074310271621e-06 0.0006716493568319493 0.0006800311435881667
32768 0.001352138311219164 6.179543116796657e-06 0.001341607195399774 0.00136392010608688
65536 0.002719599598464129 1.103805645497454e-05 0.002690460722988064 0.002736015419486648
131072 0.005464482030504314 2.32689738117582e-05 0.005421202294201066 0.005499641033566149
262144 0.01078241620223253 3.890179854796649e-05 0.01070745311881183 0.01084990798517538
524288 0.02131006026411342 6.594228976783616e-05 0.02120556099544046 0.02144153485278366
1048576 0.04263518893776563 0.0002463248053803862 0.04218330964067718 0.04305630885937717


16 7365349.362758679 14980.81519715763 7334134.751943675 7398561.569417318
32 11228729.90118178 18962.30604622858 11208331.73651057 11272994.75386257
64 15357119.92061077 38440.62071334512 15278485.78872684 15421370.54727689
128 18761479.38230521 31254.42598867112 18697901.72334491 18803563.20400237
256 21101524.36620172 48048.84208792922 20988628.65602086 21164409.05014131
512 22629187.38673831 57886.87905568189 22534270.1121746 22721471.49152602
1024 23362301.72676149 84669.97241227693 23224463.95878814 23484409.88011655
2048 23798855.78634957 65453.52383203422 23697370.87132887 23894978.58454463
4096 23937667.62355693 62562.20365296989 23842990.18471793 24039775.11457624
8192 24098255.55056689 90183.52790660273 23943984.625407 24223491.05956719
16384 24241954.52145964 71903.00752790885 24093014.20160002 24393680.77009769
32768 24234681.2469787 110641.5237207852 24024867.62513692 24424436.68486418
65536 24098038.42693391 98147.58223282509 23953081.38003709 24358653.31169555
131072 23986579.28047769 102292.0926600365 23832828.21551875 24177662.60820126
262144 24312473.12563971 87856.76196150703 24160942.2271762 24482385.96902578
524288 24603060.58851415 76088.31076737726 24451980.8679617 24724080.63680703
1048576 24594914.70730492 142190.9724117802 24353597.13310938 24857603.84692203
