16 1.941480407566254e-06 7.148476222348516e-08 1.784626068257467e-06 2.056820323392827e-06
32 2.328955636371477e-06 4.802099084128326e-08 2.247108859876334e-06 2.432773901883678e-06
64 3.036340987722097e-06 6.337038412616771e-08 2.90551801063188e-06 3.126029789690676e-06
128 4.591958971844612e-06 6.939982248267267e-08 4.514336350958104e-06 4.769852021802024e-06
256 7.589661774165535e-06 8.427825256640395e-08 7.508003275091824e-06 7.799987491452498e-06
512 1.364578250040438e-05 7.241079058592717e-08 1.35475142695185e-05 1.377839554095317e-05
1024 2.577180114293753e-05 6.1164516085006e-08 2.566848709051328e-05 2.58890094499975e-05
2048 5.006739012047845e-05 1.418101688296139e-07 4.988591852139734e-05 5.036517485734748e-05
4096 9.930343653952178e-05 2.443976208057611e-07 9.907031599709626e-05 0.0001001042526382889
8192 0.0001991996907424465 4.548821126676484e-07 0.0001986992477327476 0.0002003964741845721
16384 0.000397791261470104 6.970179285033628e-07 0.0003967861869114131 0.0003992837372379654
32768 0.0007939139321990751 1.042654726442441e-06 0.0007928418567644258 0.0007974003538038232
65536 0.001590578520776376 7.149652863940125e-06 0.001585714752309286 0.001609756081052183
131072 0.003173883871653516 2.92697321904091e-06 0.003169632776916842 0.003180773075655452
262144 0.006363653835876448 2.459648142236178e-05 0.006348250018163526 0.006445305294619175
524288 0.01270147495745277 8.775115915416771e-06 0.0126936884917086 0.01272925009106984
1048576 0.02546282636512842 4.23045577192813e-05 0.0254214988417516 0.02560746685412596


16 8251738.133779529 307539.0728279967 7778997.425310931 8965463.569420243
32 13745500.259515 281303.3139973521 13153709.01308282 14240520.59576725
64 21086731.6182473 446304.8713464269 20473253.39351064 22027053.2709868
128 27880703.68489585 415789.8962279967 26835214.05170182 28354112.33211141
256 33733929.91745121 368556.5413041738 32820565.45353872 34096948.36565839
512 37521739.9566047 198903.8161253568 37159624.17236431 37792910.92182014
1024 39733559.8052507 94207.43351743731 39553463.87345456 39893274.44150209
2048 40905175.35766619 115629.7598126605 40663017.7657614 41053669.26583823
4096 41247546.57120676 100921.6002346988 40917342.59083134 41344372.01270311
8192 41124762.37360153 93672.52587192306 40878962.73292156 41228137.96969336
16384 41187549.08249625 72088.36740455117 41033476.87871257 41291759.99682143
32768 41274061.95321336 54039.69553839723 41093535.81759458 41329805.83760506
65536 41203393.67470696 183948.7664817306 40711757.99327547 41328996.8479889
131072 41297070.00127746 38054.75344962199 41207592.26842688 41352424.46839412
262144 41194515.77150276 157783.0146170732 40672084.25624917 41293899.77552194
524288 41277744.20138424 28477.38977507954 41187658.05126354 41303046.02499582
1048576 41180766.31149945 68132.72913681583 40948056.51700179 41247607.25271817
