16 1.236059228248987e-05 2.555457767303156e-08 1.233758439411758e-05 1.243565315078854e-05
32 1.285081677881994e-05 2.833219795807633e-08 1.283084218073327e-05 1.290519554153491e-05
64 1.375679877502201e-05 4.237274977885778e-08 1.372700638135882e-05 1.390118264055218e-05
128 1.551118512166383e-05 3.154571644002016e-08 1.541031053875486e-05 1.556951714931643e-05
256 1.905436111959702e-05 7.203134458047407e-08 1.887759407281919e-05 1.919122592397571e-05
512 2.617463866072534e-05 5.149586630500569e-08 2.601931800683133e-05 2.627932958887413e-05
1024 4.041311102120915e-05 4.808558461315755e-08 4.037822980507144e-05 4.055364880173329e-05
2048 6.875741358047804e-05 2.927250311086534e-07 6.797705901817608e-05 6.895971246478894e-05
4096 0.0001258756294557628 3.353733441612338e-07 0.0001249919598649285 0.0001261411321138439
8192 0.0002423585805146899 4.732580874752721e-07 0.0002412719496760474 0.0002429733724511607
16384 0.0004740684272270812 1.099677989536317e-06 0.0004721718271980535 0.0004758295393116896
32768 0.000935443603601982 2.910441077669978e-06 0.0009293886448631383 0.0009406904966908769
65536 0.001861566487434629 4.998284686005906e-06 0.001847216604801361 0.001868017672222777
131072 0.003705599392901604 1.306472170416215e-05 0.003667894251066173 0.003718929426668183
262144 0.007402774449644767 3.869872513236386e-05 0.007287969441676978 0.007450867168699915
524288 0.01483825210220857 2.528610183121042e-05 0.01480695224745432 0.01488112661172636
1048576 0.02965065803346079 0.0001000005635757924 0.02935465563859907 0.02979618425524677


16 1294441.520490406 2665.916336242659 1286623.211985086 1296850.298153066
32 2490125.415176127 5476.614371553203 2479621.474700569 2493990.616457822
64 4652286.169563673 14214.96793250572 4603924.835380611 4662342.117572813
128 8252141.734992401 16842.62393000578 8221192.65308236 8306127.230732776
256 13435425.25700994 51010.40421335307 13339429.22740427 13561050.15355745
512 19560990.67216537 38583.3837866785 19482993.21215428 19677687.16557349
1024 25338345.15140707 30073.00301999574 25250502.24226022 25360200.40857232
2048 29786389.7688246 127976.138902206 29698499.70075957 30127811.19954593
4096 32540273.47614378 87167.35447209291 32471565.2330067 32770107.80874472
8192 33801276.24177388 66105.38948936925 33715628.6606947 33953387.49904118
16384 34560586.06328764 80197.39110797463 34432498.71309008 34699232.47480772
32768 35029688.1647062 109118.0013068957 34833986.43365692 35257585.9207161
65536 35204998.12114879 94900.9498432214 35083179.8727139 35478243.22803085
131072 35371750.48129559 125497.9749536898 35244551.57984227 35734945.18330248
262144 35412503.01465685 186678.5754619703 35183018.84393155 35969415.36292722
524288 35333637.86266229 60166.72692575187 35231741.09592348 35408231.97360808
1048576 35364720.68299795 119888.11780277 35191620.20940173 35720943.65233175
