16 1.412758060426178e-05 1.317871611217927e-07 1.395796325809329e-05 1.434513995057785e-05
32 1.817035082796181e-05 1.432589047664445e-07 1.788506846978066e-05 1.83489371927692e-05
64 2.618989936431504e-05 1.151770277670528e-07 2.599166609229542e-05 2.643264982182814e-05
128 4.235701468191522e-05 2.994394715942423e-07 4.196612312057368e-05 4.296648549484416e-05
256 7.462403618063718e-05 6.504317868307339e-07 7.321300317641999e-05 7.546374580158499e-05
512 0.0001394461677790559 2.50492346340328e-06 0.0001366347676992063 0.0001450795802497851
1024 0.0002666148034435878 2.868348775926264e-06 0.0002629863745937655 0.0002723628220451246
2048 0.0005263911213759798 9.996089221792005e-06 0.0005152207795617869 0.0005507480509550078
4096 0.001040462692856181 1.530804390467966e-05 0.001015271388268957 0.001062654398310769
8192 0.002062675222248345 2.594115856760675e-05 0.002015351280988398 0.002109128553456685
16384 0.0041398505259167 5.705027522280341e-05 0.004052477407640254 0.004230024304888502
32768 0.008174012525500984 0.0001019407307031951 0.007968935749886441 0.008364515406356077
65536 0.01648023052030112 0.0002146622024873846 0.01621802851150278 0.01696256293507759
131072 0.03271634324073602 0.0004793889537287368 0.03202505649824161 0.03375037862133468
262144 0.06704889622233168 0.0009678307643362991 0.06551561102969572 0.06886588419729378
524288 0.1373144067438261 0.003415424743592332 0.1314615114824846 0.1448202669853345
1048576 0.2798037191660114 0.004476229620457815 0.2737107680295594 0.2908739818376489


16 1132628.553132782 10531.81044961185 1115360.327966371 1146299.048374602
32 1761213.829683112 13947.4815615105 1743970.218210257 1789201.98455312
64 2443734.453076769 10737.4762012964 2421247.980486189 2462327.723537938
128 3022073.055759072 21348.17056986902 2979066.091299452 3050079.218236117
256 3430775.924177313 30088.45075981802 3392357.446357018 3496646.618676762
512 3672760.861764226 64916.56804794832 3529097.610556111 3747216.090176541
1024 3841161.994741786 41149.78733161384 3759690.813566124 3893737.846995954
2048 3891935.269195247 72593.87035507736 3718578.752024139 3974994.956030102
4096 3937510.057055191 57999.52215017012 3854498.702975433 4034389.274954061
8192 3972130.760187736 49992.87142610554 3884068.605763266 4064800.056088664
16384 3958335.606740227 54556.85873385084 3873263.79686886 4042958.998145374
32768 4009387.854112504 50090.50101024983 3917501.302597884 4111966.896014559
65536 3977270.903240084 51391.67290100454 3863567.094833022 4040935.059000421
131072 4007116.291217441 58287.17293408158 3883571.247320623 4092795.277572632
262144 3910508.206296096 56499.80386654389 3806587.297260048 4001244.831268996
524288 3820343.049579229 93790.45905258584 3620266.768691244 3988148.273115313
1048576 3748427.693488933 59110.41723240065 3604915.067946029 3830963.639277644
