16 0.0007107864096909111 1.537102778766441e-05 0.0006958898670177405 0.0007472106973409609
32 0.0007168261731358427 1.699668836641048e-05 0.0006969551164957011 0.0007538681463756802
64 0.0007166472857846884 1.829773096568422e-05 0.0006943056793033975 0.0007619541670464969
128 0.000721414983487989 2.127934107702097e-05 0.000701162073028172 0.0007651983341929736
256 0.0007284186307501272 2.083045328086954e-05 0.0007006904295394634 0.0007712919856430744
512 0.0007371667896549638 2.09526619407805e-05 0.0007216885900334091 0.0007822987546433069
1024 0.0007640172860448047 1.708398511245403e-05 0.000742007806024958 0.000797647490117015
2048 0.0008090788516810221 1.722748541370297e-05 0.0007898612595909071 0.0008460164905272904
4096 0.0009050586911456548 1.698608268487206e-05 0.0008795672760015805 0.0009411592262722479
8192 0.001100630006078518 2.352905087264724e-05 0.001079429490573602 0.001155617383801655
16384 0.001463814548344544 2.532579099701549e-05 0.001373999947645643 0.001483480669094206
32768 0.002232116344544011 2.742281045753047e-05 0.002174351437588484 0.002275843751704087
65536 0.00374969356209931 5.384434477637584e-05 0.003668961190669506 0.003912624399163178
131072 0.006756108055583354 0.0001458566986884682 0.006300641188317968 0.006884367411657877
262144 0.01287681301482735 5.401079877845872e-05 0.01278145348987891 0.01295307663349377
524288 0.02500878225851011 0.0002733533274823269 0.02419337252285914 0.0254790030339791
1048576 0.04926947618059785 0.0007923299753083922 0.04689863063686062 0.05032943192054518


16 22519.9367694894 476.4903327619352 21412.96967098828 22992.14395600922
32 44664.38684674749 1042.103837326496 42447.74123146626 45914.00399052438
64 89358.07271242408 2228.978880177005 83994.55343630206 92178.41925794374
128 177569.3593365731 5073.787636096798 167276.8931665238 182554.0840325188
256 351708.7131681831 9792.581561283643 331910.6185014444 365353.9269378331
512 695058.3832528797 19040.41306689856 654481.4202515879 709447.2700147552
1024 1340901.892554515 29488.85056616812 1283775.117063026 1380039.389997411
2048 2532327.289632055 52789.79413402818 2420756.596273387 2592860.423437808
4096 4527151.725735041 84039.93794082887 4352079.739178114 4656835.368659896
8192 7446122.176513528 155316.9358991518 7088851.478722684 7589194.172976338
16384 11195982.65605844 203989.2660920739 11044296.25631985 11924309.04242324
32768 14682332.91757061 181874.5661946691 14398176.48969278 15070240.91576573
65536 17481005.77001919 246014.5529064893 16749882.76769338 17862276.70291631
131072 19409403.67610277 439148.1060169648 19039076.8188875 20802962.12439789
262144 20358168.54993257 85509.24263111243 20237971.82841906 20509717.47521365
524288 20966542.17604428 232952.7767166416 20577257.25377886 21670728.19238516
1048576 21287767.82332804 351703.9948576713 20834250.65586637 22358350.0362558
