16 0.0002793021504015059 4.657345268849302e-08 0.0002791352749227372 0.0002793466784964949
32 0.000279674137971142 9.222290172915541e-08 0.0002796196037024856 0.0002800141792249633
64 0.0002803344704460642 4.861521391918621e-08 0.0002802080463766288 0.000280401876580072
128 0.0002817625251978484 1.245205233539693e-08 0.0002817358023321503 0.0002817778252506287
256 0.0002845385750092078 1.734174281838882e-08 0.0002845023982445127 0.0002845625496092907
512 0.0002900636758660369 8.583244972097257e-08 0.0002898774907293955 0.0002903281151702686
1024 0.0003011501339003075 5.183231297319758e-08 0.0003011152255680827 0.0003013315050566234
2048 0.0003232806209112482 3.796379167623357e-08 0.0003232001938613394 0.0003233774660884592
4096 0.0003680327999404653 5.543570550492366e-08 0.0003679160543583748 0.0003681967743318637
8192 0.0004591458948723925 3.067533470431436e-08 0.0004591025290210382 0.0004591919122844956
16384 0.0006405277234833306 1.307016463544622e-07 0.0006402324579539709 0.0006406710009514427
32768 0.001003060565494707 4.341731368500207e-07 0.00100233994021437 0.001004286937813959
65536 0.001727698275644229 4.097158891211426e-07 0.001727019687450593 0.001728304831658534
131072 0.003177696466622137 7.688971932357839e-07 0.003176019834427279 0.003178746282628708
262144 0.006126813848140955 1.550692215944642e-06 0.006123515719082206 0.006128430518401728
524288 0.01193091409993485 3.647818397393607e-06 0.01192398478451651 0.01193896902623237
1048576 0.02356837720685689 5.183858025423717e-06 0.02355271968554007 0.02357362846669275


16 57285.63276110406 9.557085743974584 57276.49988936869 57319.87834367654
32 114418.8858171452 37.68872884108917 114279.9271400153 114441.1893024779
64 228298.7236743331 39.59817299071761 228243.8362416739 228401.72089126
128 454283.2661813053 20.07666122127761 454258.5985470992 454326.3544797737
256 899702.2666723517 54.83525568989905 899626.4629744581 899816.6679072538
512 1765129.813257277 522.1229203544162 1763521.936894495 1766263.391861491
1024 3400297.436905101 584.9600823119134 3398250.706667991 3400691.539486673
2048 6335053.492236903 743.903719049298 6333156.186707747 6336629.862538515
4096 11129443.04902225 1676.120480456065 11124486.37670081 11132974.36053231
8192 17841823.53749791 1192.003747791086 17840035.46413637 17843508.76364832
16384 25578909.45069586 5220.157555321442 25573188.07261227 25590705.0579087
32768 32668023.12862789 14133.83237272515 32628125.2560413 32691503.83550708
65536 37932551.29052439 8995.95826204347 37919236.69918209 37947453.91509897
131072 41247491.24789916 9982.056664280362 41233866.5455263 41269263.68003485
262144 42786352.29391424 10830.97659627933 42775062.75266806 42809394.47629771
524288 43943661.11030234 13434.49038965258 43914009.56381003 43969193.97958279
1048576 44490803.85869881 9790.000482698693 44480891.07205266 44520378.7078467
