16 4.26776889050906e-06 1.384119409776051e-08 4.252205735966186e-06 4.313148549428547e-06
32 7.311222597394806e-06 1.967151747296793e-09 7.308067671907281e-06 7.315269000329749e-06
64 1.15380343955751e-05 2.462376281747395e-09 1.153540090648164e-05 1.154414255921665e-05
128 1.978046169948122e-05 4.661794111719925e-09 1.977307183054222e-05 1.978994709617155e-05
256 3.626642977128114e-05 7.953138244410015e-09 3.625261894768528e-05 3.628289228174708e-05
512 6.928969641162297e-05 1.767638595745448e-08 6.926428592635148e-05 6.932312572871524e-05
1024 0.0001353504161478725 3.835245626044771e-08 0.0001352482884442452 0.0001353918576114665
2048 0.000267645596984778 6.613804509688067e-08 0.0002675503068871876 0.0002677817263361248
4096 0.0005326150533733198 2.025032884588488e-07 0.0005322948966295371 0.0005329745029030164
8192 0.001063294076558918 6.0319484849435e-07 0.001062109179429171 0.001064062599198223
16384 0.002131432620103624 1.157538605560945e-06 0.00212926207586861 0.002133152172973496
32768 0.004260493740275706 2.902009909661987e-06 0.004254633422533516 0.004265633634531696
65536 0.008487481030101662 9.66127402019729e-06 0.008466889292321866 0.008502718912495766
131072 0.01697932457614115 3.481131456280156e-05 0.01690890535246581 0.01705015568586532
262144 0.03416189002609826 0.0001059389165093413 0.03396855886967387 0.03432650004106108
524288 0.0686086073928891 0.0002527783617617746 0.06833438578178175 0.06907398837211076
1048576 0.137684440911471 0.0005168707825350058 0.1369637462194078 0.1388035166019108


16 3749068.203130024 12071.97229809984 3709587.049145306 3762753.025957358
32 4376833.251265324 1177.569952380896 4374411.931886243 4378722.452586232
64 5546872.243395936 1183.534561497597 5543937.080792844 5548138.336833959
128 6471032.304998695 1525.051220788069 6467930.377881717 6473450.412610469
256 7058869.956480568 1547.908450753917 7055666.841884778 7061558.790260739
512 7389266.481922972 1884.972035457489 7385702.745193986 7391976.877440247
1024 7565548.051112792 2144.456406495247 7563231.778225309 7571260.322618679
2048 7651910.363175906 1890.610915594646 7648020.005029433 7654635.21170072
4096 7690358.222233577 2923.382571135523 7685170.637037651 7694982.660806357
8192 7704361.994554489 4372.231465018379 7698795.170672021 7712954.711871311
16384 7686850.795298324 4175.267720441182 7680652.232682309 7694684.550898377
32768 7691130.711981473 5239.235831264946 7681859.908158157 7701721.099273358
65536 7721499.39340581 8791.171451367634 7707652.184489715 7740268.915459993
131072 7719536.539525142 15825.78845110269 7687437.136345885 7751654.95742076
262144 7673649.268356762 23786.43996915225 7636782.068851339 7717254.093874276
524288 7641820.447353819 28098.88045619215 7590237.835632001 7672389.14935528
1048576 7615891.9810426 28540.07735713038 7554390.736420038 7655865.358123628
