16 2.00171274400418e-06 1.108142002387918e-08 1.986618372029625e-06 2.026839865720831e-06
32 2.535969883865619e-06 7.558141127599989e-09 2.524375304346904e-06 2.546969881223049e-06
64 3.643274737896718e-06 7.529393826351048e-09 3.632140760601033e-06 3.65812229574658e-06
128 5.872651513527671e-06 1.384221963777737e-08 5.853935363120399e-06 5.911269909120165e-06
256 1.023451363835193e-05 1.371472351231022e-08 1.020095805870369e-05 1.025154051603749e-05
512 1.895739160318044e-05 2.314650091111977e-08 1.892184081953019e-05 1.901965151773766e-05
1024 3.637056124716764e-05 3.43821779221696e-08 3.6301338695921e-05 3.641638613771647e-05
2048 7.126777381927241e-05 5.633998497537592e-08 7.117955829016864e-05 7.137839565984905e-05
4096 0.000140861768159084 9.494442234772871e-08 0.0001406657975167036 0.0001410344266332686
8192 0.0002797246634145267 3.225582214279864e-07 0.0002790307626128197 0.0002803286770358682
16384 0.0005576412222580984 5.117684156186457e-07 0.0005569453351199627 0.0005586855113506317
32768 0.001113196049118415 7.662901679025293e-07 0.001112000085413456 0.001115216873586178
65536 0.002224045572802424 1.626215715896831e-06 0.002221777103841305 0.002228094264864922
131072 0.004446606966666877 3.200377755684182e-06 0.004442406818270683 0.004452170804142952
262144 0.008897575316950679 6.403052360902262e-06 0.008886080235242844 0.008912622928619385
524288 0.01780587481334805 2.106248316104436e-05 0.01777149736881256 0.01785609126091003
1048576 0.03564508259296417 4.356248391835646e-05 0.03556643426418304 0.03571617603302002


16 7993383.485828472 44047.4710242428 7894062.215077715 8053887.060177356
32 12618551.51573166 37627.94614418005 12563949.12084067 12676403.52244648
64 17566684.00451867 36275.65526760984 17495314.48809541 17620462.48158332
128 21796060.01911947 51233.7411403578 21653553.6302472 21865632.61466736
256 25013443.77086113 33553.47690755826 24971856.62969521 25095682.04543052
512 27007972.69826819 32942.65350493458 26919525.8137359 27058678.11082835
1024 28154661.99322328 26631.41274711906 28119209.74606106 28208326.10547946
2048 28736707.91335525 22716.93865705356 28692155.11314746 28772305.54945535
4096 29078165.05734695 19602.20642862705 29042554.34491053 29118663.33046321
8192 29285977.54700226 33770.3996006449 29222839.72735273 29358770.06280895
16384 29380921.41489386 26947.3456072922 29325979.7634476 29417608.81518288
32768 29435978.12073122 20247.77373934919 29382625.72608741 29467623.6358529
65536 29467036.83780865 21529.08202265005 29413477.26325804 29497108.36730319
131072 29476871.83131588 21211.05845048208 29440020.55761908 29504726.91085573
262144 29462422.95235149 21196.30240517503 29412665.84477928 29500521.38403137
524288 29444702.54801044 34816.38985568105 29361857.10182575 29501622.12668022
1048576 29417170.40674339 35964.91309578492 29358574.08224719 29482179.5238541
