16 7.800516357292508e-07 2.11968248296353e-09 7.750300028419588e-07 7.824964995961636e-07
32 1.173003170151787e-06 4.986794989876516e-09 1.166616129921749e-06 1.184568645840045e-06
64 1.893231882377222e-06 6.695203424028654e-09 1.884965968201868e-06 1.912061634357087e-06
128 3.2830279224072e-06 8.136791909588542e-09 3.27467751048971e-06 3.300827302155085e-06
256 6.042430754860106e-06 2.105777046006187e-08 5.993400918669067e-06 6.081374522182159e-06
512 1.157859264822036e-05 3.244403044718842e-08 1.155629070126452e-05 1.169246024801396e-05
1024 2.260999553982401e-05 1.111798148917586e-07 2.231320104328915e-05 2.267795207444578e-05
2048 4.427246494742576e-05 2.879488767220258e-08 4.420769982971251e-05 4.43018798250705e-05
4096 8.832568528305274e-05 2.858792058377948e-07 8.784118108451366e-05 8.883728878572583e-05
8192 0.0001794251293176785 2.020301812784511e-07 0.0001791342510841787 0.0001798240118660033
16384 0.0003677120184875093 4.810707394589079e-07 0.0003667187411338091 0.0003686572890728712
32768 0.0007384720374830067 4.181945116540966e-07 0.0007377178408205509 0.0007394638378173113
65536 0.001480243867263198 1.508870555232169e-06 0.001476410310715437 0.001482843421399593
131072 0.002962984843179584 2.262624929414039e-06 0.002957601100206375 0.002968066371977329
262144 0.005929530481807888 5.231411029866055e-06 0.005921250209212303 0.005945360288023949
524288 0.01186025072820485 6.278043043902984e-06 0.01184837520122528 0.01187252998352051
1048576 0.02374418219551444 1.876927380900801e-05 0.02370121330022812 0.02376453578472137


16 20511605.02685994 55884.14603293838 20447375.81351149 20644362.07802224
32 27280864.55414326 115635.9548645148 27014052.84731893 27429759.60922673
64 33805022.78013612 118997.9594687317 33471724.36808994 33952867.62712842
128 38988622.27707772 96430.26965259187 38778157.196055 39087818.44623788
256 42367539.20987026 148010.238382873 42095746.45768411 42713645.13636591
512 44219859.42308827 122935.4789663081 43788902.34730253 44304873.70346056
1024 45290741.27817202 225060.9429117454 45153989.06561209 45892115.52449911
2048 46259019.35335255 30109.92592830332 46228286.6570604 46326771.30655677
4096 46374281.69460429 150032.2720228042 46106765.03061106 46629609.81887483
8192 45656981.06329618 51380.0148809811 45555651.41158295 45731064.55308995
16384 44556678.77526657 58291.28522708717 44442360.11501031 44677291.23781479
32768 44372715.80411615 25120.1081486469 44313187.91290984 44418066.3484466
65536 44273829.02301759 45166.96420130083 44196170.04345836 44388744.45969065
131072 44236497.51999302 33785.96458018951 44160737.52174204 44316997.30935793
262144 44209940.71118906 38953.64938285222 44092197.49525532 44271731.60022108
524288 44205485.17179479 23395.73529588215 44159753.7111071 44249780.33661371
1048576 44161412.09680475 34941.52519563568 44123563.34240483 44241448.17893807
