16 4.86156113765901e-06 3.827059636907732e-08 4.821595211979002e-06 4.94742562295869e-06
32 6.145462748463615e-06 3.444766579691733e-08 6.098229277995415e-06 6.228232450666837e-06
64 8.789731055003358e-06 5.538072953362475e-08 8.691651601111516e-06 8.913542842492461e-06
128 1.401173017256951e-05 6.422301135779674e-08 1.388523742207326e-05 1.414357029716484e-05
256 2.438775300106499e-05 1.449892191195454e-07 2.419351221760735e-05 2.468164166202769e-05
512 4.52175690952572e-05 4.552049345911082e-07 4.454387817531824e-05 4.645044100470841e-05
1024 8.658065962663386e-05 5.373228849679854e-07 8.56020487844944e-05 8.717871969565749e-05
2048 0.0001704322166915517 1.736789721256976e-06 0.0001670605852268636 0.0001733390963636339
4096 0.0003360713017173111 3.913551855157459e-06 0.0003300800453871489 0.0003470259252935648
8192 0.000674351496854797 7.340633878482009e-06 0.0006600010674446821 0.0006881661247462034
16384 0.001342620176728815 1.705437131423205e-05 0.001312666106969118 0.001375726889818907
32768 0.002673437527846545 3.374377620231509e-05 0.002630753442645073 0.002750597894191742
65536 0.005365515709854662 5.654418303110963e-05 0.005285516381263733 0.005513329058885574
131072 0.01071984274312854 7.538995230260286e-05 0.01058951765298843 0.01084256544709206
262144 0.02144105080515146 0.0001650716598816626 0.02124606072902679 0.02184365689754486
524288 0.04304516408592463 0.0003378824501125407 0.04243531823158264 0.04368475079536438
1048576 0.08577077835798264 0.0007454271095920867 0.08478313684463501 0.08713901042938232


16 3291313.605890432 25707.143251825 3234005.161341179 3318403.826237598
32 5207246.338439185 29057.95027707396 5137894.298818898 5247424.873883868
64 7281493.623442551 45661.38291921387 7180085.531748442 7363387.643358309
128 9135383.199712144 41928.39279148021 9050048.701328143 9218423.575279983
256 10497419.1834265 62285.7016534297 10372081.54568794 10581349.15250918
512 11324097.40786684 112857.2460162113 11022500.30194765 11494284.30961584
1024 11827550.73455278 73738.10185258143 11745985.75862094 11962330.51124687
2048 12017676.33103015 122359.6199299558 11814991.78756343 12259025.65359072
4096 12189419.06002485 140097.6680294652 11803152.73717665 12409111.23602103
8192 12149316.10712165 132171.0400662541 11904102.3750206 12412101.13752825
16384 12204842.32068671 154354.0657031302 11909340.52481645 12481467.99328114
32768 12258698.38738983 153778.8387506453 11913046.27593661 12455747.26571626
65536 12215553.71427527 127257.6375675033 11886829.04648666 12399166.94465542
131072 12227612.96724832 86140.78629864962 12088651.95599563 12377523.1597079
262144 12226941.26926797 93499.6591776509 12000920.96435849 12338475.51051445
524288 12180654.04007851 95507.53993947938 12001625.06262105 12354991.59305931
1048576 12226192.11282351 105912.4386268784 12033370.5286884 12367742.442952
