16 7.149203338485677e-05 3.665603568251819e-09 7.148657459765673e-05 7.149938028305769e-05
32 7.176068902481347e-05 3.147809453367072e-09 7.175476639531553e-05 7.17660877853632e-05
64 7.229842958622612e-05 4.10705648027059e-09 7.229114999063313e-05 7.230602204799652e-05
128 7.337674105656333e-05 7.874371975128099e-09 7.336438284255564e-05 7.339441799558699e-05
256 7.556574018963147e-05 3.048610050281213e-08 7.554722833447158e-05 7.567467400804162e-05
512 7.985901174833998e-05 1.356555939540493e-08 7.983899558894336e-05 7.987988647073507e-05
1024 8.846363198244944e-05 2.741877927402228e-08 8.841516682878137e-05 8.850634912960231e-05
2048 0.0001057264980772743 4.548516016631064e-08 0.0001056624751072377 0.0001057985937222838
4096 0.0001406495575793087 8.495895220762343e-08 0.0001405032235197723 0.0001408071257174015
8192 0.0002117658004863188 2.187268993513899e-07 0.0002115278621204197 0.0002121311263181269
16384 0.0003530024769133888 3.778509114721366e-07 0.0003524423809722066 0.0003535092109814286
32768 0.0006349899194901809 8.567183982474947e-07 0.0006334823556244373 0.0006360213737934828
65536 0.00119901864673011 1.570062490858271e-06 0.001195994205772877 0.001200771424919367
131072 0.00232678820611909 3.148069018834187e-06 0.002321726642549038 0.002330519258975983
262144 0.00458465376868844 6.751386390809924e-06 0.004573304206132889 0.004592718556523323
524288 0.009141464019194245 1.357741903329099e-05 0.009119343012571335 0.009155470877885818
1048576 0.01819788198918104 2.959254611299711e-05 0.01816350221633911 0.01823843270540237


16 223801.1605195422 11.47468715337656 223778.1633443237 223818.2496510956
32 445926.5998220938 19.5609355851333 445893.0532162358 445963.4057437208
64 885219.7836094508 50.28670740935809 885126.8288209382 885308.9210545492
128 1744421.999925443 187.1931306238307 1744001.839590802 1744715.828588045
256 3387779.149303303 1365.119867082104 3382901.92003729 3388608.76360158
512 6411299.146351185 1089.078100301797 6409623.531295042 6412906.327580418
1024 11575379.27477024 3587.635555136984 11569791.43383859 11581723.32562587
2048 19370738.58128921 8333.738240116822 19357535.18024918 19382472.32919225
4096 29122035.44397204 17589.71923422388 29089436.90975293 29152356.06266066
8192 38684283.15024421 39928.28368061163 38617623.64715254 38727758.68805601
16384 46413321.92298527 49686.18842174979 46346741.44561603 46487031.31219634
32768 51604056.9133126 69654.68020990475 51520281.15746913 51726776.14311747
65536 54658120.28689647 71619.58237046887 54578247.48319674 54796252.09191482
131072 56331824.55884253 76241.54284747838 56241543.37930351 56454535.8604729
262144 57178697.92893762 84201.79223243961 57078176.41637557 57320481.68771713
524288 57352857.7002753 85244.72342133962 57264995.65045513 57491860.9023973
1048576 57620914.312488 93672.90670042325 57492659.42623475 57729835.77235153
