16 8.366418588767743e-05 9.696741064738843e-07 8.324243921720154e-05 8.719933029510685e-05
32 8.439793269143792e-05 1.368609354036937e-06 8.352806325717665e-05 8.834204673746626e-05
64 8.534906219370697e-05 1.781559977866131e-06 8.416577783521006e-05 8.935924442710075e-05
128 8.600341790732102e-05 8.323304057190322e-07 8.549120853729164e-05 8.876561267356919e-05
256 8.848647332904136e-05 8.205613228940845e-07 8.809434729073473e-05 9.087989695899523e-05
512 9.362366286325141e-05 7.609822225235279e-07 9.311717549564946e-05 9.57060499047202e-05
1024 0.0001037754735895291 5.338082392058984e-07 0.0001033277571025337 0.0001054144266419144
2048 0.0001252576785422121 2.109038052910809e-06 0.0001240041414405368 0.0001297207267043632
4096 0.0001657548000952858 5.923009352318331e-07 0.0001652880945641755 0.0001673869617206947
8192 0.0002504669416438787 2.56761630822424e-06 0.0002497494539284162 0.0002600946963298156
16384 0.0004173107106417717 1.826324906917597e-06 0.0004164761271567841 0.0004233662473893673
32768 0.0007507550659013873 2.053545294206554e-06 0.0007498037497271071 0.000758092671844679
65536 0.001419417956896041 5.992394659138507e-06 0.001416927922946343 0.001441484476799815
131072 0.002754251311500866 9.540222316589583e-06 0.002750683218437189 0.002789277323699935
262144 0.005422960485134354 4.112577880587604e-06 0.00542017214866064 0.005434055316072772
524288 0.01077294357344272 4.534235171723825e-05 0.01075809232861502 0.01094231242132082
1048576 0.0215330154185267 4.41563961056055e-05 0.02151468595911865 0.02169253489773837


16 191263.9541936986 2137.446692636578 183487.6477359578 192209.6487135819
32 379247.0708266745 5977.55968582858 362228.4198949701 383104.7764327349
64 750160.0276823136 15241.55349329733 716210.1740040024 760404.0697551318
128 1488440.536507142 14063.65250563483 1441999.848192488 1497229.974754256
256 2893326.033849753 26280.67453804465 2816904.602296221 2905975.330688722
512 5469036.125252899 43725.56266492721 5349714.051616587 5498448.565205043
1024 9867699.096074149 50249.99375217332 9714040.40813558 9910212.209327925
2048 16354537.1341733 268744.1687266084 15787762.31085603 16515577.43321072
4096 24711493.83380364 87740.40217033724 24470245.22038144 24780974.15787965
8192 32710022.17246588 323709.7375605525 31496220.85954438 32800872.51901665
16384 39261611.51023281 169960.6046687397 38699353.34011579 39339589.79077853
32768 43647028.78869249 118416.58406297 43224266.92275643 43702102.06594191
65536 46171798.61517309 192254.5916983313 45464242.62958003 46252176.23188993
131072 47589505.46367829 162997.3368087793 46991383.35450093 47650706.96671101
262144 48339673.85626139 36619.19278214633 48240951.69304482 48364515.51908319
524288 48667903.90756752 201904.3739673316 47913821.12051909 48734290.80037427
1048576 48696389.57955568 99226.69324787024 48338103.63533507 48737685.59729212
