16 2.36621378288393e-06 1.643527476964788e-08 2.331626453688784e-06 2.404750385487375e-06
32 2.92530276715941e-06 1.241038277957474e-08 2.910453892557285e-06 2.9493487505583e-06
64 4.104466492849124e-06 1.401927007481073e-08 4.077217547582279e-06 4.131302425491867e-06
128 6.387779327265974e-06 1.526688729435048e-08 6.371048157483017e-06 6.421241907084152e-06
256 1.094811665591777e-05 1.067993121878522e-08 1.092777884359464e-05 1.096291963342821e-05
512 2.010889512749081e-05 1.615616135273987e-08 2.008764779759531e-05 2.014523509785704e-05
1024 3.846864986201126e-05 6.423790211108571e-08 3.841393841241825e-05 3.862621819195056e-05
2048 7.52426286743102e-05 1.660400104121353e-07 7.508434048020263e-05 7.568567542648452e-05
4096 0.0001501089474125195 5.261654951135255e-07 0.0001496533314195858 0.0001513142355804575
8192 0.0003018693820564522 6.134853288570048e-07 0.0003013452268874062 0.0003032251093486593
16384 0.0006033305269994571 1.215549754004804e-06 0.0006021854442224139 0.0006052577617765564
32768 0.00120542185119632 2.914503003294199e-06 0.001203585937446405 0.001213783396451618
65536 0.002408988693758829 2.242949826050663e-06 0.002407581605893938 0.002414144756585301
131072 0.004814887105681009 7.717814039079201e-07 0.004814281231119821 0.004816889742869535
262144 0.009629260408928531 6.93417102876506e-06 0.009627015384467086 0.009655234214733355
524288 0.01925544327173156 1.044277042178134e-06 0.0192533123481553 0.01925749714064295
1048576 0.03854851617052191 2.689702263272367e-06 0.03854294033226324 0.03855281485448359


16 6762162.662013568 46893.62685554957 6653497.218072906 6862162.665330444
32 10939222.60870869 46255.5576732086 10849852.86800773 10994848.63231523
64 15592940.15332747 53289.73853469443 15491482.68717709 15696979.43587801
128 20038369.7371511 47786.96235447542 19933838.63311327 20090885.64958649
256 23383038.06042117 22817.16105613998 23351443.64457466 23426535.59008064
512 25461384.44655237 20442.9124175703 25415439.30924213 25488300.33057885
1024 26619147.67162679 44358.577666888 26510490.74779458 26656990.72576653
2048 27218736.9992553 59879.84562806805 27059281.54118511 27275993.72787982
4096 27287160.70507754 95222.71040913888 27069495.37356685 27369921.94658179
8192 27137669.89118209 55013.37341997647 27016232.32191018 27184767.73173128
16384 27156030.6291849 54643.69176471831 27069458.72434511 27207565.63811705
32768 27183992.7127158 65445.25778886474 26996579.5345316 27225309.78512628
65536 27204798.99198763 25294.16224753693 27146673.71176934 27220676.48280873
131072 27222238.08768155 4362.072934638358 27210919.70062768 27225663.33531623
262144 27223703.1704299 19555.09023367299 27150454.78648076 27230038.54579498
524288 27228041.13345747 1476.659531990035 27225137.10743282 27231054.61124631
1048576 27201462.18203178 1897.961615235576 27198429.06303516 27205397.17418148
