16 3.696853055207283e-06 1.121431044435145e-08 3.681758789841894e-06 3.721923909072444e-06
32 6.920391084297428e-06 2.048665626091803e-08 6.876930370047774e-06 6.957688072795065e-06
64 1.338156507413313e-05 2.120954136488315e-08 1.336262352502615e-05 1.342869676257408e-05
128 2.630909118961355e-05 5.89135816091178e-08 2.618673352472456e-05 2.64681110557774e-05
256 5.219110231768909e-05 9.536751740815896e-08 5.214288913890641e-05 5.244951957905641e-05
512 0.0001038232193995015 8.674236433548195e-08 0.0001035358987593327 0.0001038854873485207
1024 0.000207234235059417 1.055778468339112e-07 0.0002068698649964062 0.0002073596080265361
2048 0.000414123356549112 1.396057641464829e-07 0.0004140502791756262 0.0004145834822111283
4096 0.000827623404155986 8.425437933120557e-07 0.0008249012638543718 0.0008294003836226693
8192 0.001655736177127665 1.641521759130144e-06 0.001654681462014196 0.001661783063127587
16384 0.003315116448504796 3.644905657415001e-06 0.003312508239559975 0.003328671471081179
32768 0.006631778375094655 2.278365237117226e-06 0.006630796174249554 0.006640288888775103
65536 0.01326107103068352 4.302303681388778e-06 0.01324496958841337 0.01326270274876151
131072 0.02651139074487219 2.761229333096224e-05 0.02642490847574663 0.02652453452901682
262144 0.0530473702983727 3.136881983160282e-06 0.05303605667722877 0.05304987073759548
524288 0.106100904550658 2.671730352735675e-06 0.1060968602396315 0.1061066267866408
1048576 0.2122680399188539 7.729603585994274e-05 0.212185257463716 0.2125495151849464


16 4328042.673343119 13105.24527297294 4298851.9891551 4345749.11429412
32 4624054.134104013 13693.71953722136 4599228.891148731 4653238.913014863
64 4782710.403102432 7568.41510072507 4765912.964716627 4789478.643930796
128 4865261.196595561 10872.19615547997 4836008.120498666 4887971.227077522
256 4905065.938562077 8928.544613550705 4880883.60111926 4909586.028461657
512 4931462.718319979 4128.882456125076 4928503.615546555 4945144.690250237
1024 4941269.714462458 2520.72026724584 4938280.939791116 4949971.809658159
2048 4945386.889247902 1665.714010446332 4939897.723559204 4946259.193636016
4096 4949115.703763097 5046.711339975719 4938507.481886396 4965442.749913289
8192 4947652.673932347 4889.182942455085 4929644.658059103 4950801.823831468
16384 4942215.07857417 5413.666046530844 4922083.82303296 4946100.904544893
32768 4941058.305656961 1695.502319056273 4934725.062247183 4941789.664302047
65536 4941984.423623407 1605.143559518538 4941375.920237663 4947991.730938405
131072 4943993.126070438 5161.190287225861 4941538.176913615 4960168.551588392
262144 4941696.438203383 292.2730034666399 4941463.501328068 4942750.581842419
524288 4941409.3360659 124.4270846616773 4941142.847319405 4941597.694934963
1048576 4939868.152568915 1796.775306483387 4933325.766881187 4941794.790711641
