16 8.473250210846994e-07 1.054794110605349e-08 8.26343477200453e-07 8.627425067686545e-07
32 1.39708277270556e-06 1.55009737743296e-08 1.362798596193926e-06 1.418983492262882e-06
64 2.366090205541127e-06 2.403219550183748e-08 2.311981212255176e-06 2.404056347771188e-06
128 4.322172599269258e-06 3.051408138771195e-08 4.257934309137568e-06 4.374121935768471e-06
256 8.25558096795298e-06 4.441305102027821e-08 8.167723727581233e-06 8.322953378936404e-06
512 1.608718282608557e-05 4.661972258114107e-08 1.597931207086845e-05 1.614504651215043e-05
1024 3.175126232557446e-05 1.586282550013434e-07 3.141204209811121e-05 3.206573747149832e-05
2048 6.318129791171856e-05 1.851784940512858e-07 6.274266806371998e-05 6.336218176272723e-05
4096 0.0001259184118485024 3.995476851019707e-07 0.0001246718979928119 0.0001261723500931566
8192 0.0002511119266763728 1.104761903525728e-06 0.0002490595201152246 0.00025185889273871
16384 0.0005053756241650831 1.715935707232944e-06 0.0005009326357594546 0.0005084219473019402
32768 0.00101586775592466 1.205220861013422e-06 0.00101286903759501 0.001016718704022423
65536 0.002031543901807709 4.061954509653047e-06 0.002022934034812351 0.002038784769410995
131072 0.004067390984175745 5.699937332583726e-06 0.004054882627315237 0.004085500542714726
262144 0.008134669468631728 4.090784735331466e-05 0.00809113927425642 0.008272171979115228
524288 0.01625779916139436 3.593637184316581e-05 0.01616852755614673 0.01627580938657047
1048576 0.03258904744643587 7.79590969946478e-05 0.03240118312533014 0.03281900697766105


16 18885716.21556038 236644.6803702015 18545510.24723118 19362408.5400976
32 22907525.90198961 255306.5679031416 22551354.66655003 23481092.57624038
64 27051481.24028895 277194.6791030568 26621672.18307287 27681885.84784063
128 29616120.32395866 209180.969756527 29263015.95602689 30061525.30942311
256 31010171.46285584 167672.9523092646 30758312.38558667 31342881.87730012
512 31826830.85363738 92589.98917039802 31712513.16090538 32041429.42632785
1024 32251442.79936334 161526.5614949849 31934397.29587333 32598963.0601435
2048 32414917.69541182 95456.6488746415 32322119.3308835 32641264.12220946
4096 32529309.01985057 103932.2234213022 32463531.011159 32854236.32706835
8192 32623497.34464953 144126.0301892871 32526149.50744963 32891736.06457631
16384 32419802.10688897 110479.453203121 32225202.09236741 32706992.57827457
32768 32256209.64454481 38327.69860462646 32229170.04512716 32351665.20422564
65536 32259330.38614948 64579.2322740002 32144638.79820593 32396508.67116839
131072 32225139.24705932 45069.70042208642 32082237.81385316 32324486.80932192
262144 32226281.06731086 160227.0077801388 31689863.39522867 32398898.48813549
524288 32248547.63012298 71552.19630167155 32212714.43696075 32426453.06935717
1048576 32175890.28301981 76828.76015481316 31950265.91492349 32362275.04236594
