16 2.905796241431391e-06 1.373411692761983e-09 2.903068180071244e-06 2.907535527452154e-06
32 3.603206714941631e-06 4.079894130464329e-09 3.596809181605209e-06 3.611786296264796e-06
64 4.877341584441641e-06 3.270753864482726e-09 4.873168547803175e-06 4.884064445320746e-06
128 7.440672473157939e-06 3.01503058551124e-09 7.434158952435155e-06 7.446892120732684e-06
256 1.251775182764536e-05 6.412415443972599e-09 1.250305175481969e-05 1.253393529943025e-05
512 2.26265847642626e-05 6.279607007210619e-09 2.2612763572738e-05 2.263436598681778e-05
1024 4.28547357378406e-05 4.906561202709197e-09 4.284595110704004e-05 4.286413786758203e-05
2048 8.327713222833211e-05 6.423269173691714e-09 8.326478014453187e-05 8.328784332434225e-05
4096 0.0001640867443164495 1.336595525932045e-08 0.0001640573956365188 0.0001641049882152856
8192 0.000325680141028073 2.226188754925114e-08 0.0003256489765703918 0.0003257182210063547
16384 0.0006488752745497095 3.971924431051486e-08 0.0006488116238188013 0.0006489335667083651
32768 0.001295341043189069 3.478246040969777e-07 0.001295115088396415 0.001296611418183602
65536 0.002588165373964557 1.266207485508023e-07 0.002587992517874227 0.002588386346360494
131072 0.005173844878072487 2.377263951824346e-07 0.005173429124624818 0.005174163887204486
262144 0.01034866623479047 9.467965423378873e-07 0.010347157733122 0.0103501727044204
524288 0.02069959312757419 1.92421914153479e-06 0.02069521825978882 0.02070259272659314
1048576 0.04141440497141957 2.689535238705195e-05 0.0413627458474366 0.0414496844750829


16 5506237.197191546 2603.369338009779 5502942.216503421 5511410.34503962
32 8880988.793525033 10054.16632421789 8859881.890878612 8896774.442095594
64 13121907.88060747 8796.604112922158 13103840.19631768 13133139.01872965
128 17202748.83297675 6971.005727946424 17188378.44362466 17217818.56144897
256 20450961.68186823 10474.73685231281 20424550.93985021 20475001.22530619
512 22628250.89667466 6281.601061366736 22620470.14253405 22642079.91885027
1024 23894675.69811376 2735.72557719588 23889434.17369995 23899574.48818883
2048 24592585.70296709 1896.866669016354 24589422.87681302 24596233.80311652
4096 24962406.57673483 2033.420593978731 24959631.2979015 24966872.01517565
8192 25153514.15049142 1719.347533650909 25150573.32282364 25155921.22006632
16384 25249844.92423996 1545.616287939588 25247576.70204333 25252321.93524278
32768 25296814.59982816 6786.874879645843 25272027.94951788 25301226.34936844
65536 25321411.37745958 1238.79065408155 25319249.61362494 25323102.57752645
131072 25333577.51310454 1164.041850593603 25332015.54054679 25335613.35094263
262144 25331187.2380085 2317.579323762364 25327500.08007521 25334880.04738326
524288 25328420.75766176 2354.605154925986 25324750.71716671 25333774.85651848
1048576 25319123.03118861 16448.34062538282 25297562.89533016 25350734.78602205
