16 9.161481007713412e-06 5.209221708511819e-08 9.080763177848894e-06 9.283630909351359e-06
32 1.00889390554082e-05 3.45696353856093e-08 1.004321438635714e-05 1.016323729707835e-05
64 1.187301066141178e-05 2.428437085614084e-08 1.181954799278628e-05 1.190249700400159e-05
128 1.545975437511338e-05 3.772239530940093e-08 1.541220161982437e-05 1.554648147816806e-05
256 2.264059254053485e-05 3.847132414006857e-08 2.260635014295076e-05 2.273019335419235e-05
512 3.698305141952574e-05 4.947308351976421e-08 3.691521946791454e-05 3.710114174992896e-05
1024 6.574135486836497e-05 1.492249370612238e-07 6.565759514387537e-05 6.628832869637336e-05
2048 0.0001232461148159558 1.768240186502389e-07 0.0001231001243411356 0.0001237238799944862
4096 0.0002381217598497187 8.325595682759445e-07 0.0002350859215027867 0.0002388835308124726
8192 0.0004693027208801936 1.201597591586156e-06 0.000467436522569642 0.0004730225062417048
16384 0.0009302024068915671 2.260213769747054e-06 0.0009249168920177908 0.0009355323339832466
32768 0.001852565788141192 1.235190912213636e-05 0.001830662025668062 0.001887052949768986
65536 0.003698911613952305 1.585466169907145e-05 0.003670969062113727 0.003743340240816906
131072 0.007379921275628476 1.982268855186474e-05 0.007338764792621078 0.007422132388455793
262144 0.01475304246457654 4.179587861532788e-05 0.01464785852658679 0.01481809353936114
524288 0.02954480874450383 0.0002708976543205721 0.02889031214726856 0.03013443524832837
1048576 0.05904501712666388 0.0002527748637074037 0.05849819340801332 0.05962087824445916


16 1746495.320719995 9904.993071689812 1723463.605590273 1761966.44341849
32 3171825.241788577 10847.62577133646 3148603.054776563 3186230.898692088
64 5390397.868434108 11040.80901871711 5377022.987570033 5414758.672587186
128 8279608.455971514 20162.84546831322 8233374.231960493 8305108.066803152
256 11307155.10339078 19172.42232247109 11262552.67656064 11324251.74259399
512 13844202.63647678 18498.26283104585 13800114.38599407 13869618.20571087
1024 15576267.21005812 35098.25311600648 15447666.58230777 15596063.14785229
2048 16617188.66513616 23780.44831562437 16552988.80128291 16636863.7802881
4096 17201483.27153332 60816.6587606064 17146431.09162442 17423416.82486267
8192 17455790.81886217 44497.95299248755 17318414.85744033 17525374.2582331
16384 17613468.36210401 42787.70069093101 17513023.76716506 17714023.97490742
32768 17688633.13544835 117157.5188659718 17364642.57879541 17899535.54536753
65536 17717947.77162569 75540.47862797392 17507358.61127551 17852506.76078013
131072 17760743.23688544 47723.99618457167 17659614.93813641 17860226.30562969
262144 17768943.36165283 50428.78644215393 17690804.77887858 17896404.4146243
524288 17746923.20873571 163240.0760683251 17398301.83242221 18147536.70114184
1048576 17759229.51715916 76005.29313161899 17587396.07458649 17924929.62451661
