16 9.800464686193777e-05 2.043432050835577e-06 9.444654521928442e-05 0.0001006384191697407
32 0.0001026242304762448 2.212578564905313e-06 9.776880044398695e-05 0.0001068639053869447
64 0.000111023696292456 1.348554612028351e-06 0.0001086882435856751 0.0001133688838308444
128 0.0001282465955281253 1.956058823984563e-06 0.0001254384946491882 0.0001322038827424876
256 0.0001616353520770275 2.186353139146312e-06 0.0001580419837807767 0.0001658598410472223
512 0.0002300913024750884 4.352777175100736e-06 0.0002236064401017757 0.0002401531037889981
1024 0.0003653861427359573 7.726289047119968e-06 0.0003576083577740974 0.0003886406548758714
2048 0.0006297510231050296 8.475505163804839e-06 0.000617817286411082 0.0006518623526972078
4096 0.001171153356182231 2.626667605477329e-05 0.0011481427632134 0.001253175925285177
8192 0.002259758577878301 7.659525531438604e-05 0.002203687897690543 0.002422035401195899
16384 0.00437454799043735 9.549772325891149e-05 0.004250407093422837 0.004583468479722796
32768 0.008602072387589033 0.0001435024614510548 0.008408718706050422 0.008946437421400333
65536 0.01703384354209447 7.766426709950687e-05 0.0169788101920858 0.01721997119238949
131072 0.03426661209960002 0.001152201642546547 0.03262243946664967 0.03818818340369035
262144 0.06824124274498899 0.001421651647152485 0.06761911451758351 0.07329087672405876
524288 0.1369037890653999 0.003224144855936518 0.1351729747548234 0.1451382547384128
1048576 0.274132287087923 0.005303477198599052 0.2657790218363516 0.2887757651042193


16 163324.68498363 3434.249852233928 158985.0092240993 169407.9964793997
32 311953.5743029487 6750.276260883454 299446.2899716312 327302.778132511
64 576533.1743162641 6995.838006968751 564528.8004730927 588840.1347616873
128 998293.3502613888 15120.14983321833 968201.518326991 1020420.408886247
256 1584082.903303084 21370.41059819481 1543471.875914277 1619822.745044145
512 2225940.090930153 41535.44361479105 2131973.27838765 2289737.271283244
1024 2803650.209617063 57308.59595725194 2634824.707999365 2863467.751072152
2048 3252623.742197471 43190.18799169956 3141767.570294557 3314895.916714939
4096 3498991.607044745 75397.59758176166 3268495.601739157 3567500.602918224
8192 3628939.234329616 118769.9508208866 3382279.216874838 3717404.8142594
16384 3746934.830667573 79835.47821219363 3574585.507129066 3854689.595580838
32768 3810292.386068086 62530.66745803382 3662686.995565104 3896907.619994716
65536 3847473.970925665 17437.94695143482 3805813.567734897 3859869.994338459
131072 3828825.894912939 119487.7939483321 3432265.908394421 4017847.902944124
262144 3842903.857913175 75446.29364288396 3576761.688729363 3876773.62932389
524288 3831522.439349174 86668.59537668413 3612335.017703917 3878645.128221474
1048576 3826386.960067363 72476.31941219202 3631108.031595271 3945292.56957549
