16 2.121312026637234e-05 6.945254734527081e-09 2.11953742592641e-05 2.1223660962022e-05
32 2.169379070116051e-05 2.246121437529712e-08 2.163891573303545e-05 2.172052092319632e-05
64 2.260922296093426e-05 4.287130277686644e-08 2.249990728131479e-05 2.268624825418897e-05
128 2.430319059709696e-05 5.135144126077323e-08 2.418985001995111e-05 2.439550644339761e-05
256 2.768934553332159e-05 1.017297964589205e-07 2.739090150782886e-05 2.787414189953097e-05
512 3.444256671469859e-05 2.053687807193286e-07 3.405023279867692e-05 3.484600279790584e-05
1024 4.772947658215898e-05 3.886018095065011e-07 4.682488845730859e-05 4.815057502582931e-05
2048 7.511807793036951e-05 1.462909134699612e-06 7.18189713211359e-05 7.697155670882694e-05
4096 0.0001309243764762158 2.812151481077381e-06 0.0001253369016183115 0.0001341403897470173
8192 0.0002494870750258116 1.303143332832506e-06 0.0002449822052028594 0.0002514743718506907
16384 0.000474309792178218 6.716821521427403e-06 0.0004575761239493659 0.0004800957352699697
32768 0.0009274033642014956 1.71685571538768e-05 0.0008825928757687507 0.0009420820443892808
65536 0.001850643467292912 1.618432530441755e-05 0.0017926896721292 0.001858673910646758
131072 0.00368153758975609 1.985501875778921e-05 0.003621468790242943 0.00369762459422418
262144 0.007361338924681604 4.318284646959285e-05 0.007272398469467589 0.007404625079288962
524288 0.01467734150094202 0.0001437781988903765 0.01439115486573428 0.01488279764271283
1048576 0.02958836116476959 0.0002205307681355447 0.02921128061643685 0.03027765309525421


16 754250.2662185669 246.9965391896747 753875.5933121383 754881.6927828817
32 1475077.945113991 1529.592364448067 1473261.166854694 1478817.164168102
64 2830712.760542904 5372.794662058748 2821092.288284491 2844456.165966038
128 5266820.236712491 11134.88737056366 5246867.913850662 5291475.552532537
256 9245550.925112769 34122.13230845115 9184139.225620706 9346169.19880604
512 14865823.14372735 88846.37125716946 14693220.42385791 15036607.91475983
1024 21455591.98283086 176157.7258160936 21266620.37682204 21868711.99775748
2048 27273664.61810049 543491.3653030719 26607231.13275868 28516142.21599531
4096 31299008.65885528 684068.8224866185 30535172.94623097 32679920.65476097
8192 32836219.39339299 173806.6591409706 32575884.13368772 33439163.4413469
16384 34549442.40981063 498510.564689769 34126526.84945612 35806064.0458876
32768 35344686.15019094 669932.5476972077 34782533.21476088 37126970.88276247
65536 35415156.08861608 318163.0880301404 35259546.94075176 36557359.04483797
131072 35603497.17168343 194112.4751351692 35447622.29371231 36193049.72422726
262144 35612068.07503698 210034.3746208365 35402737.77442526 36046429.67524186
524288 35724140.0911926 351694.0757099753 35227785.29860015 36431266.62811083
1048576 35440625.14045352 261297.0629781136 34632010.50296585 35896269.45043889
