16 3.00311424775157e-06 1.199723387020345e-08 2.97489938061446e-06 3.021213808018786e-06
32 4.431215319511406e-06 1.566456165324705e-08 4.404235458110861e-06 4.461356930995919e-06
64 7.027799138636937e-06 2.291887990860669e-08 6.98907435214835e-06 7.067634460788952e-06
128 1.203821864204091e-05 2.289780718409736e-08 1.198609966657216e-05 1.208201419800048e-05
256 2.20430056514509e-05 9.793969786035458e-08 2.189392013818292e-05 2.234735254091902e-05
512 4.202463202940265e-05 2.532871379168856e-07 4.181720517948406e-05 4.270709476372758e-05
1024 8.194732345501166e-05 6.313673343932452e-07 8.095750578718253e-05 8.307616360525572e-05
2048 0.0001614313528737199 1.907590758884388e-06 0.0001595830061376091 0.000166723147515313
4096 0.0003215974516095343 3.808417099134411e-06 0.0003164867872555988 0.0003291059323373702
8192 0.0006384933465213294 7.641456624827461e-06 0.0006319834308214922 0.0006548368739913712
16384 0.001278223743810258 2.010609844913468e-05 0.001259402191635672 0.001319212695307215
32768 0.002555314122105301 3.130238006443046e-05 0.002515160155780904 0.00260913631927906
65536 0.00510411476778927 6.883330773709226e-05 0.005046257897447504 0.005247961405984825
131072 0.01033387909774319 0.0001785492014149882 0.0100749843295489 0.0105748264813883
262144 0.02056144905373003 0.0002620634006477242 0.02018406048227916 0.0209874038300768
524288 0.04141241281149632 0.001032710965322718 0.04043125433236128 0.04462999568204395
1048576 0.08253609015537222 0.001516405929766557 0.08075713407015428 0.08653036270698067


16 5327882.512423817 21328.18892800104 5295884.70618446 5378333.164564118
32 7221579.743719674 25521.32098815051 7172705.635291227 7265733.247996232
64 9106782.398563202 29669.85556324578 9055363.623440105 9157149.684682813
128 10632838.48692641 20240.31294260062 10594260.02174236 10679036.84773931
256 11613874.52259587 51208.22956337724 11455495.65798688 11692743.8478017
512 12183742.08670867 72763.68227598284 11988640.36134008 12243764.20668095
1024 12496525.47565758 95988.94979546637 12326038.60796501 12648611.02183466
2048 12688139.74349351 147391.053658795 12283837.19070501 12833446.67811309
4096 12738080.51505131 149639.2363958761 12445840.67783119 12942088.46921631
8192 12831902.46243961 151369.7536686023 12509985.80771422 12962365.15149063
16384 12820714.82370377 198540.7392883744 12419528.75247652 13009346.90189873
32768 12825266.05255116 156194.2544036703 12558945.1796272 13028196.2063868
65536 12841992.87815499 170552.5186898071 12487896.71457228 12987049.28124054
131072 12687274.80374868 219640.8827852498 12394718.74367743 13009648.02650653
262144 12751227.41557388 161651.1426619117 12490539.66476428 12987674.12187218
524288 12667226.65602438 302212.9112362008 11747435.59769013 12967393.88024276
1048576 12708405.14261321 229432.7398411731 12118012.30454577 12984314.16708145
