16 7.371795835486861e-06 1.531673707128641e-08 7.342255146092214e-06 7.401947589968927e-06
32 1.003345582295534e-05 7.474712866909404e-09 1.002064510124967e-05 1.004652490266267e-05
64 1.514807208435887e-05 8.697942477856224e-09 1.512858423069474e-05 1.51623520352473e-05
128 2.542703805374913e-05 6.384298333607802e-09 2.541799575439541e-05 2.544149967320664e-05
256 4.602502647665929e-05 8.050810058232019e-09 4.600927086073625e-05 4.60404103606038e-05
512 8.723106479457954e-05 1.293211375233709e-08 8.72049594136115e-05 8.724414625760346e-05
1024 0.0001696821072396659 2.452217362710654e-08 0.0001696321080260077 0.0001697216823970393
2048 0.0003357069363048026 6.4747627001984e-08 0.0003356108293246507 0.0003358241966111564
4096 0.0006658200585221152 1.730874090756553e-07 0.0006656475287627472 0.0006661367494871229
8192 0.001326674242108083 3.931750962548919e-07 0.001326244058873272 0.00132770509776492
16384 0.002650833435524191 2.221330006235103e-06 0.002649554312483815 0.002658914007497515
32768 0.005303306295331822 1.405760857059877e-06 0.005301218551721831 0.005305758068971045
65536 0.01060247739781062 3.982658962282356e-06 0.01059620405067108 0.01060886045343068
131072 0.0212122950556477 8.078648917373515e-06 0.02119277806559694 0.02122368945128983
262144 0.04241734120387264 1.698656901695591e-05 0.04238569142762572 0.04244674579967977
524288 0.0848058829215006 4.357926781137445e-05 0.08471562444174197 0.08487136953044683
1048576 0.1696945165222132 8.313927322911268e-05 0.1695477207540534 0.1698830235691275


16 2170443.279375714 4507.719101748604 2161593.257115614 2179166.98366383
32 3189331.493750403 2375.627083227502 3185180.976510487 3193407.178546748
64 4224961.396436576 2426.549005981286 4220981.009491261 4230402.463579433
128 5034011.719881947 1263.843651169217 5031149.957516122 5035802.241719456
256 5562191.419341649 972.9467879394106 5560332.716301243 5564096.000888101
512 5869468.769599464 870.2422202005755 5868588.575424089 5871225.71288169
1024 6034814.375589743 872.1487506174198 6033407.078799161 6036593.024258132
2048 6100559.297239956 1176.625160153564 6098428.941888709 6102306.0671826
4096 6151812.651212049 1598.865989930443 6148887.601762887 6153406.755093524
8192 6174839.620958766 1829.276854366507 6170044.849410119 6176841.996155386
16384 6180701.713563115 5165.58644182144 6161914.207755857 6183681.505528709
32768 6178787.408022936 1637.82060028082 6175931.803531094 6181220.351565582
65536 6181197.677670988 2321.773964189192 6177477.80618672 6184856.358617357
131072 6179058.771534387 2353.921961092775 6175740.570498894 6184748.389017213
262144 6180114.829753157 2474.912615987397 6175832.683078797 6184728.647109964
524288 6182214.154929193 3177.500839426051 6177442.439077367 6188799.332531005
1048576 6179199.28940982 3026.707282423137 6172341.285021462 6184547.897998984
