16 1.164590319110981e-06 1.991048969843307e-08 1.136594701023341e-06 1.19554881194972e-06
32 1.80878450295463e-06 1.538492625763535e-08 1.782531694916045e-06 1.826898369472474e-06
64 2.98599785622522e-06 1.639157696470852e-08 2.955131754411866e-06 3.011306739075792e-06
128 5.353143000819127e-06 1.116775788991266e-08 5.327286115353047e-06 5.36440999621135e-06
256 1.008520624568021e-05 1.199433153930913e-08 1.006883208631848e-05 1.011859192168174e-05
512 1.952420108009001e-05 1.257492300289522e-08 1.949859970196144e-05 1.955703938349984e-05
1024 3.842168398460188e-05 6.617101119822625e-08 3.839880571376852e-05 3.866912997807503e-05
2048 7.616192983839198e-05 2.013378325462349e-08 7.611753999015036e-05 7.621458770756817e-05
4096 0.0001517195820834871 7.99629079991214e-08 0.0001516757903345933 0.0001519143181099025
8192 0.0003030898984057728 7.503941217361508e-07 0.0003028237151170288 0.000305896490658597
16384 0.0006100406514946144 7.051006518462778e-08 0.000609912078061825 0.0006101514038618916
32768 0.001222972400057643 1.0080270472428e-07 0.001222861137193831 0.001223269471211097
65536 0.002446402077794119 1.04339736070927e-06 0.002446023858283297 0.002450300494274416
131072 0.00490384961011614 4.194377050164879e-05 0.004892030948212778 0.005060313346803014
262144 0.009786145587213468 2.745790174924531e-07 0.009785875794477761 0.009786844520931481
524288 0.01957366686747264 1.546401679594634e-06 0.01957152895556646 0.01957649993346422
1048576 0.03918557823362789 2.729702849233088e-06 0.03918156748841284 0.03919231597683392


16 13742503.94134539 235045.4531371575 13382975.11576038 14077137.59847225
32 17692644.43204376 151219.8488435742 17516026.36179492 17951994.95821989
64 21433978.29673065 117997.4108368545 21253231.75135669 21657240.7996534
128 23911284.20777767 50020.00870100231 23860965.15560907 24027243.37089923
256 25383748.48285865 30124.30924263411 25299962.87837765 25424994.45867734
512 26223874.50888829 16881.06477391122 26179831.71992645 26258295.86872825
1024 26651690.51297671 45627.9621114968 26481071.60881552 26667496.05790026
2048 26890076.68943253 7108.16220657694 26871496.14793012 26905756.54789963
4096 26997181.30972784 14216.51229865298 26962567.12969442 27004968.89427322
8192 27028438.48720109 66347.58988902636 26780300.69048054 27052042.46250705
16384 26857226.91604271 3104.258689110066 26852351.55782504 26862888.25770589
32768 26793736.47936081 2208.151328723948 26787229.44631167 26796174.15530482
65536 26788732.62683957 11408.65096294585 26746107.32566765 26792870.30585033
131072 26730169.907181 222095.9715465874 25901953.30152987 26792962.14343962
262144 26787257.33816847 751.5755285637069 26785344.28940228 26787995.83251708
524288 26785374.79040505 2116.078547303683 26781498.31593635 26788300.55588906
1048576 26759232.65744296 1863.971117465103 26754632.22484223 26761971.69268676
