16 1.79220962603921e-06 1.601156421034048e-08 1.751464850485718e-06 1.833984384802534e-06
32 2.47186279178635e-06 2.46002161225241e-08 2.428710956792202e-06 2.534179657232016e-06
64 3.777679445704507e-06 3.922500895943429e-08 3.672851562441792e-06 3.852539066429017e-06
128 6.448883048904008e-06 8.489582758941796e-08 6.273437293202733e-06 6.632812528550858e-06
256 1.173950194299778e-05 1.838592462729857e-07 1.129296879298636e-05 1.211328117278754e-05
512 2.225964351509901e-05 3.721961022726769e-07 2.155468700948404e-05 2.310156287421705e-05
1024 4.348486319827316e-05 8.327238184150354e-07 4.19687494286336e-05 4.585937494994141e-05
2048 8.589892587451686e-05 4.152986337708644e-06 8.109374903142452e-05 0.0001166250003734604
4096 0.0001702060548041118 3.161311353119567e-06 0.0001636875022086315 0.0001790624955901876
8192 0.0003395273436126445 6.225208142714542e-06 0.0003248749999329448 0.0003501250030240044
16384 0.0006806796905038937 1.408586630346198e-05 0.000660250021610409 0.0007292499940376729
32768 0.001357429694508028 2.529647509376485e-05 0.001306999998632818 0.001423500012606382
65536 0.002728843742261233 3.3415362903257e-05 0.002639999962411821 0.002786999975796789
131072 0.005458617185468029 5.994387038926566e-05 0.005324500030837953 0.005569000029936433
262144 0.01096982812669012 7.590116586968941e-05 0.01073649997124448 0.01113649999024346
524288 0.02193784374594543 0.000175744759209099 0.02156949997879565 0.02242399996612221
1048576 0.04380772656168119 0.0003503719391890845 0.04295999999158084 0.04451949999202043
