16 0.0001566066773008856 1.144118765205128e-08 0.0001565898655542242 0.0001566237592669495
32 0.000157177624270588 1.141431570976535e-08 0.0001571591792242089 0.0001572011667292372
64 0.0001583650590202268 1.064174312328763e-08 0.0001583420491613197 0.0001583852656494855
128 0.0001607257844451482 5.760874671278928e-09 0.0001607148433322436 0.0001607382787369716
256 0.0001654551215928279 4.887540649206952e-08 0.0001654199117240296 0.0001656325635224221
512 0.0001748451984457944 1.413776111731798e-08 0.0001748137384538495 0.0001748678924400338
1024 0.0001936322578046656 1.004220989209585e-08 0.0001936064253413861 0.0001936496608720972
2048 0.0002311961313878896 5.041072940458286e-08 0.0002310434523451477 0.0002312519283407255
4096 0.0003063442486137546 7.450793772044152e-08 0.0003061274688889171 0.0003064096790694748
8192 0.0004559283736256248 5.712218663557888e-08 0.000455847166165313 0.0004561040375961056
16384 0.0007549343744912562 1.17544631019198e-06 0.0007543866026935575 0.0007592977436843285
32768 0.001352920383141054 5.166555487650138e-07 0.001352232503677442 0.001354119303414336
65536 0.002551351240072108 4.885626804513687e-06 0.00254848785334616 0.002566421993833501
131072 0.004945266564106987 1.02542257372483e-06 0.004943460515278275 0.004947484239892219
262144 0.009734352523651069 5.68610620869306e-06 0.009730546718856203 0.009754829870871617
524288 0.01931303982473764 9.641296823904536e-06 0.01930468897990067 0.01934709696433856
1048576 0.03850855547170795 1.283906365232195e-05 0.03849605946743395 0.03854137933376478


16 102166.7808539039 7.463805563624044 102155.6376560315 102177.7491370251
32 203591.3210083591 14.7841984892249 203560.8301503048 203615.21457393
64 404129.5514735909 27.15675413255119 404077.9913305521 404188.2768284531
128 796387.4657451004 28.54471091497917 796325.5610659878 796441.6810921897
256 1547247.485957539 456.6343519306416 1545589.795604079 1547576.693349259
512 2928304.624259515 236.7856129354226 2927924.576980744 2928831.592576272
1024 5288375.057916195 274.2761218564303 5287899.784530669 5289080.660388113
2048 8858280.106255993 1932.217098487173 8856142.366875689 8864133.474514417
4096 13370579.81593662 3253.249400340024 13367723.93234771 13380047.25569496
8192 17967734.83383714 2250.667452806274 17960814.47376765 17970935.45389985
16384 21702597.73025528 33614.31947185948 21577833.1178757 21718307.22006527
32768 24220201.63694206 9245.939714005932 24198754.06648241 24232519.11996371
65536 25686868.72647066 48988.1516367063 25535940.76011948 25715641.4985268
131072 26504537.94220321 5495.160457804825 26492656.39759883 26514220.06808964
262144 26929791.48517805 15702.39702420065 26873251.86293349 26940315.64454728
524288 27146846.22806119 13532.74052390177 27099052.6881832 27158583.10620125
1048576 27229692.11337591 9074.428701893836 27206499.04403859 27238528.16382547
