16 0.0001112436821131269 2.048695844228483e-08 0.0001112076279241592 0.0001112740428652614
32 0.0001116594776249258 4.266347302190791e-08 0.0001116086496040225 0.0001117843203246593
64 0.000112455560156377 2.294007136230099e-08 0.0001123950351029634 0.0001124852278735489
128 0.0001140681924880482 1.502405203790554e-08 0.0001140412641689181 0.0001140964450314641
256 0.0001172519168903818 1.245547479541657e-08 0.0001172254851553589 0.0001172742922790349
512 0.0001237365104316268 1.371694546710442e-07 0.0001236711395904422 0.0001242475700564682
1024 0.000136595313961152 2.043229713738175e-08 0.0001365636708214879 0.0001366406213492155
2048 0.0001621835144760553 2.241667119851124e-07 0.0001620808034203947 0.0001630195765756071
4096 0.0002131126566382591 1.988975412936468e-08 0.00021306739654392 0.0002131381770595908
8192 0.0003151330820401199 1.939354828288255e-07 0.0003150346456095576 0.0003158559557050467
16384 0.0005191701202420518 2.097780734295912e-08 0.0005191394593566656 0.0005192265380173922
32768 0.000928237903281115 3.997524463109457e-06 0.0009268370922654867 0.0009426015894860029
65536 0.00174245037487708 1.902382783824906e-07 0.001742211170494556 0.001743025612086058
131072 0.003375947824679315 6.33533159823467e-06 0.003373019397258759 0.003399476408958435
262144 0.006673624273389578 8.313716136820461e-05 0.006643857806921005 0.006980070844292641
524288 0.01318499026820064 1.378383882391617e-05 0.01317598298192024 0.01322127878665924
1048576 0.02630607038736343 0.0001299022618653565 0.02626702934503555 0.02679206430912018


16 143828.3973060741 26.48878242564675 143789.1496346003 143875.0227719235
32 286585.6536110903 109.433512378952 286265.5505446668 286716.1292026481
64 569113.7228632241 116.1177481884746 568963.5982419496 569420.1700401672
128 1122135.796928026 147.7961118001594 1121857.915596772 1122400.746193116
256 2183333.198276272 231.9345018555942 2182916.605379209 2183825.468162689
512 4137829.536819202 4569.701507543447 4120804.936203625 4140011.984166834
1024 7496597.004566101 1121.306512540272 7494111.120754788 7498333.882211934
2048 12627693.12466221 17371.27830165992 12562908.35137923 12635672.80505163
4096 19219881.62534499 1793.895497917015 19217580.14686786 19223964.1842889
8192 25995375.82494022 15964.09803600697 25935873.14734655 26003489.18497321
16384 31558056.57197345 1275.096302610207 31554627.50914168 31559920.3734264
32768 35301900.67662875 150031.28165235 34763361.70605045 35354648.91667695
65536 37611401.55102109 4105.611103377779 37598988.53211132 37616565.15001938
131072 38825371.95896963 72399.46330137196 38556525.83868323 38858952.34000782
262144 39286095.03860686 470081.7379279072 37556065.81190304 39456593.9877462
524288 39764044.23735571 41501.27818978597 39654863.07792148 39791186.79186327
1048576 39861505.43713898 193522.2775247703 39137559.08845958 39919854.89589366
