16 1.449470164516242e-05 6.13986613672034e-08 1.438765320926905e-05 1.466646790504456e-05
32 1.573876761540305e-05 8.803811346699854e-08 1.558405347168446e-05 1.609965693205595e-05
64 1.82313124241773e-05 6.874462941216563e-08 1.807813532650471e-05 1.836614683270454e-05
128 2.320059138583019e-05 6.524077140508057e-08 2.30744481086731e-05 2.340041100978851e-05
256 3.317113441880792e-05 6.459509293555932e-08 3.302749246358871e-05 3.331247717142105e-05
512 5.313221481628716e-05 6.330372669236379e-08 5.300715565681458e-05 5.329586565494537e-05
1024 9.29561210796237e-05 9.372163456382573e-08 9.278208017349243e-05 9.325146675109863e-05
2048 0.0001726801274344325 2.980475915641866e-07 0.000172346830368042 0.0001748427748680115
4096 0.0003332190681248903 7.903813101755601e-07 0.000332757830619812 0.0003392547369003296
8192 0.0006535248830914497 3.19066378840655e-06 0.0006523728370666504 0.0006760060787200928
16384 0.001290810294449329 1.396770419991369e-06 0.001289486885070801 0.001300036907196045
32768 0.002564325928688049 1.394015060902592e-06 0.00256192684173584 0.00256955623626709
65536 0.005111372098326683 3.252059250783371e-06 0.005107522010803223 0.005125522613525391
131072 0.01020496152341366 6.337281809021686e-06 0.01019799709320068 0.01022946834564209
262144 0.0203894879668951 6.673314128567994e-06 0.02037954330444336 0.02040445804595947
524288 0.04076066613197327 1.664794503659422e-05 0.0407414436340332 0.04080450534820557
1048576 0.08154289983212948 2.267316460310905e-05 0.08151352405548096 0.08159005641937256
