16 1.479607635701541e-05 2.942938288314251e-08 1.47375394590199e-05 1.486012479290366e-05
32 1.74059077835409e-05 4.603283842242516e-08 1.731398515403271e-05 1.752143725752831e-05
64 2.274088910780847e-05 4.538044044096457e-08 2.263183705508709e-05 2.285465598106384e-05
128 3.353519423399121e-05 7.97617043408313e-08 3.339257091283798e-05 3.369338810443878e-05
256 5.489532486535609e-05 2.174649508585867e-07 5.45429065823555e-05 5.569960922002792e-05
512 9.714564657770097e-05 4.121976025720535e-07 9.639933705329895e-05 9.798444807529449e-05
1024 0.0001820057514123619 8.036086449194935e-07 0.0001806877553462982 0.0001836568117141724
2048 0.0003503310726955533 1.561178573967535e-06 0.0003479346632957458 0.000353686511516571
4096 0.0006890480872243643 2.423914575702425e-06 0.0006861239671707153 0.0006958097219467163
8192 0.001364566385746002 5.251617914453204e-06 0.001354128122329712 0.001382261514663696
16384 0.002710782922804356 9.157382080936724e-06 0.002695977687835693 0.002733767032623291
32768 0.00540727935731411 2.486739514572163e-05 0.005380988121032715 0.005499005317687988
65536 0.01080470532178879 4.851953547927486e-05 0.01073801517486572 0.0109325647354126
131072 0.02154628001153469 7.460927644848321e-05 0.02144992351531982 0.021759033203125
262144 0.04301059432327747 0.000120191787515956 0.04263103008270264 0.04332649707794189
524288 0.08590822480618954 0.0001760628032407775 0.08536851406097412 0.08637654781341553
1048576 0.1717808786779642 0.000204310901098039 0.1714444160461426 0.1723664999008179
