16 3.667492364911595e-06 1.072596209400871e-08 3.649952304840554e-06 3.68925066140946e-06
32 4.486915941015468e-06 1.324333698596094e-08 4.464554876904003e-06 4.517181878327392e-06
64 6.166503567328618e-06 1.639592252010804e-08 6.135336661827751e-06 6.193778972374275e-06
128 9.471846396991168e-06 2.179165783460831e-08 9.444091119803488e-06 9.532821422908455e-06
256 1.612874439160805e-05 3.68055265830929e-08 1.608407183084637e-05 1.619708200450987e-05
512 2.948732753793593e-05 1.168235193293736e-07 2.938546822406352e-05 2.983282320201397e-05
1024 5.618137765850406e-05 2.70160759796868e-07 5.589080683421344e-05 5.695794243365526e-05
2048 0.000109283508209046 4.096091051386842e-07 0.0001088370336219668 0.0001104265102185309
4096 0.0002158805800718255 4.402091995182554e-07 0.0002153022214770317 0.0002168850041925907
8192 0.0004318885912653059 9.67190414978535e-07 0.0004303324967622757 0.0004336186684668064
16384 0.0008626265334896743 1.761285844128288e-06 0.000860101543366909 0.000865609385073185
32768 0.001723568915622309 2.349978476984338e-06 0.001719872932881117 0.00172780454158783
65536 0.003456358739640564 1.02320249578137e-05 0.003445867449045181 0.003483062610030174
131072 0.006884261849336326 1.544940785838236e-05 0.006873711943626404 0.006927900016307831
262144 0.01375381229445338 1.179866008397769e-05 0.01374493911862373 0.01378754526376724
524288 0.02750139217823744 1.73183645294981e-05 0.0274895578622818 0.02755715698003769
1048576 0.05504464451223612 3.592231182775073e-05 0.05502587556838989 0.05514468252658844


16 4362688.924577089 12761.2728570845 4336924.071699503 4383618.925316053
32 7131905.613435244 21020.97439696266 7084062.776734786 7167567.849942247
64 10378721.75555317 27631.6824132841 10332948.63853799 10431375.41223924
128 13513799.52782737 31002.47842215939 13427294.43062905 13553448.22241226
256 15872360.66312774 36169.32647141194 15805316.03956318 15916367.61463834
512 17363644.81717632 68315.53495740998 17162304.6378472 17423578.07934221
1024 18227072.47788017 87031.36418973692 17978177.5156776 18321438.85554289
2048 18740493.17756959 69895.19052326037 18546271.14401304 18817124.39088975
4096 18973526.65766062 38626.23385000897 18885584.16128582 19024420.51874954
8192 18967943.75196357 42466.76424451038 18892175.53516633 19036442.89388962
16384 18993229.78686569 38741.94559979671 18927706.05602292 19048913.6153204
32768 19011747.55196478 25923.53651769811 18965108.15389259 19052570.3228013
65536 18961149.98983414 55927.31481177332 18815625.02243744 19018723.43295138
131072 19039458.26766647 42543.00805827414 18919441.63331817 19068590.7519787
262144 19059746.85318521 16327.1500103669 19013101.67872283 19072037.91429003
524288 19064060.14717228 11986.77754374824 19025474.95664348 19072260.18790834
1048576 19049562.90235602 12414.15821161821 19014997.49308414 19056052.97814405
