16 9.60730244514707e-06 2.879183926490047e-09 9.601259080227464e-06 9.611554560251534e-06
32 1.103426370718807e-05 8.581164357327428e-09 1.102407622965984e-05 1.106366107705981e-05
64 1.375768965772295e-05 4.14823319847839e-09 1.375056672259234e-05 1.376576256006956e-05
128 1.918614543683361e-05 6.345640410477211e-09 1.9174134649802e-05 1.919577334774658e-05
256 3.004153404617682e-05 7.578140914825668e-09 3.002358425874263e-05 3.005487087648362e-05
512 5.166722985450178e-05 1.029445859692464e-08 5.164727917872369e-05 5.168230563867837e-05
1024 9.486682574788574e-05 5.13871302244106e-08 9.476489503867924e-05 9.493774268776178e-05
2048 0.0001814304196159355 1.380311813303908e-07 0.0001811665133573115 0.0001817592419683933
4096 0.0003550889159669168 2.659438929324518e-07 0.0003545527579262853 0.0003555107396095991
8192 0.0007025530212558806 5.429870558067704e-07 0.0007016153540462255 0.0007034793961793184
16384 0.001403034810209647 1.501896811364702e-06 0.001400111708790064 0.001405298709869385
32768 0.002800017420668155 5.674998318568416e-06 0.002792949788272381 0.002811429090797901
65536 0.005605057114735246 1.144466807610408e-05 0.005578953772783279 0.005626076832413673
131072 0.01116981846280396 2.337094307511592e-05 0.01113048568367958 0.01120537519454956
262144 0.02218247950077057 6.600110184202923e-05 0.02207106351852417 0.02230765670537949
524288 0.0438994187861681 0.0001635654208840038 0.04368056356906891 0.04420481622219086
1048576 0.08739111758768559 0.0004112720162279279 0.08645498752593994 0.08790314197540283


16 1665399.9849215 499.1356263583924 1664663.078142198 1666448.105014675
32 2900059.21174221 2250.987285144486 2892351.797213954 2902737.547650956
64 4651944.261453288 1402.45405543715 4649215.742369785 4654353.619829157
128 6671481.436968502 2206.880212311919 6668134.577397794 6675659.80618175
256 8521536.046746042 2149.909192980217 8517754.112206375 8526630.191578636
512 9909569.769823976 1974.573573176225 9906678.768929105 9913397.339446304
1024 10794081.84775732 5848.616709947899 10786015.87745567 10805689.16983493
2048 11288080.10905953 8584.307052495567 11267652.62564273 11304517.38595182
4096 11535145.06068547 8643.911928189254 11521452.2196938 11552582.53794657
8192 11660336.43038967 9012.92224162972 11644975.02626479 11675913.23758327
16384 11677556.03068823 12506.31025166623 11658731.26114434 11701923.42306642
32768 11702829.34983466 23692.40702854058 11655282.39970663 11732398.53347636
65536 11692344.07360186 23891.29459371902 11648614.47010919 11747005.38292949
131072 11734527.14164684 24551.06787095682 11697243.30727945 11775946.14691328
262144 11817712.95186101 35155.96211963108 11751301.51329539 11877270.8791302
524288 11943092.36905061 44433.45019738939 11860427.09384248 12002775.54045248
1048576 11998906.29408338 56620.98170952129 11928765.87157048 12128577.30949745
