16 1.905944964164519e-05 4.627824996156932e-08 1.897280890261754e-05 1.914733729790896e-05
32 1.97301633306779e-05 3.301138399925701e-08 1.967041316675022e-05 1.97920817299746e-05
64 2.107244199578417e-05 3.0741969142235e-08 2.101883001159877e-05 2.111266803694889e-05
128 2.370402762608137e-05 4.890079078683624e-08 2.36221676459536e-05 2.383914397796616e-05
256 2.895482111853198e-05 1.222019767817256e-07 2.871701144613326e-05 2.91475880658254e-05
512 3.961345009884099e-05 2.590401251969902e-07 3.920329618267715e-05 4.00134886149317e-05
1024 6.061130170564866e-05 4.820677053575698e-07 5.983684968668967e-05 6.154066068120301e-05
2048 0.0001020774343487574 6.63938357242298e-07 0.0001008872350212187 0.0001032456057146192
4096 0.0001859989133663476 1.666564303828538e-06 0.0001833945279940963 0.0001894931774586439
8192 0.0003544275532476604 3.605878722846525e-06 0.0003482651663944125 0.0003612211439758539
16384 0.0006891200901009142 7.623340527524767e-06 0.0006779686082154512 0.000702770659700036
32768 0.001354641164653003 1.464197348531315e-05 0.001333349850028753 0.001381031237542629
65536 0.00267490086844191 2.297119995951457e-05 0.002640984021127224 0.002728301100432873
131072 0.005329725099727511 3.492084743903839e-05 0.00528896227478981 0.00540013425052166
262144 0.01055396697483957 4.973040200792107e-05 0.01048320159316063 0.01064246892929077
524288 0.02102690096944571 9.519763222829695e-05 0.02083993703126907 0.02119721472263336
1048576 0.04213282465934753 0.0001370767706397597 0.04183156788349152 0.04238693416118622


16 839483.2344402006 2038.271990054934 835625.3274833845 843312.1359163952
32 1621886.419908929 2713.20542651017 1616808.198176386 1626808.736996487
64 3037148.12969985 4434.183198980373 3031355.387580328 3044888.795650521
128 5399947.706843845 11116.39022460855 5369320.312772419 5418639.047798224
256 8841507.866108688 37347.72983573578 8782887.950174913 8914576.660604089
512 12925421.42658727 84566.48718964671 12795685.09827305 13060126.31219103
1024 16895537.13826502 133870.4640519931 16639405.37305234 17113200.40011702
2048 20063995.14938752 130372.5616888124 19836195.31140986 20299892.24671747
4096 22023284.16904943 196452.9165386817 21615553.94728623 22334363.21574358
8192 23115564.40592407 234574.0169231271 22678628.13852226 23522306.53674536
16384 23777969.48208706 262568.1890434902 23313437.71094996 24166310.65430295
32768 24192071.62946494 260528.6332105488 23727196.82887588 24575695.56804118
65536 24502032.5472729 209346.6477244066 24020809.13635304 24814993.00099057
131072 24593623.64446903 160464.4667249975 24271989.1616284 24782177.14366453
262144 24838948.44757372 116718.1770106991 24631878.34906553 25006101.20585928
524288 24934634.33943503 113023.8976518979 24733815.59135647 25157849.52772829
1048576 24887636.29427635 81054.52579054239 24738189.27343376 25066619.61417449
