16 1.374702242173953e-05 3.624411921567206e-08 1.362693728879094e-05 1.383956987410784e-05
32 1.432359567843378e-05 4.027641672315416e-08 1.422897912561893e-05 1.443352084606886e-05
64 1.544679253129289e-05 8.829111299998501e-08 1.532328315079212e-05 1.598824746906757e-05
128 1.75591922015883e-05 6.694792782631005e-08 1.741014420986176e-05 1.773238182067871e-05
256 2.187899372074753e-05 9.627909083717951e-08 2.174265682697296e-05 2.233590930700302e-05
512 3.032744280062616e-05 2.045749882045967e-07 3.011710941791534e-05 3.107078373432159e-05
1024 4.743313184008002e-05 3.984627620911072e-07 4.708021879196167e-05 4.907697439193726e-05
2048 8.13482329249382e-05 9.067827537678337e-07 8.074939250946045e-05 8.697062730789185e-05
4096 0.0001529969740658998 2.083674058307108e-06 0.0001515597105026245 0.0001599937677383423
8192 0.0002913950011134148 3.685547054924602e-06 0.0002886354923248291 0.0003111064434051514
16384 0.000568365678191185 5.717576946305977e-06 0.0005624890327453613 0.0005927681922912598
32768 0.001122608780860901 1.223138137545511e-05 0.001110553741455078 0.001167535781860352
65536 0.00222424603998661 2.176857079879843e-05 0.002211451530456543 0.002347946166992188
131072 0.004424888640642166 4.222503198844606e-06 0.00441896915435791 0.004446983337402344
262144 0.008846588432788849 6.13665608332461e-05 0.008804559707641602 0.009238004684448242
524288 0.01778730563819408 0.000284434813954023 0.01757907867431641 0.01878857612609863
1048576 0.03584470227360725 0.000774074921148119 0.03514707088470459 0.03738152980804443
