16 6.026793244018336e-06 1.795235204662115e-08 6.004820534144528e-06 6.058915460016578e-06
32 6.706972158099234e-06 1.620801860083501e-08 6.680566002614796e-06 6.733802365488373e-06
64 8.089925358945038e-06 1.77090387444286e-08 8.069444447755814e-06 8.137143595376983e-06
128 1.084906216419768e-05 2.297535654006029e-08 1.079029971151613e-05 1.089068609871902e-05
256 1.637668492548983e-05 2.275965876142575e-08 1.634359796298668e-05 1.642202551010996e-05
512 2.753183571257978e-05 1.375260690070854e-08 2.751308784354478e-05 2.756430330919102e-05
1024 4.970612462784629e-05 5.792070818312319e-08 4.964727850165218e-05 4.989000444766134e-05
2048 9.396438508701976e-05 6.921903993716362e-08 9.384230361320078e-05 9.408313781023026e-05
4096 0.000182401836354984 1.581507963043283e-07 0.0001819926546886563 0.0001828093663789332
8192 0.0003594389345380478 5.724516438026304e-07 0.0003573794383555651 0.0003600444179028273
16384 0.000715745409252122 1.079470385767433e-07 0.00071547063998878 0.0007160352542996407
32768 0.001426260656444356 4.470541722651409e-07 0.001425168011337519 0.001427441369742155
65536 0.002843342314008623 1.07502008691388e-05 0.002803289331495762 0.002847058698534966
131072 0.005688641802407801 2.183708138238346e-06 0.00568513385951519 0.005696211010217667
262144 0.01137436297722161 6.23794326003377e-06 0.01137168705463409 0.01139771565794945
524288 0.02274376340210438 9.748012522014174e-06 0.0227234959602356 0.02277534455060959
1048576 0.04552129376679659 3.996379559637912e-05 0.04540775716304779 0.04559306800365448


16 2654833.536537364 7891.846290082557 2640736.631099359 2664525.926965014
32 4771180.536219121 11518.12754972448 4752144.221518029 4790013.299393359
64 7911109.683379162 17277.57747762227 7865167.825766379 7931153.180910612
128 11798304.49630055 25019.98920218965 11753162.18278072 11862506.45692351
256 15632007.60592073 21714.00678229747 15588820.01750622 15663625.63370457
512 18596657.52263598 9285.325638746363 18574748.44391511 18609325.23864737
1024 20601109.18400076 23951.34276005576 20525153.51194765 20625501.15342018
2048 21795503.05192405 16056.26202192717 21767981.46476475 21823846.18819085
4096 22455930.0964901 19469.44824171286 22405854.14813855 22506402.83811029
8192 22791130.24957301 36472.56537686552 22752748.25177528 22922415.56395752
16384 22890821.42557814 3452.23804689042 22881554.92570727 22899611.92573455
32768 22974764.72467036 7200.591768350071 22955758.95065941 22992376.85614854
65536 23049243.65864911 88288.75563748425 23018843.9858031 23378250.42305987
131072 23041003.92373378 8836.344762468112 23010383.52773231 23055217.91375681
262144 23046923.53325276 12615.35265837638 22999696.4187438 23052340.32035495
524288 23051949.71290639 9873.065275066005 23019981.05165734 23072506.13714828
1048576 23034862.84926819 20248.73122091869 22998583.90569269 23092442.03000003
