16 3.453359386185184e-05 2.057336716853548e-08 3.448236384429038e-05 3.456261765677482e-05
32 3.527005628711777e-05 1.965718774401204e-08 3.522570477798581e-05 3.530144749674946e-05
64 3.673700120998546e-05 1.943651403833942e-08 3.670569276437163e-05 3.678124630823731e-05
128 3.959872537961928e-05 1.944852207883727e-08 3.956696309614927e-05 3.962824121117592e-05
256 4.533394167083316e-05 1.228882661317422e-08 4.531782178673893e-05 4.535749030765146e-05
512 5.688472720066784e-05 1.328583295634787e-08 5.686261283699423e-05 5.691248225048184e-05
1024 7.991664097062312e-05 1.607844750788677e-08 7.988940342329443e-05 7.994519546627998e-05
2048 0.0001257781696040183 2.886376206629246e-08 0.0001257292460650206 0.0001258322736248374
4096 0.0002178779068344738 4.629922124682668e-08 0.0002177990972995758 0.0002179394359700382
8192 0.0004019515326945111 1.530932266510207e-07 0.0004017616156488657 0.0004023686051368713
16384 0.0007703521987423301 3.112405405759174e-07 0.0007694375235587358 0.0007707166951149702
32768 0.001506771455751732 1.275104927642367e-06 0.001504435669630766 0.001510062254965305
65536 0.002975748386234045 1.31295455023707e-06 0.002973546274006367 0.002978596836328506
131072 0.005920547293499112 3.156290971310005e-06 0.00591546855866909 0.005927054211497307
262144 0.01180162280797958 6.890500867954748e-06 0.01178429648280144 0.01181340962648392
524288 0.02358945226296782 2.530820293373262e-05 0.02356671541929245 0.02367271482944489
1048576 0.04720300249755383 7.919034722349294e-05 0.04712474346160889 0.04742825031280518


16 463317.1221791627 276.1669458579821 462927.8997004368 464005.3121720452
32 907285.4622486265 505.8435354163223 906478.4100693476 908427.5304549278
64 1742113.255929799 921.4837228910742 1740017.167000318 1743598.749404931
128 3232428.006684685 1587.567440188566 3230019.705338363 3235022.098839251
256 5646983.434440728 1530.547872904815 5644051.252915436 5648991.719079306
512 9000658.900507715 2102.020114358578 8996269.003811818 9004158.874438813
1024 12813351.84285022 2577.717145907252 12808774.73658704 12817719.9493446
2048 16282635.59213107 3736.449507244202 16275633.75438967 16288970.6579556
4096 18799520.48797189 3995.139891051754 18794212.17077532 18806322.2060378
8192 20380569.41518324 7759.071327960727 20359441.30684196 20390200.75815231
16384 21268197.24224625 8598.195707504545 21258135.58191567 21293476.72598828
32768 21747174.6343164 18388.8694434968 21699767.60378854 21780924.67592334
65536 22023371.41893681 9715.968551079382 22002306.32111371 22039677.19382452
131072 22138499.77313468 11799.15556202489 22114189.49834243 22157500.9147694
262144 22212545.51932696 12976.19485225684 22190375.87694512 22245197.27440543
524288 22225550.57807542 23786.97705413817 22147354.1914117 22246969.53614509
1048576 22214238.59396629 37174.06963974075 22108679.80758916 22251070.73217796
