16 4.448957383829111e-06 3.671593279735277e-08 4.376495780888945e-06 4.496147084864788e-06
32 4.919493676425191e-06 2.533353571515186e-08 4.865134542342275e-06 4.973755494575016e-06
64 5.858380063727964e-06 2.517365501821852e-08 5.794303433503956e-06 5.886131475563161e-06
128 7.644905736015062e-06 5.205420418493537e-08 7.55706787458621e-06 7.733435268164612e-06
256 1.117039778364415e-05 6.64626788737377e-08 1.101011730497703e-05 1.127737414208241e-05
512 1.844771668402245e-05 9.85918590101265e-08 1.831515692174435e-05 1.871273707365617e-05
1024 3.284539343439974e-05 1.758588546814623e-07 3.244684194214642e-05 3.334155189804733e-05
2048 6.165972808958031e-05 1.730113927081554e-07 6.12188596278429e-05 6.204369128681719e-05
4096 0.0001202426828967873 8.043286051345478e-07 0.0001198183454107493 0.0001230617635883391
8192 0.0002376613083470147 5.475144128628381e-07 0.0002372541348449886 0.0002391455345787108
16384 0.0004723347228718922 1.063664993077858e-06 0.0004715736722573638 0.0004749922081828117
32768 0.0009399859554832801 9.924060073431355e-07 0.000939209945499897 0.0009434637613594532
65536 0.001875929010566324 2.583706521493275e-07 0.001875390764325857 0.001876355614513159
131072 0.003749370167497545 3.120978774662253e-06 0.003744714893400669 0.003760301508009434
262144 0.007466664654202759 5.56552871581941e-05 0.007329445332288742 0.00749656930565834
524288 0.01488060667179525 0.000186514080322313 0.01444285735487938 0.01500594988465309
1048576 0.02999146701768041 0.0001642067216306415 0.02937953174114227 0.03009431064128876


16 3596578.859508123 29810.19852081393 3558602.442936132 3655892.933764033
32 6504896.126666058 33489.6060744571 6433770.223506785 6577413.16740521
64 10924711.72580879 47176.92856119843 10873015.7091635 11045331.11433856
128 16743905.65934619 114353.382276158 16551505.96875409 16937786.2054744
256 22918478.8012282 136820.2492972458 22700319.84171882 23251341.73495839
512 27754851.16924797 147477.6033877384 27361042.80120489 27954988.43868146
1024 31177200.60289046 166326.0064714233 30712427.63777805 31559311.74521758
2048 33214793.4297142 93291.03765804006 33008996.68481123 33453743.05320367
4096 34065845.10118727 223608.5254450041 33284099.63066808 34185082.30904458
8192 34469391.18422782 79110.18844889214 34255291.50870989 34528376.1033387
16384 34687430.00473237 77857.61919021237 34493197.39934395 34743245.78293749
32768 34860131.63173578 36694.82358070846 34731593.66797939 34888898.011572
65536 34935224.51883961 4811.853782384203 34927281.10444248 34945250.47613642
131072 34958427.44273641 29035.84737649643 34856779.36219128 35001863.62144388
262144 35110435.0890791 265344.8306015095 34968528.84453908 35765871.51079018
524288 35238254.50002895 449560.061500082 34938674.59441542 36300850.11002856
1048576 34963479.1681009 195086.7215402133 34842997.81771296 35690698.17854188
