16 2.066556862700963e-05 4.659627242795949e-08 2.061221312033013e-05 2.075784868793562e-05
32 2.125657601936837e-05 6.129221694152614e-08 2.114984090439975e-05 2.138168201781809e-05
64 2.240205139969476e-05 3.409877754535805e-08 2.234506246168166e-05 2.246200892841443e-05
128 2.450235524520394e-05 4.111499902663898e-08 2.441195829305798e-05 2.45723276748322e-05
256 2.875374821087462e-05 5.846852694978281e-08 2.86459326162003e-05 2.884457353502512e-05
512 3.728279898496112e-05 1.207160525991619e-07 3.707721771206707e-05 3.747369919437915e-05
1024 5.432895886769984e-05 1.668403199606972e-07 5.402618262451142e-05 5.465587310027331e-05
2048 8.835288826958276e-05 4.177410191308075e-07 8.761353092268109e-05 8.904151036404073e-05
4096 0.00015678969793953 5.534441688721852e-07 0.0001556215574964881 0.0001576727954670787
8192 0.000294414501695428 1.278905394104476e-06 0.000292170443572104 0.0002961904974654317
16384 0.0005678090674337 2.057393132443792e-06 0.0005651542451232672 0.0005725468508899212
32768 0.001110368873924017 4.408331863882631e-06 0.001102660316973925 0.001117283012717962
65536 0.002211410785093904 8.984343741135557e-06 0.002195246517658234 0.002231062389910221
131072 0.004498095484450459 2.07623593089909e-05 0.004465952515602112 0.004535093903541565
262144 0.00908762589097023 3.679367432457565e-05 0.008997220546007156 0.009127482771873474
524288 0.01800465630367398 0.0001097057640103452 0.01783327758312225 0.0182744637131691
1048576 0.03583249449729919 0.0003307940402969772 0.03518825769424438 0.03633232414722443


16 774238.3695268675 1743.412689119607 770792.7849623037 776238.8204796392
32 1505428.21209305 4337.415117260137 1496608.170177318 1513013.745334752
64 2856887.425218191 4346.368928153182 2849255.389576487 2864167.4244478
128 5224001.392795344 8767.047667855877 5209111.716799296 5243331.913949703
256 8903221.645839376 18124.33776326267 8875152.884099558 8936696.299258307
512 13733009.57710779 44494.89372114509 13662915.88519762 13809018.89607983
1024 18848309.81450986 57851.40189519228 18735406.49732809 18953772.9718371
2048 23180260.57230726 109727.7122585292 23000508.32052239 23375384.81136389
4096 26124470.79745062 92291.10016732696 25977848.54303053 26320260.93230968
8192 27825208.88672033 120944.9041573573 27657875.82687755 28038428.1854243
16384 28855124.09602665 104264.0333414765 28615998.80347611 28990315.72597751
32768 29511350.55150898 117373.7143660049 29328289.81287992 29717220.70304167
65536 29635837.87222306 120091.4993011806 29374346.63251941 29853594.78893976
131072 29140025.57477698 134473.1638761034 28901716.87462584 29349170.09128309
262144 28846702.94216571 117254.1178818944 28720295.23931857 29136109.1638835
524288 29120586.08672362 176417.6751011462 28689651.75827202 29399419.01068124
1048576 29265620.19546135 271441.6621142775 28860691.53602729 29799031.51532029
