16 7.880933753767749e-05 3.250079294311843e-07 7.786205969750881e-05 7.960741640999913e-05
32 8.360408901353367e-05 3.184841631608989e-07 8.264114148914814e-05 8.443405386060476e-05
64 9.300422971136868e-05 2.867844692759198e-07 9.220116771757603e-05 9.384960867464542e-05
128 0.0001120801389333792 2.890350060745054e-07 0.0001113554462790489 0.0001126658171415329
256 0.0001502244558651 3.906753573431275e-07 0.0001492341980338097 0.000151023268699646
512 0.0002263581263832748 9.525275318507315e-07 0.0002240147441625595 0.0002294536679983139
1024 0.0003783474094234407 3.392359965845621e-06 0.0003642663359642029 0.0003851577639579773
2048 0.0006830479251220822 5.454221918210107e-06 0.0006635263562202454 0.0006904974579811096
4096 0.001289491076022387 1.225877470930015e-05 0.001245930790901184 0.001315191388130188
8192 0.002501265611499548 2.225434749410894e-05 0.002429008483886719 0.002523750066757202
16384 0.004930606111884117 4.427148365437957e-05 0.004797220230102539 0.005099296569824219
32768 0.009784158319234848 0.0001105586452149527 0.009430050849914551 0.01007997989654541
65536 0.01940087415277958 0.0003234528618279352 0.01823604106903076 0.02027249336242676
131072 0.03858467936515808 0.0005968417028186912 0.0364145040512085 0.0390934944152832
262144 0.07687717489898205 0.0009885320303330389 0.07458746433258057 0.07813549041748047
524288 0.1529606711119413 0.002541829231495987 0.1464999914169312 0.1598474979400635
1048576 0.3062423262745142 0.004039466127703048 0.2931320667266846 0.3136515617370605
