16 5.333931767381728e-06 3.845016486685424e-08 5.261041224002838e-06 5.421112291514874e-06
32 6.197778930072673e-06 9.296948715709727e-08 6.043002940714359e-06 6.442423909902573e-06
64 7.895745511632413e-06 9.226758287009199e-08 7.723690941929817e-06 8.15046951174736e-06
128 1.134099147748202e-05 1.871195855834455e-07 1.091416925191879e-05 1.173047348856926e-05
256 1.823296770453453e-05 3.465100515327859e-07 1.748465001583099e-05 1.919176429510117e-05
512 3.182500950060785e-05 8.085277937881724e-07 2.971850335597992e-05 3.378093242645264e-05
1024 5.875038914382458e-05 1.916249444602008e-06 5.529820919036865e-05 6.370618939399719e-05
2048 0.0001132846809923649 3.12932350135668e-06 0.0001056566834449768 0.0001228153705596924
4096 0.0002225453499704599 5.248853301020085e-06 0.0001999437808990479 0.0002291351556777954
8192 0.0004436983726918697 1.082166192759193e-05 0.0004083812236785889 0.0004642605781555176
16384 0.0008959649130702019 1.768986360511844e-05 0.0008584856986999512 0.0009467601776123047
32768 0.001799628138542175 3.452496029993224e-05 0.001699447631835938 0.001854538917541504
65536 0.003624007105827332 4.396953764951487e-05 0.003513455390930176 0.00371849536895752
131072 0.007278230041265488 7.154210176172794e-05 0.007055997848510742 0.007431507110595703
262144 0.01452975906431675 0.0001800412037826328 0.01410150527954102 0.01495301723480225
524288 0.02885535173118114 0.0004478221931620248 0.02781200408935547 0.02999448776245117
1048576 0.057545131072402 0.0007668245508000846 0.05600905418395996 0.06062746047973633
