16 3.052326405850181e-06 1.820525673175486e-08 3.024620127689559e-06 3.083953743043821e-06
32 3.745552476175362e-06 1.511440431054974e-08 3.713016667461488e-06 3.769633622141555e-06
64 5.065147092864208e-06 1.808333579851035e-08 5.022408004151657e-06 5.090896593173966e-06
128 7.698525337218598e-06 3.322245678388505e-08 7.630722393514588e-06 7.755006663501263e-06
256 1.290241743845399e-05 6.2926138839192e-08 1.280294600292109e-05 1.301252996199764e-05
512 2.339580669286079e-05 1.241620218051678e-07 2.318622136954218e-05 2.364947431487963e-05
1024 4.425208226166433e-05 3.142387866757285e-07 4.354253178462386e-05 4.476288449950516e-05
2048 8.611730845586862e-05 5.733925815671272e-07 8.454368798993528e-05 8.684923523105681e-05
4096 0.0001704691858321894 1.484869322293114e-06 0.0001682463334873319 0.0001728691277094185
8192 0.0003362750940141268 1.301380282912852e-06 0.0003343364223837852 0.0003387079341337085
16384 0.0006690166483167559 2.407508916442174e-06 0.0006639910861849785 0.0006738074589520693
32768 0.001337500521913171 3.969969379104087e-06 0.001332060433924198 0.00134655274450779
65536 0.002664982399437577 7.770138725868011e-06 0.002648620866239071 0.00267648883163929
131072 0.005362604279071093 2.275514377791864e-05 0.005330530926585197 0.005410328507423401
262144 0.01072081411257386 4.210152870472318e-05 0.0106307677924633 0.01078612729907036
524288 0.02111337380483747 0.000107719681064872 0.02092362195253372 0.02131037414073944
1048576 0.04223874397575855 0.0002650501022757034 0.04164837300777435 0.04262787103652954


16 5242078.036937064 31242.14271553711 5188145.261935159 5289920.493990116
32 8543596.653323963 34552.8283309062 8488888.631521856 8618329.209353572
64 12635519.90908749 45238.88630238221 12571459.43325842 12742891.44710981
128 16626851.3440172 71802.9546081399 16505466.1529085 16774296.50812461
256 19841685.36362217 96745.14273964621 19673345.67125943 19995397.9296321
512 21884841.44312059 116150.8383666003 21649529.84506142 22082080.20788467
1024 23141252.79029256 165051.5679814349 22876095.03831952 23517236.09148525
2048 23782511.72329815 159799.6219491934 23581094.23245268 24224162.07161213
4096 24029510.23395432 209083.4990146138 23694224.95661055 24345255.64450657
8192 24361349.0696058 94217.42416265896 24186029.24360822 24502266.13538501
16384 24489971.94371259 88146.20274841743 24315551.54566115 24675030.04315279
32768 24499631.572833 72549.23424088644 24334731.88009268 24599484.50196569
65536 24591728.07259535 71726.00978964979 24485811.121379 24743443.21430131
131072 24442266.80648635 103342.1358968117 24226255.3595699 24588920.2792725
262144 24452228.5996227 96211.59312996868 24303811.06503294 24658990.31167319
524288 24832638.70816837 126588.5494222705 24602477.48525958 25057229.63210545
1048576 24825900.24658746 156329.7894174995 24598366.62031357 25176877.85317006
