16 7.103319603629643e-06 1.985965973814348e-08 7.066764737828635e-06 7.143684342736378e-06
32 7.766028147671022e-06 2.747875515851218e-08 7.718077540630475e-06 7.827438821550459e-06
64 8.997990335046779e-06 2.429416209012232e-08 8.959945262176916e-06 9.04286207514815e-06
128 1.139326832344523e-05 3.216169681519063e-08 1.133125260821544e-05 1.144636553362943e-05
256 1.623322714294773e-05 6.696797862460359e-08 1.610903564142063e-05 1.634949148865417e-05
512 2.58338259300217e-05 1.034275259033858e-07 2.562099689384922e-05 2.604418841656297e-05
1024 4.508898109634174e-05 2.980762338084733e-07 4.445116792339832e-05 4.582446126732975e-05
2048 8.358433660760056e-05 6.232474024007713e-07 8.215065463446081e-05 8.477416122332215e-05
4096 0.000160764655447565 1.198790332559005e-06 0.0001589851453900337 0.0001632712665013969
8192 0.0003133582067675889 5.060433801732837e-06 0.0003008437342941761 0.0003190546995028853
16384 0.0006284101255005226 6.335278204471465e-06 0.0006193066947162151 0.000644089886918664
32768 0.001243503618752584 1.267762219470877e-05 0.001217687502503395 0.001265470404177904
65536 0.002489544567652047 2.514320007956118e-05 0.002440136857330799 0.002558906562626362
131072 0.004967294400557876 4.569084120854654e-05 0.004825539886951447 0.005015663802623749
262144 0.009982617339119315 9.318478105529186e-05 0.009810846298933029 0.01017757877707481
524288 0.02005736343562603 0.0001624775081191265 0.01980359107255936 0.0204186886548996
1048576 0.03997201938182116 0.000523135516110888 0.03904874622821808 0.04083956778049469


16 2252484.485377138 6294.970879370304 2239740.620156128 2264119.521957686
32 4120558.712262596 14554.67731073672 4088182.703120948 4146110.197978911
64 7112747.948443303 19200.10745058492 7077405.302452485 7142900.77978116
128 11234788.2260178 31733.6474629255 11182588.88587263 11296191.55319129
256 15770375.41507678 65086.34704515662 15657979.34312837 15891702.37737606
512 19819275.0483925 79430.17389725994 19658896.32692068 19983609.61992524
1024 22711577.91780739 149976.0012237378 22346143.77736403 23036515.07570365
2048 24503480.10665966 183357.9063503222 24158304.49333395 24929807.42652413
4096 25479562.18459349 189562.6795784124 25087084.13776502 25763413.24185602
8192 26149125.7808508 430731.5130309258 25675848.09991466 27230083.48244195
16384 26074610.82384741 260905.3805878725 25437443.33322995 26455389.77663989
32768 26353923.6091268 269207.2494688443 25893928.36989127 26910024.06827169
65536 26326988.47283284 263541.8051438808 25610939.04606521 26857509.9806853
131072 26389129.44349562 246898.6829539896 26132533.0321053 27162142.07542386
262144 26262191.82413626 245111.7358491964 25757010.16340785 26719815.1935689
524288 26141029.83297452 210982.6260839349 25676869.30640346 26474390.33047265
1048576 26236958.59173938 343024.0456770773 25675492.10206893 26853000.44901979
