16 4.488680133363232e-06 1.392216090426035e-07 4.290021024644375e-06 4.82762698084116e-06
32 5.131516445544548e-06 1.309931261135587e-07 4.905276000499725e-06 5.364185199141502e-06
64 6.375961675075814e-06 1.389229091990097e-07 6.076181307435036e-06 6.631016731262207e-06
128 8.865528798196465e-06 1.2356801909281e-07 8.611474186182022e-06 9.179580956697464e-06
256 1.386180520057678e-05 1.3752474957923e-07 1.352373510599136e-05 1.421850174665451e-05
512 2.38269567489624e-05 2.802927562031883e-07 2.294592559337616e-05 2.423301339149475e-05
1024 4.388525849208236e-05 5.244877824650593e-07 4.270300269126892e-05 4.481524229049683e-05
2048 8.404895197600126e-05 1.059698257505067e-06 8.171796798706055e-05 8.556246757507324e-05
4096 0.0001636533997952938 2.392262375350168e-06 0.0001591891050338745 0.0001671314239501953
8192 0.0003235721960663795 4.50617092932185e-06 0.0003137588500976562 0.000330507755279541
16384 0.0006424663588404655 8.904888585212504e-06 0.0006225109100341797 0.0006569623947143555
32768 0.001274136826395988 1.959094929870327e-05 0.001235008239746094 0.001315474510192871
65536 0.002524852752685547 2.811224935511677e-05 0.002473950386047363 0.002597451210021973
131072 0.005005322396755219 3.787787281927871e-05 0.004922389984130859 0.005095958709716797
262144 0.009917678311467171 6.364717892290493e-05 0.009843945503234863 0.01021599769592285
524288 0.01981594599783421 0.0001029875183942326 0.01965546607971191 0.02002549171447754
1048576 0.03964092209935188 0.000193851060763888 0.03931498527526855 0.04019701480865479
