16 9.513335135125089e-05 9.123722771217344e-08 9.491306263953447e-05 9.554880671203136e-05
32 9.547409172228072e-05 8.586323325943374e-08 9.516847785562277e-05 9.556487202644348e-05
64 9.622751531424001e-05 1.143195560115136e-07 9.593460708856583e-05 9.634648449718952e-05
128 9.772441262612119e-05 2.249658040310396e-07 9.73828136920929e-05 9.928923100233078e-05
256 0.0001006491220323369 1.256359895008683e-07 0.0001003323122859001 0.0001007886603474617
512 0.0001065437390934676 1.211307073295059e-07 0.0001062024384737015 0.0001068208366632462
1024 0.0001182974665425718 1.320458831032996e-07 0.0001179352402687073 0.0001185908913612366
2048 0.0001418574247509241 1.356746804071249e-07 0.000141531229019165 0.0001421868801116943
4096 0.0001895066816359758 2.793032302576017e-07 0.0001889318227767944 0.0001908093690872192
8192 0.0002853935584425926 3.421747967038751e-07 0.0002846419811248779 0.000286400318145752
16384 0.0004773885011672974 6.755193074544271e-07 0.0004760026931762695 0.0004787445068359375
32768 0.0008599851280450821 1.257707494967821e-06 0.0008579492568969727 0.0008645057678222656
65536 0.001624938100576401 1.433971416140269e-06 0.001622915267944336 0.001630425453186035
131072 0.003155598416924477 3.065214926401524e-06 0.00315248966217041 0.003170013427734375
262144 0.006258288398385048 3.435243642367231e-06 0.00625300407409668 0.006271958351135254
524288 0.01239725388586521 6.348870403664165e-06 0.01238656044006348 0.01243352890014648
1048576 0.02472717873752117 3.787844297586541e-05 0.02470839023590088 0.02500510215759277
