16 3.412515980016906e-06 2.929720948754535e-08 3.348919562995434e-06 3.479246515780687e-06
32 4.27469058195129e-06 3.274919105202642e-08 4.203640855848789e-06 4.352536052465439e-06
64 6.017380655976012e-06 3.6796665282209e-08 5.946261808276176e-06 6.102491170167923e-06
128 9.527670044917613e-06 6.345703785290066e-08 9.336043149232864e-06 9.646639227867126e-06
256 1.653145591262728e-05 1.285331191450879e-07 1.618731766939163e-05 1.680105924606323e-05
512 3.055593697354198e-05 2.762158579418342e-07 2.992339432239532e-05 3.129616379737854e-05
1024 5.860236706212163e-05 5.408802509739465e-07 5.729496479034424e-05 6.007775664329529e-05
2048 0.0001146040158346295 1.180902282426928e-06 0.0001120641827583313 0.0001176893711090088
4096 0.0002267088275402784 2.433479142873634e-06 0.000221550464630127 0.0002328753471374512
8192 0.0004506069235503674 4.911787572754484e-06 0.0004361271858215332 0.0004630088806152344
16384 0.0009002666920423508 1.129191487507222e-05 0.0008704662322998047 0.0009210109710693359
32768 0.001796988770365715 2.346473546416753e-05 0.001738548278808594 0.001823544502258301
65536 0.003597473725676537 5.183178748993379e-05 0.003474950790405273 0.003756999969482422
131072 0.007177025079727173 0.0001344704555983977 0.007011532783508301 0.007822990417480469
262144 0.01427670754492283 0.0001780099197316805 0.01415097713470459 0.01455307006835938
524288 0.0284260455518961 0.000269962710629599 0.02811098098754883 0.02910995483398438
1048576 0.05674381367862225 0.0002512811022880751 0.05636155605316162 0.05806601047515869
