16 4.360127149993787e-05 4.929302990758159e-07 4.218408139422536e-05 4.450487904250622e-05
32 4.457683462533168e-05 6.450319416525739e-07 4.286423791199923e-05 4.577299114316702e-05
64 4.625134897651151e-05 7.323739605471489e-07 4.437891766428947e-05 4.785438068211079e-05
128 4.940447252010927e-05 1.193062371081071e-06 4.62755560874939e-05 5.114264786243439e-05
256 5.566937034018338e-05 1.619073506209587e-06 5.196500569581985e-05 6.003491580486298e-05
512 6.998388562351465e-05 2.546466668283282e-06 6.445311009883881e-05 7.553026080131531e-05
1024 9.582412894815207e-05 3.610078954431889e-06 8.646771311759949e-05 0.0001048892736434937
2048 0.0001490800641477108 5.266975218206978e-06 0.000136837363243103 0.0001617521047592163
4096 0.000258028507232666 9.745361590742805e-06 0.0002456307411193848 0.0002821832895278931
8192 0.0004785191267728806 1.64187128062495e-05 0.0004643797874450684 0.000518500804901123
16384 0.000922664999961853 3.126060704278025e-05 0.0008902549743652344 0.001006782054901123
32768 0.001818740740418434 6.14437724684746e-05 0.001743555068969727 0.001987934112548828
65536 0.003588913008570671 0.0001045269195913102 0.003461003303527832 0.003926992416381836
131072 0.007127439603209496 0.000228740495070645 0.006783604621887207 0.007884502410888672
262144 0.01422721333801746 0.0004879791941647268 0.01367700099945068 0.01561546325683594
524288 0.02795252948999405 0.001105367631477494 0.0262686014175415 0.03121554851531982
1048576 0.05580132827162743 0.001733822029611054 0.0515739917755127 0.06233644485473633
