16 1.248282660526456e-05 1.995962252493871e-07 1.167849404737353e-05 1.306983176618814e-05
32 1.485607390350197e-05 2.913041634549313e-07 1.427240204066038e-05 1.564598642289639e-05
64 1.909021375468001e-05 4.764257270846063e-07 1.815613359212875e-05 2.042972482740879e-05
128 2.778606722131371e-05 7.964545051752858e-07 2.687284722924232e-05 2.988101914525032e-05
256 4.492794687394053e-05 1.436249249173899e-06 4.364084452390671e-05 4.885904490947723e-05
512 7.941044168546796e-05 2.89510518552907e-06 7.756240665912628e-05 8.690543472766876e-05
1024 0.0001487093395553529 5.595902672321066e-06 0.0001448579132556915 0.0001632347702980042
2048 0.0002870152238756418 1.167212544825644e-05 0.0002800971269607544 0.0003162175416946411
4096 0.0005639761220663786 2.360852636645309e-05 0.0005486160516738892 0.000621989369392395
8192 0.001122145913541317 4.915641075632143e-05 0.001085728406906128 0.001236617565155029
16384 0.002233965322375298 9.156743692311276e-05 0.002165734767913818 0.002476274967193604
32768 0.004451155662536621 0.0001869277310860169 0.004306554794311523 0.004940986633300781
65536 0.008878841996192932 0.0003537384724907288 0.008553028106689453 0.00981593132019043
131072 0.01764277555048466 0.0007181554182561001 0.0170135498046875 0.01954460144042969
262144 0.0352453924715519 0.001403493948767454 0.03428995609283447 0.03886151313781738
524288 0.06967373751103878 0.001756270627889661 0.06855106353759766 0.07721400260925293
1048576 0.1397470105439425 0.004429728108270793 0.1374509334564209 0.1547684669494629
