16 0.0007222601188914268 1.397962353100836e-06 0.0007195747457444668 0.0007291296496987343
32 0.000724596426152857 1.456192388657897e-06 0.0007214311044663191 0.0007288232445716858
64 0.0007291664005606435 1.897198252471006e-06 0.0007264649029821157 0.0007354796398431063
128 0.000737210204533767 2.773392611379421e-06 0.0007305899634957314 0.0007424280047416687
256 0.0007551181624876335 3.280753742006928e-06 0.0007485700771212578 0.0007608672603964806
512 0.0007915773021522909 3.626482273494053e-06 0.000784093514084816 0.0008053816854953766
1024 0.0008624359616078436 4.958661084168043e-06 0.0008536092936992645 0.0008785314857959747
2048 0.001003975048661232 8.161316804043448e-06 0.0009913146495819092 0.001027904450893402
4096 0.001287526683881879 1.377902346277494e-05 0.001271694898605347 0.001334622502326965
8192 0.001853824127465487 2.885208458114462e-05 0.001825511455535889 0.001943260431289673
16384 0.002981322817504406 5.746600596684159e-05 0.002944052219390869 0.003150701522827148
32768 0.005243906751275063 0.0001241860445950275 0.00515592098236084 0.00559699535369873
65536 0.009750943630933762 0.0002386749514773924 0.009590983390808105 0.01046347618103027
131072 0.01877203211188316 0.0004527028525638599 0.01850998401641846 0.02019500732421875
262144 0.03697292692959309 0.0007976728384716408 0.0365680456161499 0.03966307640075684
524288 0.07318961247801781 0.001431243870619042 0.07233047485351562 0.07863092422485352
1048576 0.1455155238509178 0.001666565439312994 0.144370436668396 0.153409481048584
