16 3.955362444685306e-06 2.300575762611068e-07 3.582041244953871e-06 4.60789306089282e-06
32 4.769985025632195e-06 2.823570862476248e-07 4.333443939685822e-06 5.636247806251049e-06
64 6.313752237474546e-06 3.586793334227323e-07 5.802605301141739e-06 7.539056241512299e-06
128 9.425340977031738e-06 5.068641956313896e-07 8.775386959314346e-06 1.143338158726692e-05
256 1.567334402352571e-05 1.076888833371238e-06 1.483969390392303e-05 1.962855458259583e-05
512 2.80779495369643e-05 1.648538946970718e-06 2.682767808437347e-05 3.455393016338348e-05
1024 5.353463348001242e-05 3.543249038688849e-06 5.111098289489746e-05 6.660819053649902e-05
2048 0.0001036577159538865 7.853679239978762e-06 9.906291961669922e-05 0.000126376748085022
4096 0.0002041701227426529 1.46001826601257e-05 0.0001958757638931274 0.0002486258745193481
8192 0.000411162618547678 3.305871177499157e-05 0.0003906190395355225 0.0005081295967102051
16384 0.0008113300427794456 5.806023795425784e-05 0.0007795095443725586 0.0009872317314147949
32768 0.001642631366848946 0.0001274508090907376 0.001556992530822754 0.00197601318359375
65536 0.003251297399401665 0.0002426588565825209 0.003112435340881348 0.004088401794433594
131072 0.006477504968643188 0.0004159233418049169 0.006224513053894043 0.007895112037658691
262144 0.01305999979376793 0.0008133900870753134 0.01264655590057373 0.01583206653594971
524288 0.02613391354680061 0.001473730533057156 0.02527201175689697 0.03167045116424561
1048576 0.05220842361450195 0.002554663590538087 0.05054450035095215 0.0633014440536499
