16 1.151507512986427e-05 7.933495329967116e-07 1.08606182038784e-05 1.351587707176805e-05
32 1.394238825014327e-05 9.442311662499001e-07 1.330312807112932e-05 1.61508796736598e-05
64 1.865018202806823e-05 9.985114493188958e-07 1.802830956876278e-05 2.107024192810059e-05
128 2.844185655703768e-05 1.31082590604882e-06 2.749403938651085e-05 3.086915239691734e-05
256 4.76114364573732e-05 1.633104009866346e-06 4.647299647331238e-05 5.047209560871124e-05
512 8.588517084717751e-05 2.154308611729192e-06 8.434243500232697e-05 8.990615606307983e-05
1024 0.000162860204000026 3.368265134132606e-06 0.0001598745584487915 0.0001688599586486816
2048 0.0003166587557643652 5.771005357771043e-06 0.0003107786178588867 0.0003269389271736145
4096 0.0006240780930966139 9.34465986544239e-06 0.0006115585565567017 0.0006444305181503296
8192 0.001242754515260458 1.883783498260967e-05 0.001220375299453735 0.001283258199691772
16384 0.002484355121850967 4.103832010329915e-05 0.00241398811340332 0.00256425142288208
32768 0.004962597042322159 9.167283432502327e-05 0.004721403121948242 0.005156517028808594
65536 0.009905131533741951 0.0002027054558447687 0.00949406623840332 0.01022243499755859
131072 0.01973375864326954 0.0003599265512809182 0.01908648014068604 0.0203704833984375
262144 0.03934316337108612 0.0006652851985894609 0.03820598125457764 0.04062354564666748
524288 0.07843884266912937 0.001090389267456759 0.07690048217773438 0.08111345767974854
1048576 0.1563901156187057 0.001718512635680154 0.1539545059204102 0.161823034286499
