16 8.595477538619889e-06 2.840691903849455e-07 7.984268449945375e-06 9.01669409358874e-06
32 9.287801049140398e-06 3.83698458977699e-07 8.215651178034022e-06 9.795468940865248e-06
64 1.148321734945057e-05 2.404259662908386e-07 1.101417365134694e-05 1.181344850920141e-05
128 1.570390304550529e-05 3.853320248599278e-07 1.511821028543636e-05 1.638323738006875e-05
256 2.388841585343471e-05 2.498490179444702e-07 2.333627344341949e-05 2.434002817608416e-05
512 4.111361067771213e-05 5.586031161546721e-07 4.043792432639748e-05 4.265917232260108e-05
1024 7.496556099795271e-05 5.220211849807376e-07 7.419785833917558e-05 7.625878788530827e-05
2048 0.0001435565718566068 8.014122910176799e-07 0.0001423147041350603 0.0001453002914786339
4096 0.0002802056769724004 1.632094150994972e-06 0.0002786875702440739 0.000284514157101512
8192 0.0005536727549042553 2.669610295184218e-06 0.0005508221220225096 0.0005594883114099503
16384 0.001103502552723512 6.433982403739629e-06 0.001095923595130444 0.001116595696657896
32768 0.002197299560066313 8.700206063042143e-06 0.002187679521739483 0.002220683731138706
65536 0.004389716195873916 1.632473376839544e-05 0.004373358562588692 0.004433320835232735
131072 0.008778944844380021 4.328201808512054e-05 0.008741546422243118 0.008884266018867493
262144 0.01755615929141641 6.413044375000087e-05 0.01751184463500977 0.01775377988815308
524288 0.03509476315230131 0.0001185190651602211 0.03502450883388519 0.03549325466156006
1048576 0.07024300657212734 0.0002676732021700263 0.07005435228347778 0.07090499997138977


16 1863415.470655681 63680.44032440526 1774486.28443286 2003940.636553805
32 3451210.470227193 150861.7858742894 3266816.544790493 3895004.705842135
64 5575665.525980655 117943.9320672059 5417554.404215744 5810694.658166513
128 8155410.368049452 198745.9625527227 7812863.662448067 8466610.636002639
256 10717596.47713294 112727.6824664706 10517654.2174893 10970046.29383911
512 12455418.6119844 166601.3469754422 12002108.15456303 12661381.8223546
1024 13660222.9629877 94564.74915249509 13427960.61143899 13800937.42489249
2048 14266569.08058777 79527.34433155868 14094947.63677851 14390642.29130108
4096 14618294.91705235 84456.30295062742 14396471.66147372 14697462.09496439
8192 14796064.35390998 71007.13970531888 14641950.21224944 14872314.80449732
16384 14847741.15092229 86253.41073096299 14673171.3627764 14949947.30727544
32768 14913068.49752303 58708.61008090568 14755815.7609402 14978427.90700225
65536 14929631.65954517 55271.71374759118 14782598.06490174 14985279.40531081
131072 14930605.92349397 73093.91098737172 14753272.77702432 14994143.33217787
262144 14931925.10029724 54149.9018947697 14765531.71501952 14969525.2249966
524288 14939367.35260305 50030.13139363689 14771482.77889024 14969174.94222693
1048576 14928036.90899336 56565.52208594036 14788463.44296032 14968035.0445165
