16 2.527336120383694e-06 3.215279143734834e-08 2.467285128204821e-06 2.610839828776079e-06
32 3.586517334674966e-06 5.497048298102702e-08 3.444335959557066e-06 3.696289070376224e-06
64 5.696350092065927e-06 1.065491333862068e-07 5.462890612761839e-06 5.949218689238478e-06
128 9.911102285542484e-06 2.316843501349171e-07 9.374999990541255e-06 1.032421891977719e-05
256 1.848144533767027e-05 5.045880275934774e-07 1.725781248751446e-05 1.965625006050686e-05
512 3.552868652434427e-05 1.603074996787023e-06 3.308593750261934e-05 4.475781224755337e-05
1024 6.932568356887714e-05 2.515208548760304e-06 6.312500045169145e-05 7.382812509604264e-05
2048 0.0001382294920517779 3.66828217239316e-06 0.000128468749608146 0.0001479999991715886
4096 0.0002712832028919365 9.626127122102679e-06 0.000250625002081506 0.0002878125014831312
8192 0.000546945312180469 1.755271052012851e-05 0.0005074999935459346 0.0005887500010430813
16384 0.001090386718715308 3.662080264012004e-05 0.001024249999318272 0.001176499994471669
32768 0.002183828129091125 8.034292561719999e-05 0.001996500010136515 0.002339500002563
65536 0.004390789060380484 0.0001297498459741148 0.004104499996174127 0.00466849998338148
131072 0.008736875000067812 0.0001669817272504321 0.008121000020764768 0.009034999995492399
262144 0.01739003125294403 0.0003187881082539929 0.01677099999506027 0.01796800002921373
524288 0.03489873437047208 0.0004941765467397938 0.03375950001645833 0.03609500004677102
1048576 0.06997771094484051 0.0008497232799904097 0.06772200000705197 0.071900499984622
