16 0.0002678464697964955 5.542891573307079e-07 0.0002666980144567788 0.0002685468643903732
32 0.0002682996419025585 1.103304260436259e-06 0.0002661283360794187 0.0002701655030250549
64 0.0002699072792893276 9.761070131749928e-07 0.0002680185716599226 0.000271838391199708
128 0.0002716085145948455 1.148022685559983e-06 0.000269239186309278 0.0002734995214268565
256 0.000275309314019978 1.238368844753217e-06 0.0002721265191212296 0.0002772875595837831
512 0.0002826425989042036 1.239098696308377e-06 0.0002800732618197799 0.0002846118295565248
1024 0.0002978364209411666 8.614564087061265e-07 0.0002963754814118147 0.0002999008866026998
2048 0.0003276235729572363 1.434111643512176e-06 0.0003250327426940203 0.0003302455879747868
4096 0.0003878278366755694 1.165357307500071e-06 0.0003856352996081114 0.0003896327689290047
8192 0.0005081152776256204 1.053167597412249e-06 0.0005059491377323866 0.0005096455570310354
16384 0.0007493657030863687 1.51074715475301e-06 0.0007461258210241795 0.0007517978083342314
32768 0.00123184805852361 1.295898299544657e-06 0.001229437533766031 0.001233667600899935
65536 0.002196593093685806 1.360434791791349e-06 0.00219368003308773 0.002199691720306873
131072 0.004126659827306867 1.835272230550827e-06 0.00412333570420742 0.00413108617067337
262144 0.007987715769559145 2.504162888175655e-06 0.007983043789863586 0.007990658283233643
524288 0.01571661280468106 3.388345670157809e-06 0.01571118831634521 0.01572386920452118
1048576 0.03120566764846444 7.622711896523129e-06 0.03119427710771561 0.03121840953826904


16 59735.95362233982 123.7338079123566 59579.91740593029 59992.9475762669
32 119271.5250436334 490.6130755791388 118445.9142329224 120242.7387906956
64 237121.3725891095 857.3321510554373 235434.0007588625 238789.4227016734
128 471274.4194032014 1993.035739991757 468008.1315397539 475413.708363258
256 929880.9213559537 4202.240026248858 923229.3016832907 940738.8916989547
512 1811507.721717323 7963.2471627286 1798941.389041299 1828093.10918605
1024 3438155.795114087 9926.4009828046 3414461.39622977 3455076.631582586
2048 6251188.892822448 27401.46353468701 6201445.453243598 6300903.665966813
4096 10561476.78853582 31756.91453560959 10512462.82816201 10621434.30376425
8192 16122390.6987547 33449.27869400589 16073916.2482312 16191350.84747001
16384 21863907.57104931 44106.65284040661 21793093.59294656 21958762.90343402
32768 26600710.84032909 27989.04721274197 26561449.7585058 26652838.47291092
65536 29835304.38759515 18477.08625102718 29793265.75401086 29874912.93694018
131072 31762255.62170766 14122.52343402546 31728217.37064738 31787855.61075106
262144 32818396.61318061 10290.59782133271 32806308.40515884 32837600.15607775
524288 33358843.24185248 7191.473440672263 33343447.03460445 33370359.35433059
1048576 33602103.0047106 8207.678251876092 33588386.32424898 33614370.87896628
