16 0.001154641518951394 1.677262679961258e-06 0.001151759235654026 0.001158670929726213
32 0.001159974708571099 1.501514684191065e-06 0.001156303216703236 0.001163099659606814
64 0.001170851173810661 2.019946995258634e-06 0.001167152309790254 0.001175180776044726
128 0.001190946059068665 2.035360114925129e-06 0.001187062356621027 0.001194197218865156
256 0.001233099028468132 2.359153292263686e-06 0.001227084081619978 0.00123705854639411
512 0.00131578286527656 2.62874280310602e-06 0.001310464926064014 0.001319017726927996
1024 0.001481578015955165 4.050473189891698e-06 0.001476326026022434 0.001489423681050539
2048 0.001811957510653883 5.834432851729054e-06 0.001806365326046944 0.00182243762537837
4096 0.002473438391461968 9.084060624621661e-06 0.002463629469275475 0.002490812912583351
8192 0.003800485632382333 2.002303102006443e-05 0.003780988045036793 0.003837886266410351
16384 0.006449988344684243 4.128385721673558e-05 0.006414897739887238 0.006525227800011635
32768 0.01175920572131872 8.246705569390195e-05 0.01168831437826157 0.0119096077978611
65536 0.02238359674811363 0.0001659974338054345 0.02224197238683701 0.02270462363958359
131072 0.04363100230693817 0.0003276250291468702 0.043323814868927 0.0442165732383728
262144 0.08617350459098816 0.0007005594484833242 0.08554399013519287 0.0874055027961731
524288 0.1712321080267429 0.001425981311574841 0.169988214969635 0.1735207438468933
1048576 0.3429589569568634 0.003500927951684403 0.3390805125236511 0.3487502336502075


16 13857.14212797434 20.11852369986871 13808.92502738521 13891.79222940149
32 27586.85172171798 35.723154612004 27512.68967855909 27674.40195421748
64 54661.24133796727 94.3037436668627 54459.70637419976 54834.31722077584
128 107477.8741626961 183.7756918355024 107184.9757962409 107829.2132557821
256 207607.7212494431 397.6022235820161 206942.5095087148 208624.6605546644
512 389123.4121454251 778.3420581191644 388167.6413799628 390701.032753157
1024 691159.8010943027 1887.341459539381 687514.2466364839 693613.7289125046
2048 1130280.286844093 3629.933901356673 1123769.599288645 1133768.441227695
4096 1656015.211580714 6059.126854690033 1644443.056845978 1662587.6784972
8192 2155569.824917378 11301.69002822718 2134508.276521215 2166629.437179372
16384 2540256.646871776 16168.27621116136 2510870.195209244 2554054.743246461
32768 2786710.469142268 19423.78549401254 2751392.032060448 2803483.799250245
65536 2928008.272649488 21568.14982075328 2886460.530697525 2946501.275165002
131072 3004260.162140965 22406.60263691541 2964318.3630126 3025403.012097357
262144 3042236.102365053 24585.2485218748 2999170.436800892 3064435.030277524
524288 3062053.65203143 25359.48716947162 3021471.602626413 3084260.871223652
1048576 3057736.543125254 31119.42042208231 3006667.519688918 3092410.095159512
