16 0.0005561307116295211 2.137738363035579e-06 0.0005531645729206502 0.0005591677036136389
32 0.0005583651291090064 2.22402807094282e-06 0.0005549595225602388 0.0005611332599073648
64 0.0005630197119899094 2.097713605237559e-06 0.0005601095035672188 0.000566375907510519
128 0.0005718238680856302 2.148567834222012e-06 0.0005683565977960825 0.0005747363902628422
256 0.0005898694798815995 2.317073501897836e-06 0.000586886890232563 0.0005932098720222712
512 0.0006259884830797091 2.368773762050671e-06 0.0006215448956936598 0.0006292539183050394
1024 0.0006986967346165329 2.976027622939665e-06 0.0006949608214199543 0.0007020800840109587
2048 0.0008421579259447753 3.518938638320391e-06 0.0008368729613721371 0.0008466551080346107
4096 0.001129282725742087 4.031145179116753e-06 0.001124568283557892 0.00113427359610796
8192 0.001702281297184527 7.026390264187131e-06 0.001695240382105112 0.001710894517600536
16384 0.002842095273081213 1.158007063004981e-05 0.002829422242939472 0.002856883220374584
32768 0.005104494979605079 1.641752823742127e-05 0.005084756761789322 0.005124539136886597
65536 0.009549962589517236 1.313070294040887e-05 0.009532298892736435 0.009570766240358353
131072 0.0184408943168819 3.359011242870012e-05 0.01840130984783173 0.01851097494363785
262144 0.03618867788463831 7.498188710266484e-05 0.03603056073188782 0.03632555902004242
524288 0.07179024815559387 0.0001653911110977411 0.07152387499809265 0.07205712795257568
1048576 0.1429750770330429 0.0005116080690718904 0.1420310139656067 0.1436957716941833


16 28770.61307259708 110.5330595185103 28613.95587870955 28924.48429139577
32 57311.02144249831 228.240847223163 57027.45191985723 57661.86307133151
64 113674.2305543135 423.3436823360711 112999.156834388 114263.37098799
128 223848.1143773343 841.308224204034 222710.7977997743 225210.7224519709
256 434000.5903451901 1704.451309533498 431550.4715511358 436199.8951766601
512 817917.4057480528 3096.351327483173 813661.9973366634 823753.8487523014
1024 1465610.695049341 6238.964143967546 1458523.070687213 1473464.357181672
2048 2431887.707003135 10156.86000439341 2418930.660861588 2447205.363932536
4096 3627124.370268445 12938.05782256429 3611121.702960054 3642286.608903052
8192 4812442.417710325 19844.64810079413 4788138.553093831 4832353.031743708
16384 5764850.640931332 23466.22189856089 5734921.148737676 5790581.466193164
32768 6419502.360101378 20632.83024513784 6394331.104651907 6444359.393205068
65536 6862447.416095864 9431.02934761365 6847518.615975117 6875151.601670622
131072 7107703.408257616 12936.76171596637 7080772.37417735 7122971.195196985
262144 7243841.739681571 15013.30938786384 7216516.609018007 7275601.452630099
524288 7303089.520818891 16826.42870684501 7276004.677081489 7330251.611982451
1048576 7334065.678992037 26281.57097931913 7297194.535630482 7382725.58030119
