16 0.0003523529667290859 1.824956296130623e-06 0.0003498542937450111 0.0003551096306182444
32 0.0003537400480126962 2.491069745651371e-06 0.0003505678614601493 0.0003579282201826572
64 0.000356237607775256 1.960438837245992e-06 0.0003526484360918403 0.0003610859857872128
128 0.0003634508975665085 2.101357489192341e-06 0.0003604545490816236 0.0003681351663544774
256 0.0003751766271307133 2.218225265593939e-06 0.000371959526091814 0.0003799799596890807
512 0.000397653850086499 2.379436154167247e-06 0.0003919696900993586 0.0004008193500339985
1024 0.0004444706501089968 2.215448214297814e-06 0.0004410600522533059 0.0004500414943322539
2048 0.0005369286518543959 2.607816369090371e-06 0.0005328389815986156 0.0005437606014311314
4096 0.00072253450343851 2.094770731150913e-06 0.0007195370271801949 0.0007263838779181242
8192 0.001093486702302471 3.325537107602875e-06 0.001087648794054985 0.001099486369639635
16384 0.001833019428886473 3.603037959755566e-06 0.001826839987188578 0.001840339973568916
32768 0.00331286049913615 4.930312988545107e-06 0.003306746482849121 0.003328452818095684
65536 0.006274493294768035 1.127668755070045e-05 0.006264062598347664 0.006314186379313469
131072 0.01219049305655062 3.963176183317417e-06 0.01218432933092117 0.01219679787755013
262144 0.02402948262169957 5.457028191869291e-06 0.02402022480964661 0.02404196560382843
524288 0.04771244525909424 7.220523167514115e-06 0.0476996898651123 0.04773099720478058
1048576 0.09513887204229832 3.66246530058168e-05 0.09510511159896851 0.095232754945755


16 45410.15274847172 234.9900774403897 45056.50824547919 45733.32466132741
32 90466.10772404882 636.0028448260315 89403.40044623982 91280.4723933246
64 179660.4609029911 986.3759834959026 177243.1014193806 181483.8616874866
128 352190.6387343204 2032.393299894115 347698.3773855193 355107.1843208029
256 682367.5878839778 4024.971410571271 673719.7409291597 688246.9248463588
512 1287595.38703809 7738.968092089602 1277383.43958836 1306223.447711519
1024 2303917.632491974 11443.76575627929 2275345.746772424 2321679.315024216
2048 3814371.024342406 18444.18602884537 3766363.349256712 3843562.634729953
4096 5668978.062124757 16421.4718953197 5638891.672182307 5692549.299445895
8192 7491696.961624935 22775.03535111987 7450751.756645232 7531843.04048965
16384 8938290.056111274 17565.62844836264 8902702.889307456 8968492.103796249
32768 9891170.442872757 14679.38738040376 9844814.329904679 9909438.225747144
65536 10444858.95194361 18677.7544515628 10379167.80770187 10462219.84072878
131072 10751986.18956592 3495.656084201919 10746427.16194026 10757424.26522959
262144 10909265.78821814 2477.243813408815 10903600.99168665 10913469.88121119
524288 10988495.94500251 1662.773215847503 10984224.73242376 10991434.14732065
1048576 11021532.24110922 4240.406839767042 11010665.40180711 11025443.13728951
