16 0.0005702117996406741 1.485952338375106e-06 0.0005676213186234236 0.0005760322092100978
32 0.0005716978885175195 1.65390262451953e-06 0.000567795941606164 0.0005749209085479379
64 0.0005750012642238289 2.706081311882076e-06 0.000569062540307641 0.0005816903430968523
128 0.0005815913464175537 3.462995072881971e-06 0.0005750958807766438 0.0005919239483773708
256 0.0005934999790042639 4.224700372326322e-06 0.000586753711104393 0.0006063980981707573
512 0.0006159017502795905 5.811581771441357e-06 0.000608319416642189 0.0006368905305862427
1024 0.0006624760571867228 5.536836812659582e-06 0.0006502941250801086 0.0006796717643737793
2048 0.0007566625718027353 7.288302280589801e-06 0.0007428750395774841 0.0007834956049919128
4096 0.0009449520148336887 8.174945813465904e-06 0.0009293854236602783 0.0009764283895492554
8192 0.001319881062954664 8.124076514382257e-06 0.001304745674133301 0.001351624727249146
16384 0.002069124020636082 7.943047710264101e-06 0.002053499221801758 0.002097487449645996
32768 0.003566328436136246 1.29609344872569e-05 0.003548026084899902 0.003630995750427246
65536 0.006558485329151154 2.474460743153115e-05 0.006533980369567871 0.006672024726867676
131072 0.01254278980195522 4.564078921492581e-05 0.01251256465911865 0.01271200180053711
262144 0.02451851405203342 0.0001138214308152364 0.02446448802947998 0.02502405643463135
524288 0.04846998490393162 0.0002019286217862337 0.04832041263580322 0.04919254779815674
1048576 0.09637593664228916 0.0003716763428483736 0.09612047672271729 0.09776902198791504
