16 0.0003755191282834858 8.283452027621883e-07 0.0003740483080036938 0.0003768657334148884
32 0.0003760355757549405 1.232774199107864e-06 0.0003744667628780007 0.0003794580698013306
64 0.0003769510658457875 1.512039761618209e-06 0.0003746699076145887 0.0003815048839896917
128 0.0003793259020312689 9.455396504095489e-07 0.0003777313977479935 0.0003812704235315323
256 0.0003827085529337637 1.331157682360426e-06 0.0003809911431744695 0.0003863378660753369
512 0.0003908399594365619 1.780348475989561e-06 0.0003886631457135081 0.0003949765814468265
1024 0.0004072550364071503 8.664856086628907e-07 0.0004051601281389594 0.0004082934465259314
2048 0.000440234100096859 1.330197177789318e-06 0.0004384525818750262 0.000443001976236701
4096 0.0005065042205387726 1.669878085271564e-06 0.0005032508634030819 0.0005093270447105169
8192 0.0006380099512171 3.053773739272087e-06 0.0006316397339105606 0.0006419990677386522
16384 0.0009022463200381026 4.871904926903079e-06 0.0008904023561626673 0.0009086544159799814
32768 0.001436693652067333 1.008226062914343e-05 0.001412698999047279 0.001447359565645456
65536 0.002516012522391975 2.16151667861162e-05 0.002462241798639297 0.002537781372666359
131072 0.004734196467325091 6.015698423291086e-05 0.004609968513250351 0.004803210496902466
262144 0.009411202277988195 4.298071573969472e-05 0.009333889931440353 0.009493887424468994
524288 0.01877177273854613 6.786838033029369e-05 0.01868309080600739 0.01891687512397766
1048576 0.03767223935574293 0.0003392519193109284 0.03716175258159637 0.03854699432849884


16 42607.87749037771 94.0198923809308 42455.43858556578 42775.22356775905
32 85099.1855736156 277.9616110941759 84330.79316709208 85454.84719140595
64 169785.8556442788 676.7153881339542 167756.6990249312 170817.0277337426
128 337442.6712665961 841.1877520532012 335719.7204398782 338865.1321100827
256 668923.882213463 2316.593506193189 662632.4325922516 671931.6303968999
512 1310024.485407751 5941.510550586887 1296279.384778988 1317336.11907059
1024 2514405.626708039 5361.196083094737 2508000.088448552 2527395.784732289
2048 4652110.074907153 14026.96712843625 4623004.207335026 4670972.608353231
4096 8086885.823843628 26701.24468390712 8041984.109302538 8139081.912949016
8192 12840201.71235075 61640.13788216301 12760143.13985707 12969418.42034272
16384 18159620.71972889 98737.75306708971 18031057.47560793 18400670.08650953
32768 22808989.60899604 161933.1462777741 22639847.60786582 23195316.21534287
65536 26049394.20481896 227107.4813686343 25824131.54492642 26616394.8789339
131072 27690461.27641359 356140.5119017223 27288414.71439297 28432298.31684578
262144 27855008.7446724 127110.8068910264 27611871.5421425 28085182.26864792
524288 27929935.88316244 100729.0178574683 27715359.78135472 28062166.23597525
1048576 27836284.54221939 248957.1495936534 27202535.97632019 28216537.89598951
