16 0.000285193480522139 1.409634192357823e-06 0.0002829838776960969 0.0002873147022910416
32 0.0002868179799406789 1.796380537063313e-06 0.0002837055362761021 0.0002895640209317207
64 0.000289462084765546 2.512009733769913e-06 0.0002851225435733795 0.0002934848889708519
128 0.0002934682488557883 1.223553062931703e-06 0.0002902006963267922 0.0002956660464406013
256 0.0003010393338627182 1.848155223709322e-06 0.0002982093719765544 0.0003051045350730419
512 0.0003185834066243842 1.916536817784679e-06 0.0003151601413264871 0.0003214096650481224
1024 0.0003517453878885135 1.435178851940439e-06 0.0003498803125694394 0.0003545396029949188
2048 0.0004201452757115476 1.046114666579483e-06 0.0004176581278443336 0.0004214633954688907
4096 0.000555774342501536 1.982293998061562e-06 0.0005517979152500629 0.0005610536318272352
8192 0.0008281272312160581 1.79197171727939e-06 0.0008251259569078684 0.0008311474230140448
16384 0.001371350750559941 1.495472189331867e-06 0.00136774405837059 0.00137359369546175
32768 0.002458525530528277 2.013446510807691e-06 0.00245470367372036 0.002463359385728836
65536 0.004631538176909089 1.931658739140112e-06 0.004627702757716179 0.00463477335870266
131072 0.008978115627542138 3.304242187410983e-06 0.008973829448223114 0.008988216519355774
262144 0.01767254946753383 2.561493238336011e-06 0.01766899973154068 0.01767971366643906
524288 0.0350669315084815 3.754641099360206e-06 0.035061314702034 0.03507694602012634
1048576 0.06988936103880405 9.735023189064588e-06 0.06987813115119934 0.06992214918136597


16 56103.55191269315 277.8913402348001 55688.06563818811 56540.32353455407
32 111573.1213981269 699.0731948381385 110510.9671327074 112793.0050996877
64 221115.3615032774 1916.621047628898 218069.1490605375 224464.8886682258
128 436170.1611452944 1825.018355192192 432920.8630511956 441074.0622615889
256 850417.1663367887 5204.462586744166 839056.6857313795 858457.2587481492
512 1607169.046970503 9678.702541146973 1592982.587886216 1624570.917645321
1024 2911242.007659208 11854.02250193993 2888252.797007492 2926715.117178165
2048 4874532.797350997 12160.45633669616 4859259.48022494 4903532.012103724
4096 7369985.30252531 26225.09595964045 7300549.836314539 7423007.385128994
8192 9892243.164725831 21394.74311620764 9856253.864438163 9928181.184239123
16384 11947357.93937691 13036.60752643828 11927835.75968025 11978849.3320296
32768 13328322.27701381 10911.79086556335 13302159.72132905 13349065.44965433
65536 14149945.04729587 5901.783718379907 14140065.74387156 14161670.14848264
131072 14599056.42466639 5369.636914107729 14582648.26150344 14606027.5333128
262144 14833400.55965008 2149.646219471797 14827389.45583837 14836380.32616246
524288 14951065.9496247 1600.65847770053 14946797.24110462 14953460.94279758
1048576 15003371.09227068 2089.156383898904 14996335.38551819 15005781.96247315
