16 0.000459567198959121 3.456870369107881e-06 0.0004565459094010293 0.0004677544347941875
32 0.0004631597203115234 3.293065341634277e-06 0.0004600518150255084 0.0004710073117166758
64 0.0004701620055129752 3.622276574869568e-06 0.0004666650202125311 0.0004798360168933868
128 0.0004836464722757228 3.351296599078664e-06 0.000479547306895256 0.0004941853694617748
256 0.0005104118026793003 3.288858814737952e-06 0.0005053989589214325 0.0005220277234911919
512 0.0005653570697177202 3.093559260222566e-06 0.0005604065954685211 0.0005735233426094055
1024 0.0006754095666110516 4.021096763603984e-06 0.0006696395576000214 0.000687919557094574
2048 0.0008948546601459384 4.44261443890532e-06 0.0008872747421264648 0.0009087175130844116
4096 0.001333323074504733 5.195503049254882e-06 0.001324489712715149 0.001352190971374512
8192 0.002210184000432491 4.419578932909133e-06 0.002202123403549194 0.002225369215011597
16384 0.00396234542131424 5.341267333225071e-06 0.003952503204345703 0.003977298736572266
32768 0.007465515285730362 5.404299243138231e-06 0.007454991340637207 0.007480978965759277
65536 0.01446912996470928 6.761797019289198e-06 0.01445150375366211 0.01448905467987061
131072 0.02847009524703026 1.064315455863097e-05 0.02843689918518066 0.02850151062011719
262144 0.0564708486199379 2.153846328933897e-05 0.05638754367828369 0.05650949478149414
524288 0.1124672517180443 4.3063081207945e-05 0.1123415231704712 0.1125689744949341
1048576 0.2244747374206781 8.382702050159338e-05 0.2241884469985962 0.224677562713623
