16 0.0007803888438502327 6.659346521870723e-06 0.0007724753813818097 0.0007898967014625669
32 0.0007812633793946588 6.69805931863528e-06 0.0007733021629974246 0.0007906049722805619
64 0.0007822768930054735 6.993199402078157e-06 0.000773589825257659 0.0007941864896565676
128 0.0007844143256079406 7.281834388217684e-06 0.0007756035774946213 0.0007999786175787449
256 0.0007880761695560068 6.613139260182013e-06 0.0007792068645358086 0.0007998514920473099
512 0.0007962453819345683 7.771778942633725e-06 0.0007862504571676254 0.0008224360644817352
1024 0.0008128308691084385 7.23126485745274e-06 0.0008021257817745209 0.0008372478187084198
2048 0.0008454640628769994 8.921294717656368e-06 0.0008335337042808533 0.0008723437786102295
4096 0.0009117987938225269 9.75757969069701e-06 0.0008993148803710938 0.00094623863697052
8192 0.001042616087943316 1.020310924039811e-05 0.00102350115776062 0.001066744327545166
16384 0.001306070014834404 1.279147828521231e-05 0.001286983489990234 0.001333534717559814
32768 0.001836551353335381 1.710346359829184e-05 0.001813530921936035 0.001889467239379883
65536 0.00290667824447155 4.485782336031619e-05 0.002868056297302246 0.003079056739807129
131072 0.005025919526815414 6.953992637872423e-05 0.004971504211425781 0.005193471908569336
262144 0.009362703189253807 0.0001826999812163541 0.009177923202514648 0.00979304313659668
524288 0.0180792398750782 0.0004263107359271168 0.01760005950927734 0.01921045780181885
1048576 0.03619547002017498 0.0007505472712424078 0.03431499004364014 0.03753995895385742
