16 0.0003879874266203842 8.885975617613751e-07 0.0003861074219457805 0.0003896371927112341
32 0.0003888000119331991 9.726219882250695e-07 0.0003869092324748635 0.0003912387182936072
64 0.0003907043901563156 1.298448115251243e-06 0.000387146370485425 0.000393659109249711
128 0.0003940857204725035 1.474650693187965e-06 0.0003907755017280579 0.0003973552957177162
256 0.0003999897598987445 1.763087363592337e-06 0.000395054928958416 0.0004041949287056923
512 0.0004125700215809047 2.001514303559415e-06 0.0004083979874849319 0.0004164762794971466
1024 0.0004382815677672625 3.371574608328727e-06 0.0004312023520469666 0.0004448592662811279
2048 0.0004896604223176837 3.554599671437265e-06 0.0004801228642463684 0.0004999712109565735
4096 0.0005908429156988859 4.593123494547502e-06 0.0005810558795928955 0.0006078630685806274
8192 0.0007948051206767559 4.933378592519473e-06 0.0007822513580322266 0.0008060038089752197
16384 0.00119960680603981 8.786520096295907e-06 0.001176953315734863 0.00122147798538208
32768 0.002005171030759811 1.926867110549232e-05 0.001943588256835938 0.002056598663330078
65536 0.003624096512794495 6.492847695928695e-05 0.003488063812255859 0.003770589828491211
131072 0.006880197674036026 0.0001111956390925652 0.006691575050354004 0.007134556770324707
262144 0.01351767778396606 0.0002029021452722225 0.01306796073913574 0.01414597034454346
524288 0.02679660357534885 0.0003934146974329042 0.02600705623626709 0.02819192409515381
1048576 0.05290475115180016 0.0007524824065473434 0.05138146877288818 0.05487000942230225
