16 0.0004046691183248186 8.465342419905926e-07 0.00040335429366678 0.0004068668931722641
32 0.0004075506494700676 1.275752603866358e-06 0.0004054849268868566 0.0004120249068364501
64 0.0004127594584133476 1.024822323184544e-06 0.0004102364182472229 0.0004149668384343386
128 0.0004226781748002395 1.075528675174251e-06 0.0004198458045721054 0.0004251813516020775
256 0.0004427049279911444 1.110718931068628e-06 0.000439847819507122 0.0004454450681805611
512 0.0004800379392690957 1.709520972330272e-06 0.0004762578755617142 0.0004830695688724518
1024 0.0005547177279368043 2.085277804560893e-06 0.0005486868321895599 0.0005601868033409119
2048 0.0007016246672719717 3.073316930768738e-06 0.0006948709487915039 0.0007084682583808899
4096 0.000995933311060071 4.742651247972359e-06 0.0009860098361968994 0.001015558838844299
8192 0.001581675838679075 9.88399796372038e-06 0.001561999320983887 0.001604765653610229
16384 0.00275338813662529 1.75392950059105e-05 0.002718746662139893 0.00278925895690918
32768 0.005105817690491676 3.518167083139384e-05 0.005028009414672852 0.005186557769775391
65536 0.009787576273083687 6.464097344259769e-05 0.009653091430664062 0.009915471076965332
131072 0.01915517449378967 0.0001384579619419868 0.01888144016265869 0.01944649219512939
262144 0.03787813149392605 0.0002582933982064954 0.03738999366760254 0.03836655616760254
524288 0.07535742036998272 0.0004721771834647747 0.07449698448181152 0.07653200626373291
1048576 0.150173332542181 0.001085981563018093 0.1483920812606812 0.1520130634307861
