16 9.749104020878585e-07 5.830363267795895e-09 9.664766633665778e-07 9.841785300057637e-07
32 1.39911862709341e-06 6.42125053248678e-09 1.389409970409261e-06 1.411132852124908e-06
64 2.238151166927826e-06 1.270152540700328e-08 2.209892145277337e-06 2.255699045772275e-06
128 3.969189875663304e-06 2.383277024094964e-08 3.904289461509336e-06 4.003333516244822e-06
256 7.357814397535023e-06 2.794028593384014e-08 7.306389681716041e-06 7.401290115893744e-06
512 1.414360814977478e-05 8.851116117753626e-08 1.393006946237563e-05 1.431979516297588e-05
1024 2.766157952982518e-05 1.082414100833142e-07 2.74769310379952e-05 2.781100178950169e-05
2048 5.487540786131007e-05 3.13067582251919e-07 5.427911630562221e-05 5.546978795223367e-05
4096 0.0001095433195255069 9.049122416679085e-07 0.0001072271835198535 0.0001106023043178084
8192 0.0002210152266357568 1.268833090906588e-06 0.0002182224237685659 0.0002224602121998487
16384 0.0004408994323448212 2.828205606257747e-06 0.0004354687205250229 0.0004451582224760386
32768 0.0008805666629143616 4.57908239656465e-06 0.0008705840200491366 0.0008894942200186051
65536 0.001769023169941875 1.002091590479011e-05 0.001750980612769126 0.00178271298909749
131072 0.003522822229513167 1.853158759864222e-05 0.003483507597593416 0.003550101921064197
262144 0.007069682963958712 3.472988037213733e-05 0.006993516043621639 0.007122414233890595
524288 0.01419195317635058 6.011671936647547e-05 0.01408188892128237 0.01429251715671853
1048576 0.02844200766844551 0.0001303650244889582 0.02824159705414786 0.02864856229280122


16 16412315.26769773 98222.88188424008 16257213.0077927 16554978.10393722
32 22871993.04316781 104903.6373306521 22676815.97222675 23031359.12474715
64 28595895.21235299 162608.08392854 28372579.27645599 28960689.38783804
128 32249491.79687258 194981.1148202585 31973354.07619638 32784454.44731889
256 34793411.47180568 132239.981429254 34588564.42476944 35037824.58258832
512 36201430.68854978 227177.6739830557 35754701.3887312 36755021.31435056
1024 37019387.04627915 145048.5863879363 36819960.95468044 37267626.38025364
2048 37322045.66648941 212877.478812292 36920999.26113979 37730901.66885913
4096 37394011.73256832 311414.3860453818 37033586.46335628 38199268.74458668
8192 37066470.06837314 213770.9610616564 36824562.55431717 37539680.19660509
16384 37161840.16141626 239208.6421809449 36804891.32351564 37623827.44792009
32768 37213346.60959779 193916.9327542619 36838912.79171506 37639101.16125327
65536 37047550.70350938 210291.1420720486 36761946.76361113 37428169.97634067
131072 37207500.00085858 196171.9362906364 36920630.14368589 37626442.98251314
262144 37080863.86332609 182794.1539196903 36805497.60117009 37483863.39073113
524288 36943247.09108677 156726.0519883796 36682691.66663524 37231368.81215049
1048576 36867884.32985314 168953.085896539 36601348.06358102 37128778.4465431
