16 2.102615358712256e-06 1.950608822896731e-08 2.053222630138407e-06 2.139648444199338e-06
32 2.695159909471556e-06 3.705894531041852e-08 2.61425782355218e-06 2.789550762827275e-06
64 3.889312740312789e-06 6.001759683404062e-08 3.754882868634013e-06 4.021484414806764e-06
128 6.17715454254153e-06 1.052634010760658e-07 5.921875072090188e-06 6.394531055775587e-06
256 1.086517333703796e-05 2.027860194575952e-07 1.044140662997961e-05 1.144921861850889e-05
512 2.007653810665033e-05 4.105772359475371e-07 1.907812475110404e-05 2.091406258841744e-05
1024 3.864038077949772e-05 8.823454392384606e-07 3.692187601700425e-05 4.153124973527156e-05
2048 7.609179704104463e-05 1.852158335764558e-06 7.265625026775524e-05 8.08750010037329e-05
4096 0.0001497841803939082 3.597561709693428e-06 0.000142374999995809 0.0001587500009918585
8192 0.0002999453124630236 7.579011591554502e-06 0.0002848750009434298 0.0003252500027883798
16384 0.000596124998992309 1.2114288355653e-05 0.0005697500018868595 0.0006292500183917582
32768 0.001191445309814299 2.36213707260942e-05 0.001160499989055097 0.00125650002155453
65536 0.002387789064414392 5.232748147781999e-05 0.002268999989610165 0.002523500006645918
131072 0.004770171873133222 8.338037314940273e-05 0.004512500017881393 0.004950999980792403
262144 0.009598132815881399 0.0001015580667152115 0.009276000026147813 0.009840500017162412
524288 0.01919804687076976 0.0001986520787738936 0.01870999997481704 0.01969799998914823
1048576 0.03853592969062447 0.0003943529859681386 0.03749200003221631 0.03982500004349276
