16 1.216287231731172e-05 3.731930623165651e-08 1.214550781014623e-05 1.236621093880785e-05
32 1.264415740465097e-05 1.787714671047256e-08 1.261230471527597e-05 1.270605469017028e-05
64 1.352830506107239e-05 3.296542752074999e-08 1.346484373243584e-05 1.359375005449692e-05
128 1.528060914424145e-05 6.115144893321435e-08 1.518945305178931e-05 1.543359394418076e-05
256 1.876934811662068e-05 1.100096758116997e-07 1.864453088273876e-05 1.900000006571645e-05
512 2.57653808972691e-05 2.167253656130395e-07 2.553124977566767e-05 2.608593786135316e-05
1024 3.973559572045815e-05 4.253676956769633e-07 3.929687409254257e-05 4.031250136904418e-05
2048 6.804003902516342e-05 8.147952668409598e-07 6.712499816785567e-05 6.906249836902134e-05
4096 0.0001241425785565298 1.693733807428215e-06 0.0001222499995492399 0.0001261875004274771
8192 0.0002389550791122019 2.969117020329368e-06 0.0002336250036023557 0.0002427500003250316
16384 0.0004691093727160478 5.95733334981838e-06 0.0004577499930746853 0.0004764999903272837
32768 0.0009290078105550492 1.124563156517434e-05 0.0009014999959617853 0.0009444999741390347
65536 0.001849460938501579 2.234102728733837e-05 0.001810000045225024 0.001877500035334378
131072 0.00369804687488795 4.279525961024845e-05 0.003647000005003065 0.003786000015679747
262144 0.007406109379189729 8.342387851138176e-05 0.007301500008907169 0.007614500005729496
524288 0.01477575781518681 0.0001599988828923312 0.01459849998354912 0.01496599998790771
1048576 0.02954107812274742 0.000319395835293242 0.02916499995626509 0.03001099999528378
