16 0.0007033049921876255 5.176400067276211e-06 0.0006963137199136327 0.000713681876135297
32 0.0007084429241572821 9.261462170710309e-06 0.000697453611110177 0.0007285649897426083
64 0.0007084328180155808 1.190479951969421e-05 0.0006985039399296511 0.000744461864655932
128 0.0007098364975988147 1.111709794909234e-05 0.0006950381996375654 0.0007331112960855535
256 0.0007151432068965846 1.344927371406333e-05 0.0006937470714092342 0.0007444033843739817
512 0.0007246469222508267 1.032410143698502e-05 0.0007100459799858072 0.000753628001348261
1024 0.0007432106164628749 6.745123193326545e-06 0.0007352040065597976 0.0007592587096496572
2048 0.0007861342980604036 9.260625627657173e-06 0.0007737706019952384 0.0008045262700306921
4096 0.0008656268016267177 6.206011201542016e-06 0.0008587899721987924 0.0008828622751479998
8192 0.001030530436779031 4.082936886849565e-06 0.001024425873083601 0.00103648458571115
16384 0.001359441057545041 8.363413813452063e-06 0.001346917808859871 0.001385775572998682
32768 0.002015684259163208 9.905800693411009e-06 0.00200264495333613 0.00203580898414657
65536 0.003331364067491904 1.339467484201623e-05 0.003315617257612757 0.003362676161032141
131072 0.005968357745018693 2.489344921136968e-05 0.005924905772189959 0.006013968070874398
262144 0.01124266412296038 3.433112301266456e-05 0.0111824365958455 0.01131812480161898
524288 0.02183534270398013 0.0001654266581330848 0.02166499997474602 0.02236984109185869
1048576 0.04288027412394513 0.0002547892538723007 0.04259687585727079 0.04366250714519992


16 22750.88524287867 167.1568765295216 22418.95238624048 22978.14841560864
32 45176.63408122525 583.5970052476247 43921.95679249582 45881.18763778965
64 90363.4866801499 1475.111086222463 85968.1375748896 91624.39370985606
128 180364.1055809013 2785.226759499772 174598.3190866868 184162.5396514132
256 358087.2838958385 6638.912445938668 343899.5649049708 369010.5667472984
512 706683.4496466615 9919.652417444637 679380.2765874119 721080.0630266707
1024 1377911.572216929 12416.02016865404 1348683.90310926 1392810.690452505
2048 2605488.872164436 30429.18918322267 2545597.423340658 2646779.284091492
4096 4732056.984425222 33577.65622793432 4639455.230220774 4769501.429450622
8192 7949421.222756728 31487.26203033007 7903639.005281804 7996674.249686264
16384 12052434.9689197 73331.34741850682 11822982.24852285 12164068.13558179
32768 16256881.1058852 79614.71468845989 16095812.64999508 16362361.15913259
65536 19672718.55937792 78656.25477860568 19489239.18379472 19765851.99920991
131072 21961508.51054354 91673.19006189218 21794595.25812595 22122208.35902902
262144 23317097.00853572 71150.41943529263 23161433.94730036 23442475.86410566
524288 24012253.23722833 179126.3462246979 23437269.75292686 24199769.24122503
1048576 24454375.57075788 143717.4629076478 24015478.46331761 24616265.36916604
