16 0.0003598731346117212 7.011798102876421e-07 0.0003593806152366597 0.0003638698730412671
32 0.0003605174026448665 9.992377870050505e-07 0.0003599477539069085 0.0003674746093338399
64 0.0003614360656829518 1.102432724093958e-06 0.0003608623046602588 0.0003698222656112193
128 0.0003634919738573217 2.427095191913258e-07 0.0003627871092248824 0.0003647910157269507
256 0.0003661600342255156 5.789823773546574e-07 0.0003650156249932479 0.0003673750002235465
512 0.000375167846712543 9.817653652863076e-07 0.0003741640621228726 0.0003817421875282889
1024 0.0003908559571073056 1.544006350928039e-06 0.00039012500019453 0.0003994531252828892
2048 0.0004200302734034267 1.140463240511533e-06 0.0004192812484689057 0.0004281250003259629
4096 0.0004847626959190166 2.151365028556225e-06 0.0004830624966416508 0.0004990000015823171
8192 0.0006117070315667661 3.64613027678745e-06 0.0006094999989727512 0.0006398750119842589
16384 0.0008661562510496879 4.259325837366769e-06 0.0008580000139772892 0.000894750002771616
32768 0.001373210941892467 6.149459827421256e-06 0.001365000032819808 0.00140449998434633
65536 0.002393718747043749 1.659863953174341e-05 0.002372999966610223 0.002445499994792044
131072 0.004441257809958188 2.978920628817853e-05 0.00439000001642853 0.004525500000454485
262144 0.008542218749425956 5.557162200120692e-05 0.008472499961499125 0.008714499999769032
524288 0.01671219531272072 7.681169595667961e-05 0.01660450000781566 0.01693250000244007
1048576 0.03309028125022451 0.0001058621716210922 0.03290200000628829 0.03338849998544902
