16 1.265598678523716e-05 5.165359236300697e-08 1.252392578976469e-05 1.275268553513342e-05
32 1.921379089520059e-05 8.327332873378187e-08 1.896630857345372e-05 1.936767574761689e-05
64 3.226100159636758e-05 1.982876026659384e-07 3.180566409355379e-05 3.274804691955069e-05
128 5.84309082114487e-05 4.659858480006047e-07 5.756445307270042e-05 5.944335953245172e-05
256 0.0001105859374703755 1.034195693460667e-06 0.0001082500002667075 0.0001134765625465661
512 0.0002152341308487848 2.450012934171795e-06 0.0002097968745147227 0.0002193671871282277
1024 0.0004243203124474348 4.645699094793034e-06 0.0004156875002081506 0.0004383906252769521
2048 0.000846410644385287 8.763102756051796e-06 0.0008284687501145527 0.000871468750119675
4096 0.001686883788465821 1.671427328382347e-05 0.001658749999478459 0.001726062502712011
8192 0.003384238282706065 3.621318401434054e-05 0.003246749998652376 0.003442125002038665
16384 0.006786082030430407 4.823534890610827e-05 0.006678250007098541 0.006927499984158203
32768 0.01355571093608887 0.0001103329333236261 0.01330950000556186 0.01385099999606609
65536 0.0269668046876177 0.0002079523670440247 0.02652650000527501 0.02745400002459064
131072 0.05376259375407244 0.0004111143278836375 0.05297850002534688 0.05461600003764033
262144 0.1072643906281883 0.0008480938397999634 0.1050554999965243 0.1091479999595322
524288 0.2132387500005279 0.00120009565284295 0.2107350000296719 0.2157000000006519
1048576 0.4266414765643276 0.002461297391385256 0.4215395000064746 0.4339779999572784
