16 2.522109985747534e-06 5.482165405779611e-08 2.363769539215355e-06 2.686279316321816e-06
32 3.089164733793837e-06 7.171500056497369e-08 2.945800815723487e-06 3.242675802539452e-06
64 4.177581786279916e-06 8.472429664459956e-08 3.989257834291493e-06 4.388671868582605e-06
128 6.362457288133783e-06 1.120628509085619e-07 6.181640628710738e-06 6.921874955878593e-06
256 1.07748412929709e-05 1.588730003088009e-07 1.057421877703746e-05 1.133593741542427e-05
512 1.957519532425067e-05 2.110936529787971e-07 1.931249971676152e-05 2.041406241914956e-05
1024 3.719360347531619e-05 5.290836484845416e-07 3.689062396006193e-05 4.087500019522849e-05
2048 7.251708962030534e-05 4.513102467686046e-07 7.22187505743932e-05 7.556250056950375e-05
4096 0.0001427900388080161 4.354928965954718e-07 0.000142374999995809 0.0001459375052945688
8192 0.0002835468753801251 5.76706294187359e-07 0.0002828750002663583 0.000287000002572313
16384 0.0005644648426823551 1.017574509924076e-06 0.0005627499776892364 0.0005672500119544566
32768 0.001125554692407604 2.888285328231241e-06 0.001121999986935407 0.0011365000391379
65536 0.002249343746370869 1.271571439275238e-05 0.002241000009234995 0.002317999955266714
131072 0.00449548436972691 1.019062507883719e-05 0.004477000038605183 0.004551999969407916
262144 0.009023046884976793 7.35371417172681e-06 0.009007000015117228 0.00906449998728931
524288 0.01800123437715229 7.341715405880475e-05 0.01796999998623505 0.01845749997301027
1048576 0.03603751562332036 0.0002393425990734969 0.03593449998879805 0.03706449997844175
