16 5.071619022023466e-06 6.421533027534161e-09 5.060432428649619e-06 5.080498572063163e-06
32 8.650629154449696e-06 3.183243474359357e-09 8.648179388615063e-06 8.661665590992129e-06
64 1.364786444835175e-05 1.11629219176878e-09 1.3645570245302e-05 1.36496418363663e-05
128 2.356462869013143e-05 1.581086482125576e-09 2.356087947674723e-05 2.356781079626558e-05
256 4.338344102938763e-05 4.831902286825479e-09 4.337634484130604e-05 4.339337236558549e-05
512 8.304029934524948e-05 1.05760792690385e-08 8.301818404277128e-05 8.305580016099157e-05
1024 0.0001623765096230301 3.309475536460467e-08 0.0001622922493993428 0.0001624157578987706
2048 0.0003211278756047875 1.321009490766777e-07 0.0003208144843256377 0.0003213457301285416
4096 0.0006388253112348252 3.355211825989493e-07 0.0006381083560427214 0.0006392577497535967
8192 0.001273958356605931 6.620875541305275e-07 0.001273140479725043 0.001275103619036599
16384 0.002549372886505807 2.131655294343253e-06 0.002544812185078626 0.002552648842083727
32768 0.005102046603269628 5.421294779987205e-06 0.005091687458843808 0.005109139985506772
65536 0.01019042558766614 3.202533338748921e-05 0.01014137658057734 0.01025293787643022
131072 0.02036166592847621 3.441654320546911e-05 0.02031168908433756 0.02042112796698348
262144 0.04062359039153307 0.00011538671625533 0.040477130911313 0.04083493020880269
524288 0.08106740581933991 0.000222103995222764 0.08074898617633153 0.08166601081029512
1048576 0.1622962551937235 0.0004045823153945621 0.1617529763898347 0.1633764783618972


16 3154815.845595861 3995.477087481183 3149297.214250074 3161785.129155378
32 3699153.377969683 1359.869526868408 3694439.558285307 3700200.766201329
64 4689378.374441599 383.566051058193 4688767.717661783 4690166.761043527
128 5431870.038072611 364.4623860017447 5431136.608593369 5432734.381852176
256 5900869.015982432 657.1908762210937 5899518.429755162 5901834.30477108
512 6165681.143049605 785.2890459906091 6164530.339934871 6167323.53162791
1024 6306331.145229229 1285.660436825786 6304806.954989132 6309605.072268759
2048 6377522.727131419 2624.134631851723 6373198.110274497 6383751.669769404
4096 6411770.14687018 3368.739279223896 6407431.120825382 6418972.51652002
8192 6430353.104944504 3341.304159226101 6424575.915006374 6434482.392523725
16384 6426682.746495344 5376.276267241935 6418430.819738505 6438196.145109148
32768 6422527.516928014 6827.822998579904 6413603.873245561 6435587.467782395
65536 6431194.278086344 20208.46826207115 6391924.030931292 6462239.073688857
131072 6437211.548395856 10880.34410459307 6418450.548467006 6453033.002610809
262144 6453048.027090138 18302.13887369102 6419602.008857854 6476348.350241719
524288 6467354.804381356 17656.72556873413 6419904.618800191 6492812.16800806
1048576 6460913.672301495 16067.09171645665 6418157.684102401 6482576.230763551
