16 7.859134711907245e-07 5.506001072932048e-09 7.727066986262798e-07 8.025090210139751e-07
32 1.172815245809034e-06 2.972955857178112e-08 1.123989932239056e-06 1.247972249984741e-06
64 1.915370376082137e-06 2.038914934573835e-08 1.874053850769997e-06 1.959037035703659e-06
128 3.277440555393696e-06 2.992380272419653e-08 3.220979124307632e-06 3.370922058820724e-06
256 6.147951353341341e-06 4.994360524414886e-08 6.034970283508301e-06 6.316229701042175e-06
512 1.180081744678319e-05 1.00497385181997e-07 1.160986721515656e-05 1.213327050209045e-05
1024 2.310611307621002e-05 1.765451492459488e-07 2.278387546539307e-05 2.379715442657471e-05
2048 4.570011515170336e-05 3.724763805302052e-07 4.49642539024353e-05 4.715472459793091e-05
4096 9.088474325835705e-05 7.305576991795348e-07 8.96155834197998e-05 9.375810623168945e-05
8192 0.000181782990694046 1.508550490478867e-06 0.0001807510852813721 0.0001882612705230713
16384 0.0003720745444297791 2.585213944181628e-06 0.0003690123558044434 0.000381767749786377
32768 0.0007477868348360062 4.969215703090885e-06 0.0007425546646118164 0.0007669925689697266
65536 0.00149984285235405 9.661819299304252e-06 0.001495480537414551 0.001536965370178223
131072 0.003003831952810287 1.90875304543588e-05 0.002995967864990234 0.003077507019042969
262144 0.006015488877892494 3.762631253796837e-05 0.006000995635986328 0.006157994270324707
524288 0.01203300431370735 7.52774312265819e-05 0.01200497150421143 0.01232099533081055
1048576 0.02412320487201214 0.0002272254710849763 0.02403044700622559 0.02521300315856934
