16 2.006138345223007e-06 2.40722330470747e-08 1.949921170307789e-06 2.03350828087423e-06
32 2.467367210101656e-06 1.810266417930536e-08 2.418151780148037e-06 2.509170371922664e-06
64 3.396004785827245e-06 2.002394228838624e-08 3.358448338985909e-06 3.422785994189326e-06
128 5.403458658292948e-06 2.508165655455625e-08 5.360787326935679e-06 5.454703568830155e-06
256 9.156325859294157e-06 5.767816381698491e-08 9.049759682966396e-06 9.249590220861137e-06
512 1.669806079007685e-05 1.116409952314879e-07 1.653750950936228e-05 1.698319101706147e-05
1024 3.17389540214208e-05 2.990622178798085e-07 3.147247480228543e-05 3.271331661380827e-05
2048 6.185167330841068e-05 2.916954889591156e-07 6.14943855907768e-05 6.262073293328285e-05
4096 0.0001229257923114346 7.119039219915346e-07 0.000121994613436982 0.0001242228026967496
8192 0.0002455507747072261 1.515830938065114e-06 0.000243618618696928 0.000248960976023227
16384 0.0004911556898150593 4.039824842826796e-06 0.0004852783167734742 0.0004995742347091436
32768 0.0009764684218680486 6.784632779366844e-06 0.0009661875665187836 0.0009871502406895161
65536 0.001959652727236971 1.69634610743085e-05 0.001935390289872885 0.001994583755731583
131072 0.003907751874066889 4.518120403348595e-05 0.003861683420836926 0.004020847380161285
262144 0.007839583791792393 6.534611438411737e-05 0.007752679288387299 0.007957546040415764
524288 0.01557565154507756 7.331623816218054e-05 0.0154937207698822 0.01576107740402222
1048576 0.03120422502979636 0.0001643520572275913 0.03096728771924973 0.03152281790971756


16 7976616.936975312 97363.8111650604 7868175.482974382 8205459.914810018
32 12969946.51568133 95511.27596974991 12753219.29434383 13233247.08676516
64 18846290.09630226 111407.6084756596 18698218.38369365 19056419.37589695
128 23689009.04431383 109767.0094902573 23465986.44359542 23877089.72464817
256 27959853.9212696 176311.1858973238 27676901.77480818 28288043.98881965
512 30663518.11847177 203416.409176795 30147455.7688034 30959921.72885189
1024 32265823.68627061 297823.128302267 31302237.31481173 32536367.2997727
2048 33112159.59200419 155334.1345847675 32704823.21217755 33303853.35709685
4096 33321960.25885061 192336.7207963833 32973012.28985374 33575252.91160371
8192 33362921.22399941 204883.753676337 32904755.31890477 33626329.72724961
16384 33360167.75338355 273608.7816384202 32795926.7345701 33762068.96886345
32768 33559182.59400213 233011.6645780517 33194541.87349621 33914739.88644312
65536 33444996.86794582 287963.1486950328 32856980.71674228 33861903.89758769
131072 33545667.69170181 381204.9070404738 32598103.73472629 33941674.06182492
262144 33440686.72028656 278574.2791501302 32942819.13903995 33813342.49085529
524288 33661438.38207204 157635.3260817088 33264730.99270498 33838740.72515547
1048576 33604527.73628137 176829.2004201376 33264031.24882928 33860763.31600037
