16 4.370678084342217e-06 3.120719180884265e-08 4.326919224695303e-06 4.417395757627673e-06
32 5.676738624060818e-06 2.437628575608815e-08 5.639909431920387e-06 5.719359251088463e-06
64 8.289252946269698e-06 3.321157476765108e-08 8.239163435064256e-06 8.370698196813464e-06
128 1.348157115899085e-05 4.020322483252606e-08 1.342396353720687e-05 1.353646803181618e-05
256 2.383100490987999e-05 1.014685562961843e-07 2.370596484979615e-05 2.40077861235477e-05
512 4.448711024451768e-05 1.531923788233429e-07 4.430602712091058e-05 4.484399687498808e-05
1024 8.59340070746839e-05 3.01287834122702e-07 8.563086157664657e-05 8.66793270688504e-05
2048 0.0001686610958131496 7.959850866343981e-07 0.0001679555862210691 0.0001705886097624898
4096 0.0003336578083690256 7.859852788142033e-07 0.0003329667961224914 0.0003361933631822467
8192 0.0006690764857921749 4.247480116136805e-06 0.0006647694390267134 0.0006775849033147097
16384 0.001335934735834599 4.448397223680761e-06 0.001331400126218796 0.001348040997982025
32768 0.002670558227691799 9.291391329996997e-06 0.00265942607074976 0.002684688195586205
65536 0.005346589954569936 2.207103834985621e-05 0.005320733413100243 0.005395350977778435
131072 0.01070652599446476 7.808110997461553e-05 0.01063893735408783 0.01086701452732086
262144 0.02139981044456363 0.0001332680919411985 0.02127509564161301 0.02177752554416656
524288 0.04276014305651188 0.0002611534498319409 0.04254856705665588 0.04353587329387665
1048576 0.0856370385736227 0.0004867384687332622 0.08519551157951355 0.08663612604141235


16 3660934.265994918 26153.75926106456 3622043.592624056 3697781.069885053
32 5637136.992262959 24211.38516902701 5595032.344560279 5673849.976896528
64 7720956.446961799 30864.44504960312 7645718.253748936 7767778.914013116
128 9494521.515877249 28321.16066983567 9455937.819167314 9535186.805687122
256 10742490.42746984 45645.94280146588 10663207.28960951 10798969.86357851
512 11509079.00360131 39455.29345319256 11417358.74764477 11555989.85670185
1024 11916257.50021082 41621.86819986749 11813658.85762617 11958305.46541257
2048 12142945.44297939 56932.54280305114 12005490.88741286 12193699.8112367
4096 12276113.72549509 28772.09433411472 12183464.78118785 12301526.90207936
8192 12244202.93350799 77416.70203542992 12089997.8141856 12323069.50210268
16384 12264199.11719716 40670.0684724483 12153933.02171546 12305842.30642287
32768 12270232.9847739 42666.48235943403 12205514.23955774 12321455.50515787
65536 12257727.5073944 50395.54569861847 12146753.80154505 12317098.96207974
131072 12242857.97886502 88486.13681738377 12061454.38293753 12320027.42732927
262144 12250269.47504573 75596.64959233016 12037363.90841792 12321636.73507816
524288 12261561.69508582 74061.71882015123 12042666.43420568 12322107.09474376
1048576 12244790.62912607 69266.86792462485 12103218.9216168 12307878.43818928
