16 7.225005538202822e-05 2.964194611971363e-08 7.222290150821209e-05 7.246533641591668e-05
32 7.251134047692176e-05 1.564323839372882e-08 7.248343899846077e-05 7.255119271576405e-05
64 7.304680184461176e-05 1.654575199350288e-08 7.302057929337025e-05 7.308297790586948e-05
128 7.412624108837917e-05 1.985887822990196e-08 7.409555837512016e-05 7.420312613248825e-05
256 7.630791515111923e-05 2.221891700844989e-08 7.627345621585846e-05 7.640663534402847e-05
512 8.064333815127611e-05 3.965308990862391e-07 8.054822683334351e-05 8.375756442546844e-05
1024 8.918717503547668e-05 3.001590904465765e-08 8.912384510040283e-05 8.925050497055054e-05
2048 0.0001063913805410266 6.50152610756638e-08 0.0001062825322151184 0.0001066923141479492
4096 0.0001411880366504192 1.550386704347438e-07 0.0001409351825714111 0.0001416206359863281
8192 0.000211773905903101 2.460675288821887e-07 0.0002113580703735352 0.0002123713493347168
16384 0.0003525763750076294 4.682447939214543e-07 0.0003519654273986816 0.000354766845703125
32768 0.000633804127573967 7.833627979068691e-07 0.0006330013275146484 0.0006364583969116211
65536 0.001196594908833504 7.875270012487955e-07 0.001194953918457031 0.001198410987854004
131072 0.002321779727935791 7.403600256539807e-07 0.00232088565826416 0.002323508262634277
262144 0.004574494436383247 8.465064590825406e-07 0.004573464393615723 0.004577040672302246
524288 0.009087163954973221 1.427546895491196e-06 0.009084939956665039 0.009091019630432129
1048576 0.01812640577554703 5.167214868329145e-06 0.01812207698822021 0.01816356182098389
