16 1.859931946235349e-06 1.758283410886608e-08 1.817626952060891e-06 1.906250020056177e-06
32 3.388374328672228e-06 4.667139556193851e-08 3.260253890857712e-06 3.506347638904117e-06
64 6.517013542151062e-06 1.115580602249793e-07 6.278320256569714e-06 6.743164021827397e-06
128 1.267864989173972e-05 2.070604809303444e-07 1.220703120452526e-05 1.309765616497316e-05
256 2.492205808835024e-05 4.451495357074317e-07 2.404687484158785e-05 2.62421876868757e-05
512 4.980944832766454e-05 1.132419217229187e-06 4.743750014313264e-05 5.251562561170431e-05
1024 9.917822274019272e-05 1.571464116334475e-06 9.601562487659976e-05 0.0001026093741529621
2048 0.0001975073242874714 4.206788442615692e-06 0.0001860937518358696 0.0002055312470474746
4096 0.0003965673832908578 6.988886188430721e-06 0.0003812499999185093 0.0004136874995310791
8192 0.0007977988279890269 1.584755930125625e-05 0.0007542499952251092 0.000825249997433275
16384 0.001584574218213675 3.911048850970922e-05 0.001480500010075048 0.001647750003030524
32768 0.003176937503667432 6.031823639576934e-05 0.003029000014066696 0.003349999955389649
65536 0.006357414060403244 0.0001223453227915215 0.006032000004779547 0.006546500022523105
131072 0.01271991405974404 0.0001744423908710207 0.01239749998785555 0.0130805000080727
262144 0.02560297656236799 0.0003284188644533703 0.02472899999702349 0.02620649995515123
524288 0.05101099218882155 0.0005120258449614543 0.05004549998557195 0.05220299999928102
1048576 0.1019013671875655 0.0009620772479285556 0.1000890000141226 0.1040159999975003
