16 1.88356704686754e-05 4.383746727991434e-08 1.875561571651474e-05 1.889413173472576e-05
32 1.917170582510508e-05 3.128214396471547e-08 1.912570301243477e-05 1.922985889635243e-05
64 1.984176384528524e-05 4.206321332028502e-08 1.979724470402289e-05 1.994751333356248e-05
128 2.113133026271363e-05 2.886437023395538e-08 2.107263383166469e-05 2.117431756332167e-05
256 2.371784219534767e-05 5.84517831888279e-08 2.364407088251141e-05 2.388967716271395e-05
512 2.877928891154014e-05 8.538074762547607e-08 2.859405366351098e-05 2.888766294972811e-05
1024 3.890813025586581e-05 2.044252277127562e-07 3.858471404782904e-05 3.931408318891272e-05
2048 5.926990130200593e-05 2.900176705601357e-07 5.862116075405766e-05 5.967077184720893e-05
4096 0.0001007955047063192 9.225548724254945e-07 9.903907582042848e-05 0.0001021961740264032
8192 0.0001834429470761734 1.589396427949747e-06 0.0001798449860928031 0.0001859831592980754
16384 0.0003486773149283806 2.968984269949455e-06 0.0003432939071785768 0.0003531504086140558
32768 0.0006785011786902828 5.817284203274513e-06 0.0006707120144255896 0.0006917881840990958
65536 0.00134238484012883 1.064173176000416e-05 0.001322296661783184 0.00136527740346537
131072 0.002670034652140885 1.971212013582728e-05 0.002640000283008703 0.002713671687615715
262144 0.005317822066047029 4.389376832593115e-05 0.005250015149613318 0.005381335131460219
524288 0.01060677240036512 9.42664889306498e-05 0.0104571868723724 0.01083873544484959
1048576 0.02123281648573538 0.0002074840551288339 0.02061987490378669 0.02153318807904725


16 849456.4275824915 1979.373889931866 846823.7770668975 853077.8323588514
32 1669130.546905242 2722.031481463491 1664078.773145332 1673141.111685927
64 3225533.252725487 6823.418471025335 3208419.963420576 3232773.093267616
128 6057367.070180894 8280.850003187696 6045059.049351498 6074228.832641766
256 10793623.22600695 26504.35713764835 10715925.47092074 10827238.73025407
512 17790718.7089948 52891.72086798042 17723829.0577888 17905820.770469
1024 26319087.47248377 138190.7362667906 26046645.80576526 26539007.09826862
2048 34554572.72593172 169610.5491300373 34321660.95059142 34936189.82729272
4096 40639939.42410502 373705.746513336 40079778.31872419 41357413.38526435
8192 44660086.64004759 387869.2414903631 44046998.82998908 45550338.53305639
16384 46992202.66402864 400616.223785969 46393829.9386351 47725868.87619089
32768 48297999.08012664 412457.3100204971 47367099.8626165 48855543.5048575
65536 48823447.75243898 386536.5605670208 48001966.36497126 49562251.72014075
131072 49092498.37885949 361040.9917179138 48300610.79170649 49648479.52615461
262144 49298523.95695213 407746.3925070295 48713561.52257842 49932046.39024857
524288 49433189.85656089 436743.1138188811 48371694.5272554 50136619.57071402
1048576 49389174.58914839 489889.466793268 48695808.35641849 50852684.84375899
