16 4.250732422050874e-06 2.202787318400212e-08 4.201904289402592e-06 4.293701181268261e-06
32 6.537406918027955e-06 1.495033636273269e-08 6.507812486233888e-06 6.572753932232445e-06
64 1.103564452620276e-05 1.382963851003547e-07 1.098339839700202e-05 1.211328117278754e-05
128 1.994784546610617e-05 2.422934966000262e-08 1.988476560654817e-05 1.999999994950485e-05
256 3.780340574621732e-05 4.0619097392653e-08 3.772265654333751e-05 3.787890591411269e-05
512 7.364001467635717e-05 6.474314148020071e-08 7.349999941652641e-05 7.380468832707265e-05
1024 0.0001451667480409924 1.341243544752613e-07 0.0001448281254852191 0.0001455625006201444
2048 0.0002890800781187863 2.642796473459303e-07 0.0002884687492041849 0.000289718751446344
4096 0.0005751347661089312 7.456242425359735e-07 0.0005735625018132851 0.0005775000026915222
8192 0.001148720703668005 1.831404018761664e-06 0.001143000001320615 0.00115275000280235
16384 0.002296113280408463 4.870330451303673e-06 0.002285249996930361 0.002308249997440726
32768 0.004598468754920759 1.1839493139036e-05 0.004562999994959682 0.004621500032953918
65536 0.009181953120787512 1.890089942936148e-05 0.00913249998120591 0.009237500024028122
131072 0.0183648437505326 3.226918951493191e-05 0.01829450001241639 0.01845049997791648
262144 0.03670406250148517 5.971463441025883e-05 0.03656350000528619 0.0368480000179261
524288 0.07341799218193046 6.890800876781384e-05 0.07327549997717142 0.07361399999354035
1048576 0.1469617187549375 0.000115224551484838 0.1467640000046231 0.1473470000200905
