16 7.488374710096224e-05 1.824081912274568e-08 7.485375977012154e-05 7.498046875298314e-05
32 7.516436004451066e-05 2.555429109826024e-08 7.513720703400395e-05 7.532421875566797e-05
64 7.577839660832808e-05 2.276472898305457e-08 7.574804681098612e-05 7.584472655253194e-05
128 7.695062255663743e-05 1.750898533938211e-08 7.691796872677514e-05 7.698828130742186e-05
256 7.9284362804799e-05 3.554461489052402e-08 7.924609371912084e-05 7.944140634208452e-05
512 8.393591309641124e-05 3.627657362393723e-08 8.3882812759839e-05 8.409375004703179e-05
1024 9.333740234751531e-05 3.854761305927581e-08 9.326562394562643e-05 9.345312537334394e-05
2048 0.00011197070284652 4.484685207609355e-08 0.0001118749969464261 0.0001120624983741436
4096 0.0001499472656405487 1.294923511843399e-07 0.0001496874974691309 0.0001503125022281893
8192 0.0002269218741730583 2.022939576214684e-07 0.0002265000075567514 0.0002273749996675178
16384 0.0003789179686464195 3.674621577071924e-07 0.0003785000008065253 0.0003795000084210187
32768 0.0006829218764323741 7.570802630652748e-07 0.0006819999543949962 0.0006845000316388905
65536 0.001290851561861928 8.149368255693457e-07 0.00128899997798726 0.001293000008445233
131072 0.002506617185645155 6.651319336495045e-07 0.002505999989807606 0.002508000005036592
262144 0.00494393749977462 1.029331938082129e-06 0.00494249997427687 0.004947500012349337
524288 0.009817867179663153 1.480671572719841e-06 0.009815500001423061 0.009822499996516854
1048576 0.01961732812833361 2.690698254007269e-06 0.01961349998600781 0.01962849998380989
