16 1.004189019285229e-06 2.609588590678071e-09 1.001602198069662e-06 1.013452639586632e-06
32 1.618326896934974e-06 2.376360995925273e-09 1.615312702041294e-06 1.624275059119995e-06
64 2.76542386129508e-06 3.156091838059418e-09 2.759434074572908e-06 2.772258788308335e-06
128 5.085576257168878e-06 3.520814326527089e-09 5.07810911365425e-06 5.089347709485992e-06
256 9.738330576603005e-06 2.922749326875435e-09 9.733092078079153e-06 9.745986842446541e-06
512 1.902892222727104e-05 2.832727499429226e-09 1.902521067265184e-05 1.903472737296852e-05
1024 3.766303555652328e-05 7.137236046859273e-09 3.765270723476988e-05 3.767950045840962e-05
2048 7.483822658560513e-05 6.65448693366711e-09 7.483030778132616e-05 7.485277373575627e-05
4096 0.0001491963536217611 5.979841495855386e-09 0.0001491865249931834 0.0001492114475638573
8192 0.0002979333241022175 9.872586728059033e-09 0.0002979223555144017 0.0002979580546025318
16384 0.0005992677006716463 1.867290196716784e-08 0.0005992344252945259 0.0005992928793148167
32768 0.001203435820215759 2.915574035958367e-08 0.001203384897053184 0.001203472840643371
65536 0.002407023621259441 1.913608778928617e-07 0.002406898470781016 0.002407718897302402
131072 0.004813941862039428 5.207216895460651e-08 0.004813866669792333 0.004814030744455522
262144 0.009630157635456271 1.812308741622722e-07 0.009629875696191448 0.009630452719648019
524288 0.01926702464834307 3.90240451628528e-07 0.01926643418482854 0.01926787552292808
1048576 0.03856274411691629 2.121396265033982e-06 0.03855956860934384 0.03856537527462933


16 15933355.41560057 41099.38754567901 15787614.90672726 15974405.83780267
32 19773548.00067963 28986.59226400213 19701096.69561574 19810405.72488605
64 23142954.34092702 26414.2246579744 23085867.83813699 23193161.44920244
128 25169233.74351218 17431.46799633478 25150570.82097611 25206232.70103192
256 26287875.48317618 7887.276662555538 26267222.00003875 26302021.79804325
512 26906411.43628681 4005.019343859407 26898205.05268168 26911659.9447692
1024 27188462.62218318 5151.04948457787 27176581.0995898 27195919.63508008
2048 27365694.09266276 2433.093434739826 27360375.54506407 27368589.82305398
4096 27453754.10817755 1100.324993958565 27450976.89804969 27455562.76069272
8192 27496085.0153913 911.0968095369075 27493802.81371455 27497097.30864421
16384 27340035.17384713 851.904189764535 27338886.48690795 27341553.33607078
32768 27228705.8998763 659.6781804009601 27227868.29363126 27229858.11126714
65536 27226986.81034903 2164.033303444699 27219124.32278795 27228402.35912992
131072 27227582.66940287 294.518558935943 27227079.95809124 27228007.95927619
262144 27221153.58962319 512.2758315732721 27220319.50431309 27221950.54954616
524288 27211674.33845196 551.1501340296303 27210472.65310159 27212508.29138136
1048576 27191425.99903848 1495.863043254522 27189570.76219138 27193665.22544308
