16 3.46147155783072e-06 3.261505757656544e-08 3.381591795914574e-06 3.560058587481763e-06
32 5.274856571979569e-06 5.588178159615264e-08 5.174804698526714e-06 5.527832058760396e-06
64 8.73384094290941e-06 1.283992352962801e-07 8.55273435718118e-06 9.040039117280685e-06
128 1.550653075454989e-05 2.416288693575951e-07 1.516992188044242e-05 1.661718738432683e-05
256 2.897003172819268e-05 4.535967680989648e-07 2.826171885317308e-05 3.000781271111919e-05
512 5.618664550866015e-05 1.099102130954943e-06 5.437499930849299e-05 5.877343755855691e-05
1024 0.0001095395510049002 2.479385357604224e-06 0.0001056718756444752 0.000119718750283937
2048 0.0002165498048043446 5.035300595500852e-06 0.0002093437506118789 0.0002336875004402827
4096 0.0004312119148153215 8.294490154024164e-06 0.0004166875005466864 0.0004481249998207204
8192 0.0008573984375743748 2.189261675017999e-05 0.0008282499911729246 0.0009234999888576567
16384 0.001709453125386062 4.540280294068368e-05 0.00165200000628829 0.001841499994043261
32768 0.00342477343747305 9.222436348918842e-05 0.003301999997347593 0.003686500014737248
65536 0.006853968752693618 0.0001461777871088333 0.006659500009845942 0.007354500005021691
131072 0.01364616406590358 0.0002197770177625228 0.01331300003221259 0.01424700004281476
262144 0.02747537499726604 0.0004237999616014414 0.02678549999836832 0.02877550001721829
524288 0.05479507812924567 0.000664290089264593 0.05350350000662729 0.05650600005174056
1048576 0.1100288671887029 0.001098073054485788 0.1075934999971651 0.1136704999953508
