16 1.591110228904569e-06 2.191474910838226e-08 1.555664056240857e-06 1.655761707297643e-06
32 1.945503234956902e-06 2.399371380185282e-08 1.888183646769903e-06 2.001464849854528e-06
64 2.685211187625214e-06 2.399359928355908e-08 2.631835968713858e-06 2.727539026636805e-06
128 4.122589121635656e-06 3.042281422196819e-08 4.056640591443283e-06 4.220703203827725e-06
256 7.009887667663861e-06 2.622674500911799e-08 6.953125193831511e-06 7.066406396916136e-06
512 1.278381355973579e-05 2.896717903360267e-08 1.271093697141623e-05 1.284375048271613e-05
1024 2.438159179973809e-05 3.733060274421594e-08 2.426562605251092e-05 2.446875078021549e-05
2048 4.748583990021871e-05 6.491613141008071e-08 4.734375033876859e-05 4.762499884236604e-05
4096 9.430175748548209e-05 2.787256206976147e-06 9.362499986309558e-05 0.0001161875043180771
8192 0.0001889570298772014 1.884857054994694e-06 0.0001882499927887693 0.0002034999924944714
16384 0.0003778046880142938 5.500188356082335e-07 0.0003769999893847853 0.000379000004613772
32768 0.0007559921868960373 1.021564330967046e-06 0.0007544999825768173 0.0007580000092275441
65536 0.001511617190772085 8.392298250328804e-07 0.001510499976575375 0.001514000003226101
131072 0.003022742194843886 9.95997610486442e-07 0.003020999953150749 0.003025999991223216
262144 0.006047335938092147 8.999789936606485e-07 0.006046499998774379 0.006050000025425106
524288 0.01209971093703643 2.371804712126358e-06 0.01209799997741356 0.01211050001438707
1048576 0.0242337109420987 7.25488652794968e-06 0.02422750002006069 0.02427850000094622
