16 6.143085478971244e-06 2.943252847430622e-08 6.084228516556323e-06 6.179931631322688e-06
32 6.620697022619026e-06 2.995219585762537e-08 6.561523434811534e-06 6.660156259385985e-06
64 7.563659661258271e-06 2.988358674276826e-08 7.500976607843768e-06 7.620117230544565e-06
128 9.423095708172013e-06 3.358392239120823e-08 9.355468591820681e-06 9.494140613242052e-06
256 1.314453126610715e-05 3.717543828922803e-08 1.30624998746498e-05 1.32890627355664e-05
512 2.058984367181438e-05 4.38641230876849e-08 2.045312521659071e-05 2.070312439172994e-05
1024 3.550097639504202e-05 6.317079568053308e-08 3.537499833328184e-05 3.571875095076393e-05
2048 6.52543946557671e-05 1.285297594082851e-07 6.506250065285712e-05 6.590624980162829e-05
4096 0.0001247978519813842 2.138387279978761e-07 0.0001243750011781231 0.0001257500043720938
8192 0.00024596484331596 1.14801301121676e-05 0.0002434999914839864 0.0003362499992363155
16384 0.0004847968730246066 7.815801421806184e-07 0.0004832499835174531 0.0004885000234935433
32768 0.0009644921883591451 1.91172913712473e-06 0.0009610000415705144 0.0009750000317580998
65536 0.001923578123751213 2.811849224538711e-06 0.001917500048875809 0.001940999994985759
131072 0.003841546874355117 5.553285600930264e-06 0.003828000044450164 0.003877999959513545
262144 0.007679218746488914 1.102049993369512e-05 0.007653000007849187 0.007752000004984438
524288 0.01536357812165079 2.170476124317523e-05 0.0153400000417605 0.01550499995937571
1048576 0.03075442187400768 4.219411240470629e-05 0.03070800000568852 0.0310450000106357
