16 6.942749020133476e-07 6.487997881618795e-09 6.850586089512944e-07 7.062988061079523e-07
32 1.156745911501389e-06 8.377932235142794e-09 1.145507781075139e-06 1.193359366880031e-06
64 2.000488288800284e-06 8.706862722708282e-09 1.989257839341008e-06 2.025390585913556e-06
128 3.693756106315504e-06 8.893894300659618e-09 3.681640464492375e-06 3.716796982189408e-06
256 7.09326167935842e-06 1.345089167309092e-08 7.074218501657015e-06 7.136718522815499e-06
512 1.410205078400395e-05 2.222276706187287e-08 1.405468719894998e-05 1.415624956280226e-05
1024 2.789404294389897e-05 1.31480890269307e-07 2.78281240753131e-05 2.887499977077823e-05
2048 5.545458992628483e-05 2.538719610273236e-07 5.531249917112291e-05 5.740625056205317e-05
4096 0.0001110361333758192 4.085591793940583e-06 0.0001103124959627166 0.000142937497003004
8192 0.0002210976563219447 1.790416440485044e-06 0.0002202499890699983 0.0002292499993927777
16384 0.0004446562497832929 3.323346504139693e-06 0.0004427499952726066 0.0004592500044964254
32768 0.0008985390622910927 4.747850593460177e-06 0.0008964999578893185 0.0009239999926649034
65536 0.001796820310119074 9.487825711506789e-06 0.001792500028386712 0.001848499989137053
131072 0.003595320314161654 2.370258741082603e-05 0.00358550000237301 0.003697500040289015
262144 0.007182984373685031 1.379152657974992e-05 0.007171999954152852 0.007287500018719584
524288 0.01436798437771358 5.303464327459465e-06 0.01435799995670095 0.01439500000560656
1048576 0.02876586718684848 8.035263118466529e-06 0.02873449999606237 0.02881450002314523
