16 1.207374574985209e-06 1.458122336766752e-08 1.162597641268803e-06 1.258056641972871e-06
32 1.601509091564424e-06 2.318213351997485e-08 1.539062509436917e-06 1.687500002844899e-06
64 2.406005853217152e-06 2.314634021243358e-08 2.334960868211056e-06 2.448242184982519e-06
128 3.866729734625096e-06 3.07947065354304e-08 3.80273422706523e-06 3.955078000217327e-06
256 6.834594721283338e-06 5.596671001843811e-08 6.746093731635483e-06 7.031249879219104e-06
512 1.273791498590526e-05 1.03072087464207e-07 1.260937460756395e-05 1.304687521042069e-05
1024 2.451245123324952e-05 2.174740544042797e-07 2.424999911454506e-05 2.510937520128209e-05
2048 4.801464871206917e-05 4.299579386438053e-07 4.753124812850729e-05 4.918749982607551e-05
4096 9.56562504370595e-05 8.468398539070636e-07 9.468750067753717e-05 9.768750169314444e-05
8192 0.0001905917972635507 1.783722972862329e-06 0.000188374993740581 0.0001951250014826655
16384 0.0003801445295721351 3.509567140152113e-06 0.0003747500013560057 0.0003880000149365515
32768 0.000760710941904108 7.449197622911529e-06 0.000750000006519258 0.0007765000336803496
65536 0.001522742190900317 1.37396396331023e-05 0.001496499986387789 0.001550499990116805
131072 0.003043312497538864 2.739388029146209e-05 0.002994500042404979 0.003093000035732985
262144 0.006086257808419759 5.144475929767592e-05 0.00599599996348843 0.006173499976284802
524288 0.01211274219076586 0.0001060803470079871 0.01198599999770522 0.01267500000540167
1048576 0.02424397655977373 0.0001602049394069091 0.02405150001868606 0.02461249998304993
