16 5.733908844129942e-05 4.877217059858645e-07 5.607470703239414e-05 5.848925781037906e-05
32 5.974813842968274e-05 6.163605865451499e-07 5.765087894360477e-05 6.102441409439052e-05
64 6.419602966722948e-05 6.834428130157957e-07 6.256054689401935e-05 6.623632816626923e-05
128 7.255300903352691e-05 6.593778068236212e-07 7.112499997674604e-05 7.458007826244284e-05
256 8.962182613458936e-05 7.082649211737076e-07 8.784765623204294e-05 9.168359383693314e-05
512 0.000123606079071692 7.955240902610078e-07 0.0001215390630022739 0.0001256171872228151
1024 0.0001912583008731872 1.004319293992034e-06 0.0001889374998427229 0.0001941406244441168
2048 0.0003268417967206005 1.77472325108579e-06 0.0003226875014661346 0.0003304374986328185
4096 0.0005967998041569444 3.502800222623993e-06 0.000591062504099682 0.0006138749959063716
8192 0.001136287109375189 5.912921964199621e-06 0.001128000003518537 0.001154625002527609
16384 0.002215539062490279 1.165026235168099e-05 0.002199999988079071 0.002274750004289672
32768 0.004376460940875404 2.244929223021136e-05 0.004344500019215047 0.00441949995001778
65536 0.008676671875036845 4.10018596505098e-05 0.008608999953139573 0.008771999971941113
131072 0.01729803124635509 0.0001005546457778672 0.01718450000043958 0.01761949999490753
262144 0.03461084375339851 0.0002347178779470769 0.03432350000366569 0.03549500001827255
524288 0.06909641405763978 0.0004209124176230788 0.06861799996113405 0.07103749999077991
1048576 0.1383670468767377 0.0007860842461472304 0.1371309999958612 0.1402324999799021
