16 1.74975381607434e-06 4.239495957166406e-09 1.74106615502545e-06 1.757636859611722e-06
32 2.42438520739463e-06 7.402274071756196e-09 2.415470198968706e-06 2.442127394974847e-06
64 3.750035574484611e-06 6.347410442932413e-09 3.733829184060511e-06 3.759762041699588e-06
128 6.415480649946126e-06 1.474660809537846e-08 6.385116237517252e-06 6.44663240390031e-06
256 1.168031904030808e-05 4.216646339664063e-08 1.160787824971976e-05 1.176591641005587e-05
512 2.220366142635655e-05 7.328642638654754e-08 2.209982644885145e-05 2.237817685823984e-05
1024 4.322410735024818e-05 1.158075462359001e-07 4.300714648763915e-05 4.337927714459511e-05
2048 8.542157397162242e-05 2.754804035469294e-07 8.497498828319294e-05 8.592467537482662e-05
4096 0.0001699378284580888 6.978684933219021e-07 0.0001685576424108604 0.0001707749199510999
8192 0.0003390123523665522 1.244233054287465e-06 0.0003362445945072068 0.0003409887806924417
16384 0.0006769995621596081 2.710623600218885e-06 0.0006701113672988868 0.0006808066725625395
32768 0.001353993883355997 4.680391586637652e-06 0.001348117017414552 0.001362443216748943
65536 0.002720533928766145 1.267887861162119e-05 0.002699734631278261 0.002740780797466869
131072 0.005435003108914316 1.841772623064058e-05 0.005399805490924336 0.005474835861605243
262144 0.01087710738215719 2.824736879630725e-05 0.01083736038526695 0.01092934283951763
524288 0.02164733893209814 4.367429580624922e-05 0.02155037847114727 0.02171852939500241
1048576 0.04323645611520988 7.979746961308322e-05 0.04309437084157253 0.04342193165211938


16 9144193.843376052 22159.3035575284 9103131.805926366 9189771.424719997
32 13199337.68401548 40208.22716445007 13103329.52566121 13247938.23316989
64 17066550.67415645 28931.44505056782 17022353.88574459 17140580.57963982
128 19951838.51096996 45851.97978198815 19855327.86429052 20046620.17707773
256 21917476.70194348 78937.03592069972 21757761.23831773 22053987.34313744
512 23059495.08225711 75997.98932152116 22879433.08533989 23167602.74950527
1024 23690642.99939499 63518.9499486846 23605741.4370167 23809996.32919873
2048 23975441.53378068 77256.95266230102 23834829.64661864 24101209.56033212
4096 24103314.22461463 99164.18771883428 23984786.53172759 24300292.41875591
8192 24164616.97007516 88852.88125261482 24024250.83712317 24363216.93737866
16384 24201266.7203575 97188.96163600648 24065569.06725228 24449667.32327094
32768 24201266.32774135 83543.71463264608 24050910.59735383 24306495.33884172
65536 24089879.37344165 112244.3364914798 23911434.31119001 24274978.4518526
131072 24116529.19347448 81727.59746031399 23940809.06045084 24273466.92770653
262144 24100677.39625597 62534.27323854174 23985339.63562349 24188915.99806689
524288 24219605.16199916 48889.17565404379 24140124.33644069 24328482.24461316
1048576 24252203.8262403 44732.47368103262 24148534.16473516 24332087.45185934
