16 8.252667236341438e-05 2.668296024657888e-08 8.250439455537162e-05 8.268872070971156e-05
32 8.279772186270407e-05 6.222858426177307e-09 8.278515628035166e-05 8.281494143602686e-05
64 8.337521361667655e-05 9.792656350316038e-09 8.336132816566533e-05 8.340527335803927e-05
128 8.456369018716714e-05 1.710010448130068e-08 8.454492194687191e-05 8.464062511848169e-05
256 8.694970704681282e-05 2.192548448289418e-07 8.689843753018067e-05 8.867187489158823e-05
512 9.152636708620321e-05 1.844050396414952e-08 9.148437493422534e-05 9.158593729807762e-05
1024 0.000100750976685049 3.826049433353706e-08 0.0001006875008897623 0.0001008906256174669
2048 0.0001192202148558863 4.256093860493847e-08 0.0001191250012197997 0.0001194374999613501
4096 0.0001564931640132272 1.021330664919383e-07 0.0001562499965075403 0.0001566874998388812
8192 0.0002331933601453784 1.695131360783282e-07 0.0002329999988432974 0.0002336250036023557
16384 0.0003840312497231935 4.166662016354401e-07 0.0003834999806713313 0.0003857499978039414
32768 0.0006854062521597371 8.207373642917286e-07 0.0006844999734312296 0.0006885000038892031
65536 0.001287703122216044 6.406719211225322e-07 0.00128600001335144 0.00128899997798726
131072 0.002492882814294717 8.897200551390691e-07 0.00249199999962002 0.002496999979484826
262144 0.004905242190034187 9.511560557678076e-07 0.00490399997215718 0.004908000002615154
524288 0.009733507813507458 2.692567420733463e-06 0.009731500002089888 0.009750999975949526
1048576 0.01941538280789246 5.955355518477931e-06 0.01940900000045076 0.01944300002651289
