16 1.326548590441234e-05 2.79566727043402e-08 1.32340683194343e-05 1.335076740360819e-05
32 1.369467986478412e-05 2.468875379767723e-08 1.365364005323499e-05 1.374047860736027e-05
64 1.451573871236178e-05 1.385903019594354e-08 1.448312468710355e-05 1.453623917768709e-05
128 1.62193377946096e-05 4.54156238275497e-08 1.617034286027774e-05 1.63554068421945e-05
256 1.964583998415037e-05 4.518939930018209e-08 1.958731445483863e-05 1.976366911549121e-05
512 2.652567309269216e-05 8.804208126754939e-08 2.643902553245425e-05 2.671295078471303e-05
1024 4.018593790533487e-05 1.088818989345122e-07 4.000519402325153e-05 4.03987942263484e-05
2048 6.765046236978378e-05 3.440638921965263e-07 6.722388206981122e-05 6.824464071542025e-05
4096 0.0001228221117344219 5.632342268661754e-07 0.0001220878912135959 0.0001238254480995238
8192 0.000233246581046842 9.862130442724277e-07 0.0002319489722140133 0.000236123742070049
16384 0.0004531693484750576 1.379623743024894e-06 0.000451080035418272 0.0004559130175039172
32768 0.0008932694909162819 3.465512182747398e-06 0.0008888514712452888 0.0008981446735560894
65536 0.001779550220817327 9.523033592769612e-06 0.001768859103322029 0.001799617428332567
131072 0.003537345328368247 1.798636203901995e-05 0.003520487807691097 0.003578207455575466
262144 0.007067657075822353 3.047559559098945e-05 0.007029835134744644 0.007130539044737816
524288 0.01411232026293874 5.174504403149853e-05 0.01404337584972382 0.0142267644405365
1048576 0.02820468507707119 3.730036191041969e-05 0.02811868488788605 0.02826675027608871


16 1206142.501909589 2531.843086048319 1198432.982637075 1209000.861549424
32 2336680.941254714 4209.712368180597 2328885.398712296 2343697.349222133
64 4409011.212718858 4213.37660253651 4402789.416002388 4418935.925959994
128 7891871.914311222 21993.40592591553 7826158.116090343 7915725.78924288
256 13030812.98176415 29899.83800069325 12953060.41120378 13069683.47244564
512 19302253.64062553 63848.74286640499 19166733.17471918 19365312.81652243
1024 25481725.57434678 68984.1194995648 25347291.1657383 25596676.25670902
2048 30273991.93631593 153623.0352146458 30009682.49712308 30465363.45332118
4096 33349700.28907051 152672.2392872095 33078822.34924658 33549600.69573111
8192 35122214.48765595 147582.0842882014 34693673.44504366 35318112.95305699
16384 36154568.27882099 109905.9473775083 35936679.5221179 36321713.91670581
32768 36683735.77064658 142194.5204974122 36484099.90593083 36865551.84984027
65536 36828267.47135323 196187.3010042286 36416628.87246112 37049870.09814363
131072 37054669.00807882 187421.2898619623 36630631.85332286 37231204.07167757
262144 37091295.69252825 159550.3434817275 36763559.99950054 37290205.95438506
524288 37151551.49164116 135906.5627029972 36852230.32906482 37333473.49030118
1048576 37177430.55039212 49204.9195642105 37095739.33183988 37291075.46035136
