16 1.490163890593976e-05 9.74338091498056e-08 1.476135003031231e-05 1.511229129391722e-05
32 1.730069789118716e-05 9.70434768515852e-08 1.706835610093549e-05 1.743139728205279e-05
64 2.206895214840188e-05 2.462398967792556e-08 2.202029281761497e-05 2.21109003177844e-05
128 3.124798968201503e-05 7.113887584647968e-08 3.111627302132547e-05 3.138811734970659e-05
256 5.056337704445468e-05 4.920639198506452e-08 5.046167643740773e-05 5.065716686658561e-05
512 8.717519631318282e-05 1.145420824076906e-07 8.702976629137993e-05 8.738928590901196e-05
1024 0.0001606124969839584 1.747795076487412e-07 0.0001603034324944019 0.0001609125756658614
2048 0.0003070637030759826 4.151396664385818e-07 0.0003065267810598016 0.0003078184090554714
4096 0.0005998808919684961 6.425928430465012e-07 0.0005989042110741138 0.0006015868857502937
8192 0.001185296016046777 1.044912389149549e-06 0.001183786895126104 0.001187281217426062
16384 0.002357851306442171 2.023686020590099e-06 0.002355760894715786 0.002362558618187904
32768 0.004679187317378819 1.819623146631747e-05 0.004636147990822792 0.004698937758803368
65536 0.00917162885889411 9.661996181259442e-05 0.008919265121221542 0.009277906268835068
131072 0.01853694301098585 0.0001745209497277247 0.01809431612491608 0.01877562701702118
262144 0.03746154997497797 0.0001993689968569773 0.03703118860721588 0.03765386343002319
524288 0.07495363056659698 0.0004193426364904713 0.07396024465560913 0.07545211911201477
1048576 0.1503842771053314 0.0002308759500781982 0.1501392722129822 0.151074230670929


16 1073750.329277782 7003.182167189105 1058740.841399747 1083911.699617184
32 1849691.23733996 10434.43237008429 1835767.923948754 1874814.411579222
64 2900005.142506875 3236.742183649793 2894499.956138062 2906410.034148305
128 4096283.42296986 9328.427300201398 4077976.342891318 4113603.191239371
256 5062957.464788401 4926.239990534489 5053579.105089319 5073156.860286646
512 5873239.746409276 7709.66128516724 5858841.786773318 5883044.638839991
1024 6375600.630596741 6939.354576693082 6363703.991205506 6387885.674474
2048 6669637.233624406 9011.28342613333 6653273.292796901 6681308.539890507
4096 6828029.458155016 7306.649166993111 6808659.059931976 6839157.121059421
8192 6911358.729320602 6091.571810351927 6899797.520388349 6920164.46011369
16384 6948704.210647464 5956.739272893343 6934854.387895196 6954865.426602079
32768 7003025.12527739 27337.74490864841 6973490.963699146 7067936.585472234
65536 7146266.645126072 76240.42110211072 7063662.652007875 7347690.545050698
131072 7071446.940047861 67291.47281340674 6980965.26316675 7243821.711477252
262144 6997868.68386343 37491.46781383357 6961941.647426816 7079005.828857427
524288 6995037.941791357 39401.0542602584 6948618.622913057 7088781.310030971
1048576 6972659.186349384 10678.15712744932 6940799.866020938 6984022.131881176
