16 1.906211582536343e-05 7.155456240483971e-08 1.888180850073695e-05 1.920241629704833e-05
32 1.980055276362691e-05 9.689416699924106e-08 1.963670365512371e-05 2.018758095800877e-05
64 2.133077941834927e-05 1.112835528061109e-07 2.11610458791256e-05 2.167769707739353e-05
128 2.436919749015942e-05 9.416447883216631e-08 2.41580419242382e-05 2.457201480865479e-05
256 3.04655113723129e-05 1.087454580943011e-07 3.02586704492569e-05 3.067124634981155e-05
512 4.264776362106204e-05 9.110698754144902e-08 4.24310564994812e-05 4.286691546440125e-05
1024 6.700202357023954e-05 2.178138103311249e-07 6.622076034545898e-05 6.749853491783142e-05
2048 0.0001157307997345924 4.049889715065154e-07 0.0001129060983657837 0.0001160949468612671
4096 0.0002129985950887203 4.341372102772495e-07 0.0002119988203048706 0.0002139359712600708
8192 0.0004064762033522129 9.594708833130107e-07 0.0004035234451293945 0.000409245491027832
16384 0.0007875524461269379 5.453101152376624e-06 0.0007705092430114746 0.0007979869842529297
32768 0.001538688316941261 1.268756141099311e-05 0.001521944999694824 0.001558065414428711
65536 0.003050129860639572 2.471419037663437e-05 0.003024458885192871 0.003099560737609863
131072 0.006085475906729698 4.620343902738174e-05 0.006045103073120117 0.006219029426574707
262144 0.01215832307934761 8.471492578241946e-05 0.0120694637298584 0.0123755931854248
524288 0.02455493435263634 0.0002425955421713887 0.02409803867340088 0.02536404132843018
1048576 0.04919105768203735 0.0004227144118198283 0.04825496673583984 0.05061793327331543
