16 7.951271072670352e-06 1.546313492066393e-08 7.914459274616092e-06 7.970596925588325e-06
32 8.482319117320003e-06 2.020431020554817e-08 8.450610039290041e-06 8.517577953170985e-06
64 9.494419373368146e-06 1.540329213723688e-08 9.467927156947553e-06 9.523650078335777e-06
128 1.152058644038334e-05 2.015424221833292e-08 1.148513547377661e-05 1.154795972979628e-05
256 1.556037159389234e-05 2.721361641682127e-08 1.551953027956188e-05 1.560294185765088e-05
512 2.377095506744809e-05 2.561009695659957e-08 2.373956522205845e-05 2.3840089852456e-05
1024 4.004228594567394e-05 4.584648008035968e-08 3.998058673460037e-05 4.013023863080889e-05
2048 7.261867176566739e-05 1.091131800258143e-07 7.238367106765509e-05 7.278102566488087e-05
4096 0.0001376994368911255 1.553615394723501e-07 0.0001374240382574499 0.0001379260211251676
8192 0.0002684826613403857 4.063890155401965e-07 0.0002678282326087356 0.0002692162524908781
16384 0.0005354456952773035 4.162192623450456e-07 0.000534802908077836 0.0005360448267310858
32768 0.001064640207914636 1.08590411000911e-06 0.001062658149749041 0.001066493801772594
65536 0.002119721262715757 3.604633173507449e-06 0.002113773487508297 0.002125234343111515
131072 0.004228887730278075 6.125403969227721e-06 0.004220038652420044 0.004238532856106758
262144 0.008543366799131036 1.215661663908437e-05 0.008530966937541962 0.00858340784907341
524288 0.01706607360392809 1.81224023483037e-05 0.01703884452581406 0.01710455864667892
1048576 0.03422803804278374 4.522751275515901e-05 0.03411169350147247 0.0342903733253479


16 2012264.036600041 3919.856699075744 2007377.885166237 2021616.315762281
32 3772573.266102296 8992.776654077861 3756936.558248558 3786708.87086495
64 6740818.519737755 10937.67373135553 6720112.506609836 6759663.328528767
128 11110577.40442215 19444.20739431711 11084209.07199147 11144840.24087095
256 16452096.42318521 28763.79337826372 16407162.33743259 16495344.60054721
512 21538913.98264074 23177.67388520078 21476429.12290676 21567370.55673864
1024 25572996.98571338 29263.82020224075 25516917.78911706 25612430.52278171
2048 28202172.90868521 42402.85461650529 28139202.23424694 28293674.10898225
4096 29745981.41593492 33578.45638866988 29697079.39506852 29805556.96032279
8192 30512277.96259408 46171.7754562014 30429069.28614041 30586767.94528796
16384 30598825.28979073 23787.36488467523 30564608.00100074 30635585.09598726
32768 30778503.12698863 31402.09937963399 30724979.31590139 30835880.76536048
65536 30917356.36149736 52574.3063449847 30837069.9035712 31004268.14287155
131072 30994499.29205277 44886.27414988176 30923907.9770622 31059431.15588167
262144 30683980.00209707 43522.29666975856 30540783.40554431 30728521.38793213
524288 30721100.01432277 32610.15544508766 30651945.53276576 30770161.62719821
1048576 30635051.80331401 40531.52629746959 30579311.28515532 30739488.20379548
