16 1.372540782540455e-05 1.914779289553827e-08 1.36882190417964e-05 1.376342697767541e-05
32 1.491701732447837e-05 2.111346565050144e-08 1.487033296143636e-05 1.494508251198567e-05
64 1.727492872305447e-05 3.026928572567042e-08 1.722808519843966e-05 1.735217665554956e-05
128 2.194479611716815e-05 2.495846224229927e-08 2.188506914535537e-05 2.198751462856308e-05
256 3.134290545858676e-05 3.063114784090093e-08 3.128638491034508e-05 3.139575710520148e-05
512 5.01733084092848e-05 6.119024048950368e-08 5.005176353733987e-05 5.028386658523232e-05
1024 8.76808408065699e-05 5.049002151897608e-08 8.764697122387588e-05 8.78651044331491e-05
2048 0.0001632593048270792 1.512619712584878e-06 0.0001626975135877728 0.0001687846961431205
4096 0.0003142131026834249 2.247615747426597e-06 0.0003127675736322999 0.0003205111715942621
8192 0.0006140320911072195 1.875736624636227e-06 0.0006130156107246876 0.0006201122887432575
16384 0.001213472394738346 2.752888026293767e-08 0.001213437411934137 0.001213546842336655
32768 0.002422447258140892 1.529981746317428e-05 0.002414199523627758 0.002458109520375729
65536 0.004818022134713829 7.140094974693774e-06 0.004815749824047089 0.004844257608056068
131072 0.009652607142925262 0.0001135091490838361 0.009617969393730164 0.01006806269288063
262144 0.01925094285979867 6.805184810691245e-05 0.01922234892845154 0.01948308944702148
524288 0.03863029088824987 0.0002952731775903949 0.03843717277050018 0.03952318429946899
1048576 0.07723644748330116 0.0006794475265110184 0.07690677046775818 0.07928574085235596


16 1165723.408525953 1626.293777040166 1162501.17256061 1168888.366787869
32 2145205.000736241 3039.355212378552 2141172.521084216 2151935.675077785
64 3704801.623696726 6483.422495197315 3688298.089077579 3714864.377719496
128 5832824.995692537 6637.922176837536 5821485.609552272 5848736.375921627
256 8167724.896779965 7983.215962085089 8153968.039126767 8182473.006504235
512 10204643.26543697 12442.32039129746 10182192.31673738 10229409.79128608
1024 11678723.74766736 6712.73324738469 11654228.451741 11683233.15342416
2048 12545441.50875033 112873.1673163182 12133801.50451202 12587776.88016194
4096 13036356.99262874 92154.73996785976 12779585.74618785 13095986.74962193
8192 13341438.17900171 40479.84595449387 13210510.65864573 13363444.35065149
16384 13501749.26017803 306.2936180547875 13500920.96029273 13502138.5024589
32768 13527318.20278273 84699.74358034047 13330569.58137135 13573028.93953037
65536 13602289.99519457 20060.19292750464 13528595.1537781 13608680.34978704
131072 13580617.84823526 153825.7592041582 13018591.95738661 13627824.60978138
262144 13617361.20469695 47688.7045025595 13454950.28972809 13637459.23954139
524288 13572673.36941054 102311.0208534749 13265327.91557091 13640129.130475
1048576 13577148.62361185 117317.3559018413 13225278.45142588 13634378.26894054
