16 0.0001058769767041667 5.041349350328876e-08 0.000105803192127496 0.0001062077935785055
32 0.0001063293384504505 3.510985768274617e-08 0.0001062743831425905 0.0001064125681295991
64 0.0001071538754331414 3.900345143379555e-08 0.0001070662401616573 0.000107241328805685
128 0.0001088602657546289 1.566100037704422e-07 0.000108656007796526 0.0001100138761103153
256 0.0001122686662711203 7.925130546282436e-08 0.0001121293753385544 0.0001126797869801521
512 0.0001190677867271006 6.714629906429595e-08 0.0001188758760690689 0.0001191813498735428
1024 0.0001328550279140472 1.126382795020795e-07 0.0001326091587543488 0.000133216381072998
2048 0.0001603093696758151 1.361084540420202e-07 0.0001600012183189392 0.0001609101891517639
4096 0.0002155741676688194 1.863401879891831e-07 0.000215187668800354 0.0002161860466003418
8192 0.000326882116496563 5.006694071373677e-07 0.000326007604598999 0.0003293752670288086
16384 0.0005507096648216248 1.968386248751838e-06 0.0005472302436828613 0.0005552768707275391
32768 0.0009949728846549988 5.176679099058676e-06 0.0009895563125610352 0.00100398063659668
65536 0.001881655305624008 5.852923832771129e-06 0.001863956451416016 0.001891493797302246
131072 0.00366361066699028 1.58481931520069e-05 0.003650546073913574 0.003690481185913086
262144 0.007226519286632538 3.937868956578727e-05 0.007142066955566406 0.007283568382263184
524288 0.01436972804367542 0.0001022984324201856 0.01429355144500732 0.01453197002410889
1048576 0.02866412699222565 0.0001849463092102097 0.02846598625183105 0.02953851222991943
