16 3.486741263714066e-06 1.186603853344814e-08 3.470199771982152e-06 3.51408016285859e-06
32 4.383229907034547e-06 1.858022940880707e-08 4.358322257758118e-06 4.432136847754009e-06
64 6.089312591939233e-06 1.131463025795357e-08 6.071426469134167e-06 6.105788997956552e-06
128 9.572074759489624e-06 1.184660646674809e-08 9.542680345475674e-06 9.592800779500976e-06
256 1.648536590437288e-05 2.135423062688755e-08 1.645138399908319e-05 1.652150967856869e-05
512 3.032731046914705e-05 3.864814271583858e-08 3.02851913147606e-05 3.044634649995714e-05
1024 5.799303016829072e-05 2.780804050816062e-08 5.795843026135117e-05 5.806195258628577e-05
2048 0.0001133555360866012 9.12794213158794e-08 0.0001131573517341167 0.0001135488273575902
4096 0.0002244608331238851 1.218603806315982e-07 0.0002242641639895737 0.0002246525837108493
8192 0.0004476103858905844 2.273049805539397e-07 0.0004472627770155668 0.0004481523064896464
16384 0.0008933477802202106 1.443174408498382e-07 0.0008931718766689301 0.0008937090169638395
32768 0.001785380532965064 6.778943419112475e-07 0.001784589607268572 0.001786661799997091
65536 0.003571411652956158 3.206384459212591e-06 0.003567542880773544 0.003577547147870064
131072 0.007133642211556435 5.510853471476176e-06 0.007114037871360779 0.007138757035136223
262144 0.01426877686753869 5.95001595018926e-06 0.01426557824015617 0.01428954675793648
524288 0.02854366879910231 2.466126149027382e-05 0.02852468937635422 0.02862440794706345
1048576 0.05713154003024101 5.535348089724787e-05 0.05708463490009308 0.05731412768363953


16 4588861.706127388 15593.25095942926 4553111.841075509 4610685.566053427
32 7300674.961967885 30819.49930800667 7219993.673303667 7342274.872638838
64 10510251.54870921 19524.00804935581 10481855.82918426 10541180.12057995
128 13372250.75975223 16565.10745794975 13343339.75469661 13413422.15876346
256 15528948.7722445 20111.35178600268 15494952.03407937 15561000.82608651
512 16882498.63863514 21464.35353794547 16816467.61790354 16905952.30780194
1024 17657298.08695488 8463.636257315025 17636334.19799714 17667835.29820409
2048 18067059.761469 14546.05704314114 18036293.7042969 18098691.50006391
4096 18248177.53157118 9906.236546129565 18232596.89402001 18264175.27942818
8192 18301635.16709544 9289.476033478943 18279499.80703549 18315854.61831285
16384 18340002.36360632 2962.071157164542 18332588.89527677 18343613.84183284
32768 18353512.77928576 6966.926501514437 18340348.46441187 18361644.52966501
65536 18350180.78558698 16464.32254478635 18318696.38364309 18370066.51081653
131072 18373794.14471086 14225.92740880033 18360619.27235752 18424416.9584282
262144 18371865.02515546 7652.100233638222 18345158.48827774 18375981.37186552
524288 18367938.95673413 15834.96166037295 18316116.82482978 18380147.56558972
1048576 18353731.0577834 17740.6738132194 18295244.86157919 18368795.76851406
