16 3.398658918740693e-05 2.805744953634037e-08 3.394049417693168e-05 3.404388553462923e-05
32 3.459597701294115e-05 2.382819900563854e-08 3.456170088611543e-05 3.465387271717191e-05
64 3.580447810236365e-05 1.357653398196229e-08 3.578100586310029e-05 3.582361387088895e-05
128 3.820480924332514e-05 2.894552424593157e-08 3.814868978224695e-05 3.827166801784188e-05
256 4.294867176213302e-05 2.416024850509119e-08 4.291314689908177e-05 4.299292049836367e-05
512 5.250038248050259e-05 4.635123594981126e-08 5.24207716807723e-05 5.259900353848934e-05
1024 7.144976189010777e-05 1.138794994255105e-07 7.12900364305824e-05 7.160549284890294e-05
2048 0.0001103947888623225 2.154120838563594e-07 0.000110098859295249 0.0001107209536712617
4096 0.0001867278442659881 4.144836179296171e-07 0.0001861733035184443 0.0001876303576864302
8192 0.0003425828253966756 1.222186150186927e-06 0.0003403467126190662 0.0003443666500970721
16384 0.0006518508162116632 2.817957593226208e-06 0.0006478603463619947 0.0006568192038685083
32768 0.001291335123823956 1.086994147305761e-05 0.00127245532348752 0.001314665656536818
65536 0.002479245362337679 4.583732390650165e-06 0.002471894025802612 0.002486968412995338
131072 0.004912473843432963 7.684323956807473e-06 0.004893671721220016 0.004920750856399536
262144 0.009786015842109919 2.005051296496161e-05 0.009739015251398087 0.009813155978918076
524288 0.01958218356594443 5.505721609948662e-05 0.01946959644556046 0.01966900378465652
1048576 0.03914846200495958 0.0001392397351118869 0.03893119096755981 0.03941555321216583


16 470774.2260370369 388.549251710613 469981.6060574197 471413.2892877769
32 924963.4491375518 636.7437887358169 923417.7161429683 925880.3583030675
64 1787486.147537173 677.8577230200491 1786531.09177262 1788658.492298032
128 3350365.344114016 2537.819809687644 3344510.616582681 3355292.166798522
256 5960605.192975991 3352.583717935008 5954468.713279049 5965537.801318359
512 9752317.028838022 8608.711028156869 9734024.706862437 9767120.620007951
1024 14331782.37622817 22838.11700511191 14300578.89777779 14363858.55963343
2048 18551666.51286662 36186.09418199642 18496950.50568889 18601464.29408443
4096 21935769.19675514 48624.61296676064 21830156.11389111 22001006.17323045
8192 23912751.27458943 85438.33229060311 23788598.56984058 24069572.8686791
16384 25135025.13550645 108504.7805567603 24944459.45475125 25289400.85931015
32768 25376964.15696805 212478.2656417173 24924968.44126872 25751788.21224946
65536 26433934.67886705 48859.44422073538 26351762.11227691 26512463.44540226
131072 26681526.50603741 41790.95420509839 26636585.31492978 26783978.87452146
262144 26787718.03420486 54957.72993187876 26713526.26649088 26916889.77100306
524288 26773923.72354968 75347.65798702082 26655544.21261481 26928549.92993707
1048576 26784920.21559502 95232.95879017733 26603102.44424912 26934084.82863385
