16 5.830824306940485e-06 1.491236375124096e-08 5.813597454107367e-06 5.869880624231882e-06
32 6.483144716185052e-06 2.015156861011857e-08 6.453705282183364e-06 6.516936991829425e-06
64 7.770944421281456e-06 1.95059735113828e-08 7.746002665953711e-06 7.805359928170219e-06
128 1.035247169056674e-05 1.617845170406153e-08 1.033152875606902e-05 1.039164999383502e-05
256 1.55362131408765e-05 1.779159450119006e-08 1.550155866425484e-05 1.555813651066273e-05
512 2.588484130683355e-05 2.207851934881148e-08 2.583996683824807e-05 2.591430529719219e-05
1024 4.658712350646965e-05 4.531700158224962e-08 4.651898052543402e-05 4.670178168453276e-05
2048 8.802931006357539e-05 5.435467246057483e-08 8.796728798188269e-05 8.812340092845261e-05
4096 0.0001710808865027502 4.638846745695509e-08 0.0001709862845018506 0.0001711672521196306
8192 0.0003374293810338713 1.150705379890152e-07 0.000337166478857398 0.0003376059466972947
16384 0.0006744601996615529 2.655699975530498e-07 0.0006739208474755287 0.0006750128231942654
32768 0.001345596014289185 3.291036659696213e-07 0.001344847492873669 0.001346162054687738
65536 0.002686342399101704 1.355629685375504e-06 0.002683293074369431 0.002687761560082436
131072 0.005369470338337123 2.44958445457571e-06 0.005365561693906784 0.005373906344175339
262144 0.01073415786959231 3.076954473058032e-06 0.01072437688708305 0.01073778048157692
524288 0.02146881027147174 8.430578031025834e-06 0.0214516893029213 0.02148734033107758
1048576 0.04297038167715073 2.524590596834873e-05 0.04288530349731445 0.04299493134021759


16 2744054.169854471 6992.213759709915 2725779.453495056 2752168.537003854
32 4935920.900218122 15324.134989578 4910282.244575915 4958391.9005942
64 8235855.784673007 20646.82344357737 8199493.756722027 8262326.100312558
128 12364225.32147097 19292.60585308093 12317581.9120099 12389260.39138296
256 16477652.09043251 18881.62441317706 16454412.76495749 16514468.35409605
512 19779930.00826075 16876.69854754945 19757427.18657695 19814266.9146983
1024 21980342.00434078 21364.67267180825 21926358.33290147 22012520.23225516
2048 23264986.74409161 14359.42914559408 23240138.0158123 23281381.60200865
4096 23941893.01953721 6492.106687568918 23929811.04316182 23955137.75817304
8192 24277675.13359885 8280.340210789424 24264975.42516671 24296602.75766839
16384 24292022.55364603 9566.202904691279 24272131.48702623 24311460.40573397
32768 24352035.44743486 5956.858266434234 24341794.42652691 24365588.04893287
65536 24396002.41411328 12316.93031768164 24383115.29315493 24423720.47466371
131072 24410606.13330401 11135.97678958378 24390451.1179407 24428383.732657
262144 24421479.85803143 7004.390917740699 24413238.88579833 24443751.16243244
524288 24420918.95942299 9589.833752512466 24399855.53920378 24440406.18883112
1048576 24402304.53818916 14357.26040525677 24388363.17012928 24450707.22341194
