16 7.124335479602451e-05 3.720053786877707e-07 7.047044346109033e-05 7.295067189261317e-05
32 7.357754293479957e-05 4.110294117229403e-07 7.28237209841609e-05 7.485784590244293e-05
64 7.822565385140479e-05 4.776736873868619e-07 7.694424130022526e-05 7.968838326632977e-05
128 8.752424764679745e-05 6.672143915529493e-07 8.633174002170563e-05 8.994340896606445e-05
256 0.0001061404036590829 8.261226401948638e-07 0.0001047775149345398 0.0001084646210074425
512 0.0001441221102140844 1.158128271589455e-06 0.0001423992216587067 0.000146280974149704
1024 0.000218970759306103 2.996189050586946e-06 0.0002157054841518402 0.0002277828752994537
2048 0.0003677691565826535 6.215251822113023e-06 0.0003630593419075012 0.0003861561417579651
4096 0.000666753388941288 1.325703247842629e-05 0.0006588101387023926 0.0007034987211227417
8192 0.001259111799299717 2.11233495849998e-05 0.001248985528945923 0.001335114240646362
16384 0.00244413036853075 3.723604816990908e-05 0.0024300217628479 0.00259476900100708
32768 0.004834353923797607 9.352435022633049e-05 0.004790544509887695 0.005120515823364258
65536 0.009627038612961769 0.0001959489584842573 0.009513497352600098 0.01016795635223389
131072 0.01936526596546173 0.0004919692933282482 0.01876604557037354 0.02026653289794922
262144 0.0384943038225174 0.0007804236170935845 0.03766953945159912 0.04047954082489014
524288 0.077312171459198 0.001765864957463758 0.07058703899383545 0.08041644096374512
1048576 0.1533881556242704 0.005041357311539967 0.1368600130081177 0.1606794595718384
