16 1.651309867156669e-05 2.053253441755455e-08 1.647969475015998e-05 1.658714609220624e-05
32 1.711777258606162e-05 3.101354593678897e-08 1.703959424048662e-05 1.718802377581596e-05
64 1.829336542868987e-05 6.662455726197419e-08 1.815333962440491e-05 1.845206134021282e-05
128 2.064694126602262e-05 1.371813922681056e-07 2.041226252913475e-05 2.096686512231827e-05
256 2.54155311267823e-05 3.299411353663608e-07 2.482440322637558e-05 2.659298479557037e-05
512 3.469499642960727e-05 7.984726640431936e-07 3.295950591564178e-05 3.715604543685913e-05
1024 5.383352981880307e-05 1.637335138415685e-06 5.051493644714355e-05 5.848333239555359e-05
2048 9.124598000198603e-05 3.20563019200365e-06 8.118897676467896e-05 0.000100158154964447
4096 0.000166779849678278 5.481832972457885e-06 0.0001571178436279297 0.0001844465732574463
8192 0.0003128522075712681 9.786273327656116e-06 0.0002956390380859375 0.0003409981727600098
16384 0.0005987063050270081 1.85392104021412e-05 0.0005620121955871582 0.0006494522094726562
32768 0.001163063570857048 5.252607224382244e-05 0.001079082489013672 0.001401424407958984
65536 0.002284934744238853 6.166431409985971e-05 0.002118945121765137 0.002438545227050781
131072 0.004464467987418175 0.0001582521609051164 0.004144430160522461 0.004970550537109375
262144 0.00888606533408165 0.0002319242294010757 0.008286476135253906 0.00952446460723877
524288 0.01816826499998569 0.0005436849548209892 0.01682054996490479 0.0194249153137207
1048576 0.03660385310649872 0.001160746781022291 0.03318846225738525 0.03925848007202148
