16 4.293408892408479e-06 1.868654779691379e-07 4.026398528367281e-06 4.59764851257205e-06
32 4.866280505666509e-06 1.799185432646776e-07 4.608416929841042e-06 5.187466740608215e-06
64 6.026646587997675e-06 1.710018006086436e-07 5.774432793259621e-06 6.324145942926407e-06
128 8.309049007948488e-06 1.955687990938855e-07 8.029397577047348e-06 8.74372199177742e-06
256 1.287495251744986e-05 1.895851998176939e-07 1.260917633771896e-05 1.319870352745056e-05
512 2.205721102654934e-05 2.068963304744437e-07 2.169609069824219e-05 2.252310514450073e-05
1024 4.039937630295753e-05 2.710163170188359e-07 3.993511199951172e-05 4.110857844352722e-05
2048 7.732876110821962e-05 4.412680191278638e-07 7.643550634384155e-05 7.837265729904175e-05
4096 0.0001509818248450756 7.845944738992405e-07 0.0001495629549026489 0.0001529455184936523
8192 0.0002984865568578243 1.516031003106479e-06 0.0002961456775665283 0.0003014802932739258
16384 0.0005941987037658691 2.763876103733391e-06 0.0005879998207092285 0.0006020069122314453
32768 0.001183707267045975 5.576958989292606e-06 0.001173019409179688 0.001201987266540527
65536 0.002369711175560951 9.637931710475313e-06 0.002349019050598145 0.002394437789916992
131072 0.004728546366095543 1.767118593594577e-05 0.004682540893554688 0.004761099815368652
262144 0.009475743398070335 3.636206655253765e-05 0.009407997131347656 0.009548425674438477
524288 0.01896263845264912 7.760223724602214e-05 0.01883649826049805 0.01913750171661377
1048576 0.03800472989678383 0.0001231995428344279 0.03774404525756836 0.03832054138183594
