16 2.842863636942639e-06 1.763198537193249e-08 2.81321717920946e-06 2.875426616810728e-06
32 3.583063232781569e-06 1.156634054759357e-08 3.566429768397938e-06 3.600910531531554e-06
64 5.091153639114054e-06 1.52591848401122e-08 5.066176527179778e-06 5.11991856910754e-06
128 8.12178313935874e-06 2.106808888736337e-08 8.095455996226519e-06 8.163347956724465e-06
256 1.420361149939708e-05 1.462087766137663e-08 1.418385363649577e-05 1.423527646693401e-05
512 2.635614328028169e-05 2.807517948124768e-08 2.62905887211673e-05 2.639367448864505e-05
1024 5.065132609161083e-05 5.11495860747045e-08 5.051575135439634e-05 5.070384941063821e-05
2048 9.92343502730364e-05 7.676069946195292e-08 9.901172597892582e-05 9.932176908478141e-05
4096 0.0001962255664693657 2.334885907569998e-07 0.0001956562628038228 0.000196399400010705
8192 0.0003904334735125303 4.580926494418625e-07 0.0003893094835802913 0.0003907510545104742
16384 0.0007790902600390837 4.194693764419157e-07 0.0007779961451888084 0.0007795272395014763
32768 0.001556241535581648 2.524870954262688e-06 0.001552062574774027 0.001563982106745243
65536 0.003106474701780826 1.438570958659877e-05 0.003052578307688236 0.003110448829829693
131072 0.006217931746505201 7.819929825924976e-07 0.006216147914528847 0.006218906491994858
262144 0.01243141456507146 9.017835801842668e-06 0.01240260899066925 0.01243626698851585
524288 0.02486570738255978 1.72012001365796e-05 0.0248195007443428 0.02487696707248688
1048576 0.04970511049032211 0.0002085608044647998 0.04898019134998322 0.04979218542575836


16 5628330.776791126 34901.24132008899 5564391.699811961 5687438.608808776
32 8930992.988007903 28829.27093944587 8886641.231374785 8972558.574839002
64 12570930.54092768 37661.97255329469 12500198.80905175 12632801.0199888
128 15760185.18013285 40821.13136535095 15679841.24633098 15811339.10920692
256 18023602.95121036 18540.68514895954 17983493.37258339 18048691.60108217
512 19426231.65918611 20706.53310208672 19398587.34789921 19474649.48123335
1024 20216666.75601057 20443.97771763478 20195705.29461918 20270905.06515612
2048 20638026.4976803 15986.1733506988 20619850.19871948 20684418.73678586
4096 20873964.17691454 24875.23667958015 20855460.86075997 20934673.60207583
8192 20981834.66369342 24655.07852648134 20964754.68316468 21042384.9032963
16384 21029661.51150608 11329.95585462377 21017867.20176437 21059230.3076564
32768 21055909.32151094 34074.20540547999 20951646.3511162 21112550.8291899
65536 21097013.67041498 99302.29978336743 21069628.07794794 21469064.31030475
131072 21079678.46664412 2651.506911728138 21076374.14531307 21085727.33503472
262144 21087232.52412162 15322.22179970697 21078994.22246839 21136198.05294326
524288 21084790.68949071 14604.0931477928 21075237.92881672 21124034.90305915
1048576 21096291.84042625 89589.18815372571 21059047.53996906 21408164.62940093
