16 4.169404064668925e-06 7.110188481109434e-09 4.15853901358787e-06 4.182677002972923e-06
32 4.645525450541754e-06 1.038045770930894e-08 4.631951014744118e-06 4.668641850003041e-06
64 5.603097292805614e-06 7.60628883090067e-09 5.58450301468838e-06 5.615906047751196e-06
128 7.475754728147876e-06 9.647262113639131e-09 7.459342668880709e-06 7.496064426959492e-06
256 1.121755030908389e-05 3.346117185971056e-08 1.117384454119019e-05 1.131950557464734e-05
512 1.871478707471397e-05 7.039422280714193e-08 1.865216472651809e-05 1.894708111649379e-05
1024 3.365578413649928e-05 7.406735871672091e-08 3.354405635036528e-05 3.382629074621946e-05
2048 6.377035970217548e-05 3.283345033316171e-07 6.339806714095175e-05 6.465916521847248e-05
4096 0.0001246324136445764 5.581222015750386e-07 0.0001240388373844326 0.0001260691205970943
8192 0.0002472403648425825 8.516305622832256e-07 0.0002458291128277779 0.0002484926953911781
16384 0.000492485734866932 2.120589687554149e-06 0.0004886612296104431 0.0004982694517821074
32768 0.0009839531849138439 4.261693295732473e-06 0.0009787227027118206 0.0009969528764486313
65536 0.001985005976166576 5.891910315766971e-06 0.001977629028260708 0.001996995881199837
131072 0.003996631712652743 1.245538182302728e-05 0.003980258479714394 0.004016023129224777
262144 0.008018565829843283 2.203373985861075e-05 0.007999237626791 0.008063346147537231
524288 0.0161039000377059 2.425059656759092e-05 0.01606134325265884 0.01612880825996399
1048576 0.03229161258786917 0.0001172945396947564 0.03201924264431 0.03243306279182434


16 3837489.32552483 6539.651460649485 3825301.353326512 3847505.084771503
32 6888381.062072814 15366.03375308034 6854241.77482776 6908535.927547535
64 11422273.66461481 15516.71837832606 11396202.04750894 11460285.69268688
128 17122043.77655607 22082.22207390381 17075626.98362754 17159688.95409476
256 22821571.38891571 67746.93326166003 22615828.78437478 22910646.29155221
512 27358405.40986818 102008.7610683721 27022631.9743939 27449896.96944296
1024 30425814.48484342 66886.79602365602 30272311.19375528 30527017.64224317
2048 32116025.86957261 164133.9114948426 31673777.30721007 32303823.95486473
4096 32865258.29722094 146142.2252954528 32490113.20615499 33021915.44496101
8192 33134117.03300454 114208.3831296892 32966763.82017637 33323961.94155866
16384 33268544.59966725 142673.3828491636 32881807.10537459 33528340.30451157
32768 33302978.68711083 143156.1309302969 32868153.32408381 33480371.82463147
65536 33015789.95245911 97827.37924633975 32817293.5242233 33138672.14906217
131072 32795914.48818066 102072.4156783018 32637262.23242672 32930524.6551237
262144 32692361.24174793 89596.12453735428 32510572.5592676 32771122.97827343
524288 32556654.88401228 49079.30306869018 32506307.4437696 32642848.84224785
1048576 32472488.1672956 118291.4378904991 32330464.95578958 32748307.37404521
