16 7.883678972575581e-05 2.842821978355105e-08 7.880345219746232e-05 7.898948388174176e-05
32 7.916146205388941e-05 1.438501967577787e-08 7.913331501185894e-05 7.91923375800252e-05
64 7.974341860972345e-05 1.847321080952442e-08 7.970607839524746e-05 7.979781366884708e-05
128 8.094406803138554e-05 2.121859372746555e-08 8.090445771813393e-05 8.099013939499855e-05
256 8.33666417747736e-05 4.179355606488909e-08 8.331239223480225e-05 8.351169526576996e-05
512 8.81838786881417e-05 6.307582656122409e-08 8.810125291347504e-05 8.836761116981506e-05
1024 9.781843982636929e-05 8.327324412077131e-08 9.770318865776062e-05 9.832531213760376e-05
2048 0.0001171960029751062 6.748705593319708e-08 0.0001170262694358826 0.0001175627112388611
4096 0.0001562857069075108 1.585509415328462e-07 0.0001560002565383911 0.0001567453145980835
8192 0.0002353424206376076 2.788368264231991e-07 0.0002348721027374268 0.0002362430095672607
16384 0.0003932788968086243 5.531076950659376e-07 0.0003924965858459473 0.0003954768180847168
32768 0.0007085613906383514 9.45173217694319e-07 0.0007073879241943359 0.0007104873657226562
65536 0.001339301466941833 7.694926552389893e-07 0.001337409019470215 0.001340985298156738
131072 0.002600682899355888 1.070698439394915e-06 0.002599000930786133 0.002604007720947266
262144 0.005124833434820175 1.284181356452689e-06 0.005122542381286621 0.005128979682922363
524288 0.01018207706511021 1.587743301668912e-06 0.01017999649047852 0.01018798351287842
1048576 0.0203209649771452 2.329693439780849e-06 0.02031552791595459 0.02032899856567383
