16 5.190892807149794e-06 3.60220859748972e-08 5.063717253506184e-06 5.268782842904329e-06
32 6.43629755359143e-06 8.152170935838719e-08 6.253947503864765e-06 6.621587090194225e-06
64 8.944312867242843e-06 1.152735309386763e-07 8.631963282823563e-06 9.179580956697464e-06
128 1.394565333612263e-05 1.847729144539636e-07 1.352326944470406e-05 1.449836418032646e-05
256 2.393026079516858e-05 3.878744646177274e-07 2.244114875793457e-05 2.458970993757248e-05
512 4.386951331980526e-05 6.65978615679348e-07 4.236772656440735e-05 4.519522190093994e-05
1024 8.372584125027061e-05 1.758681314960457e-06 7.892400026321411e-05 8.748471736907959e-05
2048 0.0001634068321436644 3.335986566986637e-06 0.0001553073525428772 0.0001709014177322388
4096 0.0003238031640648842 7.300419509100305e-06 0.000309184193611145 0.0003458112478256226
8192 0.000641790684312582 1.318206095201134e-05 0.0006147623062133789 0.0006893575191497803
16384 0.001291305758059025 2.735974288278241e-05 0.00122600793838501 0.00136101245880127
32768 0.002610132098197937 5.542124197897285e-05 0.00250852108001709 0.002789020538330078
65536 0.005269192159175873 9.941725733211322e-05 0.005080580711364746 0.005490899085998535
131072 0.01055838726460934 0.000169823564198122 0.01024854183197021 0.01091349124908447
262144 0.02134224772453308 0.0002925978992203717 0.02054846286773682 0.02211344242095947
524288 0.04249341227114201 0.0005276730664411612 0.04158294200897217 0.04361844062805176
1048576 0.08483039774000645 0.001107983190481368 0.08152151107788086 0.08732402324676514
