16 5.673014356943895e-06 6.868571617475802e-09 5.662475814460777e-06 5.685775249730796e-06
32 6.56904671814118e-06 9.063719248273366e-09 6.55264375382103e-06 6.58242788631469e-06
64 8.250253131336649e-06 1.749335197257031e-08 8.220384188462049e-06 8.277296728920192e-06
128 1.160198394245526e-05 2.791760472995139e-08 1.154324490926228e-05 1.165393041446805e-05
256 1.827100140872062e-05 1.0143985869107e-07 1.813699054764584e-05 1.856951712397859e-05
512 3.164204281347338e-05 1.981335944784319e-07 3.122675116173923e-05 3.193749580532312e-05
1024 5.830335067003034e-05 3.575175121348507e-07 5.788073758594692e-05 5.924719152972102e-05
2048 0.0001117836582125165 7.838932413938028e-07 0.0001106183044612408 0.0001139014784712344
4096 0.0002196550412918441 1.780674035116229e-06 0.0002173857646994293 0.0002241256879642606
8192 0.000435203401139006 2.80448835462735e-06 0.0004300903528928757 0.0004402631893754005
16384 0.0008705199870746583 4.611608741888235e-06 0.0008629343938082457 0.000878168037161231
32768 0.00174000216065906 1.089087228648759e-05 0.001721308566629887 0.001763169653713703
65536 0.00345288246171549 5.100672913528824e-05 0.003389086574316025 0.003534735180437565
131072 0.00692356051877141 9.544318195128996e-05 0.006783828139305115 0.007090132683515549
262144 0.01398862060159445 9.388873191051079e-05 0.01374592259526253 0.01415913924574852
524288 0.02777766808867455 0.0002172900645547516 0.0274374708533287 0.02812421321868896
1048576 0.05558023788034916 0.000422065671740381 0.05463500320911407 0.05641500651836395


16 2820373.962034726 3413.20379696397 2814040.17873509 2825619.132736842
32 4871339.557807675 6723.975795588064 4861428.116292797 4883525.062893874
64 7757370.442686296 16450.36081536788 7731992.955669848 7785524.196038064
128 11032655.78214015 26563.12953990665 10983418.93659253 11088736.40004753
256 14011675.64406498 77242.56431150537 13786034.2996981 14114800.32078577
512 16181599.4208273 101545.626129632 16031313.26015433 16396198.16189304
1024 17563928.04273903 106980.2775074185 17283519.66668861 17691550.63857757
2048 18321942.53508572 127591.604309514 17980451.4172063 18514114.91049922
4096 18648561.14631487 150043.7898253198 18275459.79759872 18842080.14109561
8192 18824114.89659547 121266.1708938738 18607051.86736587 19047160.54405529
16384 18821430.12653994 99717.32553034683 18657021.55701655 18986379.63390844
32768 18832851.41098792 117743.7970506635 18584711.87442564 19036679.78842153
65536 18983951.18901232 279239.047625782 18540568.57291564 19337363.7890104
131072 18934663.96140247 260331.4891498869 18486536.9733828 19321244.18668219
262144 18740597.43884968 126199.7178058775 18514119.78159 19070673.3711964
524288 18875525.85704091 147724.9772182368 18641872.60718116 19108466.76804373
1048576 18867009.19986094 143706.61662696 18586827.59628278 19192384.70594762
