16 3.063572080463928e-06 9.118538622365456e-09 3.04250352201052e-06 3.077083420066629e-06
32 3.89649858334451e-06 1.988444702884013e-08 3.864004611386918e-06 3.927720172214322e-06
64 5.613810571958311e-06 4.808794917411753e-08 5.514091753866524e-06 5.678017259924673e-06
128 9.016501508085639e-06 1.466119789241741e-07 8.740113116800785e-06 9.262388630304486e-06
256 1.607652848178986e-05 2.641717935039697e-07 1.545144914416596e-05 1.65585006470792e-05
512 2.950219823105726e-05 4.606668061564255e-07 2.87314469460398e-05 3.055779961869121e-05
1024 5.720719764212845e-05 7.954829960464042e-07 5.586864426732063e-05 5.852112371940166e-05
2048 0.0001118443888117326 2.134787665454752e-06 0.0001077984634321183 0.0001144228444900364
4096 0.0002213364532508422 3.156086919420359e-06 0.0002151047228835523 0.000226883334107697
8192 0.0004403089915285818 5.909618410361164e-06 0.0004306142218410969 0.0004484629025682807
16384 0.000885544010088779 1.612015251638434e-05 0.0008418632205575705 0.0009187930263578892
32768 0.001777805533492938 3.079696348196802e-05 0.001721740234643221 0.001819763798266649
65536 0.003545335261151195 4.819206111215087e-05 0.003457168117165565 0.003659218549728394
131072 0.007064500125125051 9.96244836244771e-05 0.006884360685944557 0.007251640781760216
262144 0.01421313709579408 0.0002330969150090545 0.01369974762201309 0.01455534249544144
524288 0.02837294805794954 0.0004267683920987626 0.027903713285923 0.02946536988019943
1048576 0.05602758750319481 0.0009293062144929153 0.05455662310123444 0.05827456712722778


16 5222704.98865547 15580.09975794971 5199729.034207838 5258827.108744651
32 8212701.818691343 41896.03428474921 8147219.913062043 8281563.615555353
64 11401243.48193595 98072.70814126125 11271540.23495326 11606625.87000347
128 14199713.13809855 230924.6474956513 13819329.45257904 14645119.38111539
256 15927903.87301805 264146.8071243092 15460336.98680059 16568025.27785289
512 17358584.22206798 269567.1280428382 16755133.104768 17820195.44513652
1024 17903081.228061 248236.1152101227 17497955.18127603 18328706.79840303
2048 18317498.09988796 354504.1382622923 17898523.75308092 18998415.51349797
4096 18509306.81391271 265121.787936798 18053331.31280462 19041887.8074443
8192 18608273.89719173 250962.6564995767 18266839.80566872 19023988.49015017
16384 18507446.71810198 341546.1086095809 17832090.06814783 19461593.76002766
32768 18436937.36938516 321782.5426712669 18006732.53925151 19031906.98612569
65536 18488318.59111885 249888.1245502878 17909834.8757727 18956555.70656226
131072 18557075.26278306 261931.4253111413 18074805.95697467 19039095.41921633
262144 18448488.94548086 306198.1290910445 18010156.75736249 19134951.03944693
524288 18482295.05407531 272964.8981583871 17793362.24631338 18789183.88487368
1048576 18720131.31949506 307449.0992338082 17993715.81277815 19219957.91517885
