16 3.608146380429389e-05 2.176857013648653e-07 3.555178409442306e-05 3.627978730946779e-05
32 3.658043533505406e-05 1.666607830515762e-07 3.6463956348598e-05 3.703753463923931e-05
64 3.890338848577812e-05 2.643786803018793e-07 3.829505294561386e-05 3.96182294934988e-05
128 4.26422047894448e-05 3.038691141922361e-07 4.192953929305077e-05 4.302151501178741e-05
256 5.005071579944342e-05 3.477285228762664e-07 4.925020039081573e-05 5.049258470535278e-05
512 6.497802678495646e-05 5.046784595792147e-07 6.392970681190491e-05 6.563402712345123e-05
1024 9.471277007833123e-05 7.092285609891678e-07 9.349733591079712e-05 9.574741125106812e-05
2048 0.0001537995412945747 1.241399720263887e-06 0.0001513734459877014 0.0001559332013130188
4096 0.0002724698279052973 2.044814943064584e-06 0.0002680718898773193 0.0002761185169219971
8192 0.0005095461383461952 4.373499675087346e-06 0.0005013644695281982 0.0005174875259399414
16384 0.0009891269728541374 9.130292845253408e-06 0.0009599924087524414 0.00100475549697876
32768 0.001951854676008224 2.537572284807703e-05 0.001875996589660645 0.001996040344238281
65536 0.003853846341371536 6.275730362535916e-05 0.003708481788635254 0.003952980041503906
131072 0.007753612473607063 0.0001387398254919462 0.007542014122009277 0.008295059204101562
262144 0.01557312905788422 0.000377469063332005 0.01502203941345215 0.01716852188110352
524288 0.03153798915445805 0.0009973586567000781 0.02994751930236816 0.03511810302734375
1048576 0.06453989073634148 0.002468311924807466 0.06034946441650391 0.07310199737548828
