16 3.880837994074682e-06 3.791542663774061e-08 3.828834451269358e-06 3.976234438596293e-06
32 4.57749672477803e-06 4.305675890543344e-08 4.516517947195098e-06 4.683668521465734e-06
64 5.986600626783911e-06 5.344076461989501e-08 5.911109838052653e-06 6.138350727269426e-06
128 8.842715715218219e-06 5.597592784688511e-08 8.767518011154607e-06 9.001527359941974e-06
256 1.446951796424401e-05 6.378462338208071e-08 1.435146987205371e-05 1.455499295843765e-05
512 2.577329041741905e-05 1.048695147799696e-07 2.559426502557471e-05 2.594925172161311e-05
1024 4.809261281479849e-05 2.69796531781263e-07 4.755322879645973e-05 4.875176819041371e-05
2048 9.336618859379087e-05 6.268883359623588e-07 9.242407395504415e-05 9.456102270632982e-05
4096 0.0001840011900640093 1.036071998262703e-06 0.0001822546473704278 0.0001853686408139765
8192 0.0003659400172182359 1.938531234159897e-06 0.0003621000796556473 0.0003696259809657931
16384 0.0007306515763048083 5.792113270138326e-06 0.0007230604533106089 0.0007396133150905371
32768 0.001450560055673122 8.554451094209519e-06 0.001440128777176142 0.001465476583689451
65536 0.002916903351433575 2.09505175920537e-05 0.002885926514863968 0.002950054593384266
131072 0.005809159833006561 3.225599110127747e-05 0.00572790764272213 0.005849249660968781
262144 0.01163316238671541 7.306081316502474e-05 0.01152404770255089 0.01180337369441986
524288 0.02325708931311965 0.0001440141757586604 0.0229913741350174 0.0234917476773262
1048576 0.04646471329033375 0.000259847538974619 0.04600794613361359 0.04699212312698364


16 4123187.151369494 39990.05188717184 4023907.605822253 4178817.393030817
32 6991294.083991772 65053.74014165191 6832251.226435157 7085104.13865908
64 10691330.3448577 94316.7206186979 10426253.37709722 10827070.00096687
128 14475730.2119651 90843.38808812978 14219809.02592348 14599342.69164318
256 17692688.39657485 78139.98601308971 17588466.08383927 17837894.11692965
512 19865835.53781072 80849.87948271762 19730819.42758124 20004481.45271572
1024 21292878.2396507 119201.3024163809 21004366.36473329 21533763.86665536
2048 21936061.37809519 147089.4010935276 21657972.1896653 22158728.91511106
4096 22261387.95310643 125476.1544033554 22096509.86280074 22474049.68321596
8192 22386770.82929735 118471.9438656094 22162944.22430799 22623579.66833504
16384 22425138.06711688 177250.9884377336 22152116.0662101 22659239.52137629
32768 22590630.13957431 132886.8334642542 22359961.50651825 22753520.74017486
65536 22468747.89212486 161197.6076979621 22215182.10102611 22708824.93454243
131072 22563642.52557813 125857.9913591976 22408344.24877177 22883050.526581
262144 22535029.41874897 140988.170805962 22209243.45756592 22747562.9020499
524288 22543957.65367442 139520.1343428847 22317964.89564857 22803682.67338464
1048576 22567807.22448074 125993.3861413468 22313867.30849559 22791193.43764633
