16 0.0007720671583228977 3.095416280862839e-07 0.00077153614256531 0.0007729008793830872
32 0.0007747299168840982 3.441084397895077e-07 0.0007742411689832807 0.0007756372215226293
64 0.0007800329403835349 3.614636184385544e-07 0.0007796990685164928 0.0007816415745764971
128 0.0007908646584837697 3.196887200477615e-07 0.0007903492078185081 0.0007924861274659634
256 0.0008125602325890213 3.760069443126003e-07 0.0008120434358716011 0.0008145589381456375
512 0.0008560760470572859 3.276276064454502e-07 0.0008555632084608078 0.0008569993078708649
1024 0.0009433586383238435 8.096277771295868e-07 0.0009423308074474335 0.0009483136236667633
2048 0.00111798569560051 7.900906033939023e-07 0.001116469502449036 0.001120030879974365
4096 0.001467881491407752 1.6452013714621e-06 0.001465067267417908 0.00147324800491333
8192 0.0021686558611691 2.667797337433375e-06 0.002162396907806396 0.002173751592636108
16384 0.003571908921003342 7.455751161404838e-06 0.0035552978515625 0.003585755825042725
32768 0.006384793668985367 3.977012890579082e-05 0.00634455680847168 0.006664514541625977
65536 0.011999586597085 0.0001544027334833674 0.01191151142120361 0.01319742202758789
131072 0.02318633161485195 0.0001607619376326188 0.0230710506439209 0.02440249919891357
262144 0.04564395546913147 0.0004692283491869903 0.04535400867462158 0.04928255081176758
524288 0.090522401034832 0.0006592685848396451 0.0899360179901123 0.09468495845794678
1048576 0.1799535695463419 0.0008420708438054965 0.1788879632949829 0.1859610080718994
