16 1.383598760185123e-05 8.506265541573501e-08 1.371193138766102e-05 1.404379145242274e-05
32 1.678968601481756e-05 9.401428717345756e-08 1.664413139224052e-05 1.697482366580516e-05
64 2.277552857776755e-05 6.736799215419465e-08 2.265368675580248e-05 2.289340773131698e-05
128 3.483068849163828e-05 9.216774165223931e-08 3.464928886387497e-05 3.499811282381415e-05
256 5.896441234654048e-05 1.61208648684543e-07 5.864411650691181e-05 5.927489837631583e-05
512 0.0001075245818356052 2.603683691525953e-07 0.0001068878336809576 0.0001079124631360173
1024 0.0002049780050583649 5.30048712056995e-07 0.0002038232632912695 0.0002057080273516476
2048 0.000400879347580485 8.942458374202832e-07 0.0003998716128990054 0.000402510748244822
4096 0.0007933986198622733 1.591155569574112e-06 0.0007903114892542362 0.0007960135117173195
8192 0.001586272468557581 3.195931492871558e-06 0.001579468604177237 0.001590877305716276
16384 0.003164851397741586 3.714534070683204e-06 0.003158140927553177 0.003170616924762726
32768 0.00628742715343833 6.931692031211189e-06 0.006275219842791557 0.006299570202827454
65536 0.01244552969001234 3.62097493661816e-05 0.01239436119794846 0.01250896975398064
131072 0.02477949066087604 9.727970655098732e-05 0.024551622569561 0.0249485969543457
262144 0.04936333280056715 0.0001955866949906814 0.04903368651866913 0.04965469241142273
524288 0.0985551979392767 0.0003078276066911155 0.09795060753822327 0.09927025437355042
1048576 0.1975070424377918 0.0009617166812183711 0.1961345076560974 0.1990842819213867


16 1156445.421470962 7079.115804899196 1139293.477420571 1166866.982312787
32 1905987.970284877 10660.35592844558 1885144.766744306 1922599.578546848
64 2810056.632488067 8314.780414294291 2795564.590082906 2825147.212897129
128 3674944.297375583 9721.989112269323 3657340.058430337 3694159.510830585
256 4341632.242106838 11868.95281566673 4318860.209168889 4365314.293204976
512 4761728.073098603 11552.40440733028 4744586.353799135 4790068.077609609
1024 4995689.294507393 12930.65188649671 4977929.219308117 5023960.383445894
2048 5108792.839114143 11379.75884166693 5088062.887588607 5121643.88252601
4096 5162619.842923167 10362.81236594681 5145641.29842883 5182766.612522766
8192 5164327.929391794 10417.60194660498 5149360.023280762 5186554.502149986
16384 5176869.023285884 6077.541285256071 5167448.603468898 5187862.218895273
32768 5211676.659964326 5747.026066489517 5201624.705331905 5221809.087316855
65536 5265868.252971312 15308.9563962104 5239120.510235862 5287565.769089227
131072 5289612.203544559 20792.04594246377 5253682.210661111 5338628.82702109
262144 5310578.59798493 21044.19468369287 5279339.922760161 5346202.144115577
524288 5319788.345180224 16609.85071105157 5281420.938311722 5352575.27417997
1048576 5309174.190056439 25834.0701380309 5266995.414605638 5346208.642889986
