16 7.095346859387064e-06 3.986373204408305e-08 7.047683538985439e-06 7.208152965176851e-06
32 8.251788131019566e-06 4.566296221451331e-08 8.200102456612512e-06 8.36276012705639e-06
64 1.048190188157605e-05 5.288677396100919e-08 1.039750713971443e-05 1.058511406881735e-05
128 1.495737546974851e-05 5.112246092082032e-08 1.490196154918522e-05 1.507136403233744e-05
256 2.389618293818785e-05 6.655222982609523e-08 2.379834040766582e-05 2.409128501312807e-05
512 4.173575507593341e-05 7.751206661005386e-08 4.155022907070816e-05 4.187115700915456e-05
1024 7.755343540338799e-05 2.253887455575121e-07 7.720835856162012e-05 7.803697371855378e-05
2048 0.0001488792804593686 4.445770467195469e-07 0.0001481608487665653 0.000149784900713712
4096 0.000292202239506878 5.563406484223823e-07 0.0002912812633439898 0.0002935248194262385
8192 0.0005796551704406738 1.253735444837509e-06 0.0005780323408544064 0.0005833078175783157
16384 0.001153685938334092 2.371202532548417e-06 0.001148355193436146 0.001157781109213829
32768 0.00230331375496462 3.896585623480433e-06 0.00229338277131319 0.002309288829565048
65536 0.004600169020704925 1.272271978424473e-05 0.004581796005368233 0.004632554948329926
131072 0.009192066267132759 2.217622959143907e-05 0.009162653237581253 0.009256280958652496
262144 0.01839347090572119 3.479893592355489e-05 0.01832787692546844 0.01846788078546524
524288 0.03683052491396666 8.48258757236829e-05 0.03667588531970978 0.03699325025081635
1048576 0.07386841252446175 0.0002648767374573131 0.07337960600852966 0.07428750395774841


16 2255065.234997563 12577.45819895881 2219708.721124156 2270249.495666672
32 3878058.031123389 21333.00604317793 3826487.847770385 3902390.265160089
64 6105907.786472262 30784.56309564952 6046226.765617708 6155321.572759002
128 8557744.485139964 29157.58469048307 8492927.363798024 8589473.24333947
256 10713085.64464589 29721.65991985899 10626249.27896116 10757052.61857412
512 12267698.42204457 22798.26783142024 12227987.86974189 12322435.07319065
1024 13203903.72019223 38306.67235679893 13121985.01819321 13262812.71972314
2048 13756226.50996361 41039.09175494689 13672940.26461585 13822814.98148492
4096 14017736.1714939 26654.49597382717 13954526.93917526 14062009.86969358
8192 14132601.9887087 30470.8300573848 14044042.8760414 14172217.40204219
16384 14201494.87145179 29211.27929096096 14151206.88151949 14267362.65368841
32768 14226497.79283156 24103.54683306754 14189649.89588237 14288064.08153012
65536 14246535.01920056 39325.03677333938 14146837.05449112 14303561.29413338
131072 14259330.7109372 34286.54602862 14160330.76194363 14305026.78660796
262144 14252061.52802074 26945.35001480386 14194590.22100224 14303020.53347621
524288 14235219.54305335 32795.59915946282 14172531.37924615 14295169.57613141
1048576 14195359.20838626 50942.08566307686 14115106.09639524 14289746.9342928
