16 1.24079488159623e-05 4.067922449177737e-08 1.23537756735459e-05 1.245167732122354e-05
32 1.466599542254698e-05 5.020431779985867e-08 1.459596387576312e-05 1.474914824939333e-05
64 1.909225966301165e-05 5.267687135001455e-08 1.90136706805788e-05 1.914917083922774e-05
128 2.795997579596587e-05 5.490825172356452e-08 2.787921403069049e-05 2.801419032039121e-05
256 4.5717627472186e-05 6.207479440583081e-08 4.563573747873306e-05 4.579040978569537e-05
512 8.118783989630174e-05 7.696086048518647e-08 8.107692701742053e-05 8.131176582537591e-05
1024 0.0001521052909083664 1.068522942526414e-07 0.0001519243232905865 0.0001522529637441039
2048 0.0002940441918326542 1.724075667705794e-07 0.000293782795779407 0.0002943716244772077
4096 0.0005780343635706231 3.474314303264668e-07 0.0005774090532213449 0.0005788318812847137
8192 0.001148786279372871 7.488210440530007e-07 0.001146884635090828 0.001149716787040234
16384 0.002291504642926157 2.016424280111427e-06 0.002289261668920517 0.002297058701515198
32768 0.004575201775878668 6.394045464050586e-06 0.004563445225358009 0.00458352267742157
65536 0.009169214870780706 1.234942509599086e-05 0.009146701544523239 0.009193688631057739
131072 0.01828046096488833 3.257141923862517e-05 0.01821593195199966 0.01832953095436096
262144 0.03658472932875156 5.882374961045881e-05 0.03645481169223785 0.03668531775474548
524288 0.07310387119650841 0.0001365224990259847 0.07282161712646484 0.07332861423492432
1048576 0.1462539471685886 0.0002667875992782249 0.1458235383033752 0.1465965509414673


16 1289508.974590598 4230.944026370077 1284967.445528679 1295150.60195419
32 2181942.034871782 7476.57974064173 2169616.811690549 2192386.900404476
64 3352167.759508444 9259.952905828304 3342181.263999891 3365999.184227575
128 4577989.054127738 8997.268902092073 4569112.957972242 4591234.166755661
256 5599600.344651225 7604.588700403125 5590690.303889195 5609638.720515908
512 6306368.44224886 5979.371808179982 6296751.703800954 6314990.205413058
1024 6732181.817448389 4729.679810668557 6725649.04366044 6740197.868391289
2048 6964941.722684535 4083.399606879313 6957192.302883021 6971136.599631871
4096 7086086.304142595 4258.366117316152 7076320.659651562 7093757.843159124
8192 7131007.231187885 4651.291454108742 7125233.007242614 7142828.275270452
16384 7149892.50834238 6284.020075727112 7132599.610620617 7156892.644660295
32768 7162101.615157359 10014.10890847239 7149086.479143029 7180539.785580378
65536 7147407.098751405 9627.010938001755 7128368.452528291 7164987.255896736
131072 7170081.249861977 12785.15757220536 7150864.925368718 7195459.46621806
262144 7165411.377190543 11528.49431893982 7145747.019353267 7190930.026277356
524288 7171846.114545707 13396.4036165969 7149841.920104044 7199620.396914574
1048576 7169579.303306878 13084.66393845117 7152801.298979216 7190718.399786144
