16 2.939336776697221e-06 3.755303481063455e-09 2.932365211094634e-06 2.945671113696591e-06
32 4.020153126171877e-06 8.293022743415442e-09 4.008720583925651e-06 4.041076851812875e-06
64 6.193963496159416e-06 1.050332785426986e-08 6.17045627837598e-06 6.206740731151683e-06
128 1.055525989956951e-05 2.100382985200213e-08 1.052764987719002e-05 1.059561096816708e-05
256 1.928750022028858e-05 5.874573509495834e-08 1.920291461132706e-05 1.939651609816906e-05
512 3.672007292010449e-05 1.077691141920252e-07 3.654973659905636e-05 3.688439229421192e-05
1024 7.154379142804146e-05 2.300897378278804e-07 7.118834044206324e-05 7.211803171003339e-05
2048 0.0001409472593110195 6.255318904898504e-07 0.0001399577710685662 0.000142469993022587
4096 0.0002797825919671482 1.190311731320317e-06 0.0002774028579324295 0.0002818022048813873
8192 0.0005588089226975512 2.217279599757869e-06 0.0005546806182792352 0.0005630616394682875
16384 0.00112354589082031 3.294570482844012e-06 0.001118410007393322 0.001129234546397129
32768 0.002243898691830282 5.702005398288989e-06 0.002230663963018742 0.002253281239518401
65536 0.00446944126042581 2.093014013740164e-05 0.004444999114639359 0.00450480508061446
131072 0.009027782385828687 3.282217655919834e-05 0.008978248424682533 0.009102345115024946
262144 0.0180457638621192 6.779665872739547e-05 0.0179227163134783 0.01815137425001012
524288 0.03587918671382795 0.0001497405544589979 0.03549681886215694 0.03611024493147852
1048576 0.07128963558989199 0.00055162292069044 0.0702072426356608 0.07193826106959023


16 5443413.159028664 6955.954276274995 5431699.392917369 5456346.276195009
32 7959927.507786836 16393.54088582724 7918681.374654981 7982596.77372253
64 10332668.69234879 17538.42769667159 10311369.97213102 10372004.45359032
128 12126700.41038432 24100.06311085611 12080473.73431855 12158459.05716662
256 13272960.30827959 40397.94539777275 13198246.46366082 13331309.60489693
512 13943440.10611341 40951.37846404218 13881210.13126589 14008308.8865056
1024 14313050.54686902 45909.59509485573 14198945.47479083 14384378.02653068
2048 14530525.37455934 64335.44878011684 14374956.83512326 14632985.25236353
4096 14640187.19127957 62298.54702345106 14535017.57278314 14765529.20373198
8192 14659967.94279592 58158.69191558363 14549028.78437235 14768859.28593239
16384 14582521.5127805 42777.14424314578 14508943.29461834 14649368.20279906
32768 14603243.29883453 37139.85513124934 14542348.0324203 14689796.64496632
65536 14663431.37726064 68556.98657416637 14548021.24114565 14743759.96705169
131072 14518916.67424106 52654.74249026312 14399805.5823706 14598838.63757475
262144 14526814.94929897 54630.3344122106 14442102.09041631 14626354.36587598
524288 14612833.61874533 61161.73400567292 14519092.87779326 14769999.58886293
1048576 14709502.50270926 114231.5841642677 14576054.30558919 14935439.14609445
