16 0.0004611065614881227 1.388888185458815e-06 0.0004574907361529768 0.0004630837356671691
32 0.0004632177551684435 1.449622877545927e-06 0.0004593867342919111 0.0004653320647776127
64 0.0004668499641411472 1.653061140656967e-06 0.0004622794222086668 0.0004694696981459856
128 0.0004741278535220772 1.722340739179755e-06 0.0004694568924605846 0.0004768162034451962
256 0.0004891640419373289 1.620329127383772e-06 0.0004842346534132957 0.0004923399537801743
512 0.0005188337527215481 1.661651025423531e-06 0.0005150865763425827 0.0005230307579040527
1024 0.0005780386854894459 2.423822461941015e-06 0.000573672354221344 0.0005843117833137512
2048 0.0006967871449887753 2.642740289209212e-06 0.0006897523999214172 0.0007035285234451294
4096 0.0009331358596682549 2.933573910236175e-06 0.0009275674819946289 0.0009399950504302979
8192 0.001403826288878918 3.915254588684074e-06 0.001395523548126221 0.001413136720657349
16384 0.002345527522265911 7.513419360204315e-06 0.0023307204246521 0.002360761165618896
32768 0.004231560975313187 2.378542896818173e-05 0.004170536994934082 0.004293560981750488
65536 0.008017558604478836 5.993023839329232e-05 0.007884025573730469 0.008131027221679688
131072 0.01567182503640652 9.328615436746814e-05 0.01547741889953613 0.01590657234191895
262144 0.03103892877697945 0.00020452515277159 0.03065705299377441 0.0316314697265625
524288 0.06179880350828171 0.0003492484890162915 0.06064093112945557 0.0625990629196167
1048576 0.1234818734228611 0.0006105060829749805 0.1222574710845947 0.1252410411834717
