16 0.0002771159424810321 1.832161969723389e-06 0.0002742961514741182 0.0002800075453706086
32 0.0002786739223665791 1.802061912125993e-06 0.0002757817273959517 0.0002818091306835413
64 0.0002819248256855644 1.855190365354314e-06 0.0002789073623716831 0.000284701120108366
128 0.0002880928732338361 1.889360741661892e-06 0.0002851230092346668 0.0002915919758379459
256 0.0003001349832629785 1.982594598592035e-06 0.0002969801425933838 0.0003038635477423668
512 0.0003248773282393813 2.1715204636256e-06 0.0003216341137886047 0.0003299061208963394
1024 0.0003738326486200094 2.092271195967146e-06 0.0003699213266372681 0.0003786236047744751
2048 0.0004728470230475068 2.728711679853746e-06 0.0004666522145271301 0.0004807785153388977
4096 0.0006701250094920397 3.297784958715958e-06 0.0006620585918426514 0.0006794333457946777
8192 0.001064412295818329 3.625566225297569e-06 0.001056134700775146 0.001071512699127197
16384 0.0018520662561059 5.201299744964917e-06 0.001841723918914795 0.001860499382019043
32768 0.003428326919674873 8.425116940602646e-06 0.003411054611206055 0.003440499305725098
65536 0.00657930038869381 1.499384942891571e-05 0.006548047065734863 0.00659644603729248
131072 0.01287868432700634 2.816820625426866e-05 0.01282203197479248 0.01290202140808105
262144 0.02548451907932758 5.427832319051877e-05 0.02538204193115234 0.02552545070648193
524288 0.05068693868815899 0.0001105684419343928 0.05047798156738281 0.05077207088470459
1048576 0.1011307761073112 0.0002571365292263677 0.0999675989151001 0.101319432258606
