16 0.0005627386381092947 3.437996520420279e-06 0.000558256811928004 0.0005681440234184265
32 0.0005641480092890561 3.778885496318848e-06 0.0005595346447080374 0.0005696738371625543
64 0.0005665826465701684 3.411099207805384e-06 0.0005615353584289551 0.0005715740844607353
128 0.0005686395888915285 4.045552408807178e-06 0.0005624149926006794 0.0005745224189013243
256 0.0005747006362071261 3.809172479480803e-06 0.0005699277389794588 0.0005801767110824585
512 0.000585019908612594 3.843479762893514e-06 0.0005783163942396641 0.0005908065941184759
1024 0.0006092428520787507 4.127377448741255e-06 0.000602582935243845 0.000614076154306531
2048 0.0006563214992638677 4.152639921791037e-06 0.0006497197318822145 0.000662247184664011
4096 0.0007486890681320801 4.212219764444198e-06 0.0007430010009557009 0.0007550234440714121
8192 0.0009366292943013832 4.110973060867656e-06 0.0009308289736509323 0.0009426951874047518
16384 0.00131029388285242 4.829732900431796e-06 0.001303412020206451 0.001316933427006006
32768 0.002055778342764825 4.808663813435286e-06 0.002049519680440426 0.002064390107989311
65536 0.003550193854607642 4.933211943010764e-06 0.003542914055287838 0.003556273877620697
131072 0.006535730324685574 6.013967057910325e-06 0.006528304889798164 0.006551032885909081
262144 0.01250194665044546 3.020468345157048e-06 0.01249752938747406 0.0125078447163105
524288 0.02443941170349717 6.84541230436974e-06 0.02443059533834457 0.02445381134748459
1048576 0.0483757397159934 9.14984925147234e-06 0.04836437106132507 0.04840087890625


16 28433.37492420447 173.3375885703045 28161.87329355452 28660.6444527603
32 56725.08332618121 379.045597867714 56172.4936489736 57190.38186937907
64 112961.7600451946 679.5041694871584 111971.4867065435 113973.2325655451
128 225109.3208091871 1600.898275613801 222793.7427485912 227589.949919563
256 445467.6341602927 2949.467208418755 441244.8743803775 449179.7512056641
512 875219.2829090713 5746.275375356566 866611.8575808031 885328.5244889989
1024 1680847.224269778 11411.90187986734 1667545.617621956 1699351.143400073
2048 3120539.131213676 19758.56115968963 3092500.877960012 3152128.370900816
4096 5471058.121951956 30744.3072965366 5424997.107258817 5512778.575979618
8192 8746414.247103671 38350.5661749141 8689977.534045389 8800757.423642531
16384 12504224.32198769 46078.91347635816 12441023.71768962 12570085.08898429
32768 15939543.27949717 37236.73949965832 15872968.90892177 15988136.29979802
65536 18459870.45891507 25656.87837095872 18428276.9705708 18497767.36813212
131072 20054698.93173235 18438.96720642347 20007837.28042777 20077493.65456679
262144 20968255.7183745 5065.533702708608 20958367.00452145 20975665.81941707
524288 21452563.78965596 6007.089058440248 21439929.85592122 21460303.88285765
1048576 21675658.9421823 4098.825362211342 21664399.97982346 21680753.35189258
