16 0.0004064151726197451 6.780160984875925e-07 0.0004052429576404393 0.0004074540920555592
32 0.0004084980027982965 6.04307136900596e-07 0.0004070829600095749 0.0004093582974746823
64 0.0004119077202631161 6.085377274544365e-07 0.0004107427084818482 0.0004126753192394972
128 0.0004186939695500769 8.19065597969708e-07 0.0004167817533016205 0.0004199242684990168
256 0.0004321487940615043 6.935245522439905e-07 0.0004310859367251396 0.0004333988763391972
512 0.0004580901440931484 6.989336273898983e-07 0.0004570404998958111 0.000459674745798111
1024 0.0005109914054628462 1.201654496020786e-06 0.0005089864134788513 0.0005132823716849089
2048 0.0006153653521323577 6.723259178656649e-07 0.0006141974590718746 0.0006166065577417612
4096 0.0008255791908595711 2.312024227509295e-06 0.0008227941580116749 0.0008306717500090599
8192 0.001243386825080961 3.847396872595144e-06 0.001239962875843048 0.001251127105206251
16384 0.002078699471894652 8.302565904357498e-06 0.002069425769150257 0.002095035277307034
32768 0.00374288362218067 1.266196883314413e-05 0.003733160905539989 0.003774027340114117
65536 0.007074770634062588 2.777553114213886e-05 0.007051289081573486 0.007146602496504784
131072 0.0137521147262305 7.173942996808194e-05 0.01369853317737579 0.01397012546658516
262144 0.02705966820940375 0.0001477082772253604 0.02695325016975403 0.02750468999147415
524288 0.05373379494994879 0.0002736034924597923 0.05342781543731689 0.05443143844604492
1048576 0.1072053965181112 0.0006110358868588086 0.1066865026950836 0.1087002456188202


16 39368.71172874908 65.71816414662268 39268.22754259709 39482.48747655314
32 78335.91718335723 115.9972962747287 78171.12831816755 78608.05571239664
64 155374.9247762928 229.7105059061067 155085.6012371737 155815.3040295013
128 305713.6453453909 598.6880350590989 304816.8672354303 307115.1723558487
256 592389.9859657371 950.5840713408841 590679.8886106088 593849.1103300027
512 1117686.38296364 1703.508830163688 1113831.039621372 1120250.831418042
1024 2003957.984518231 4710.850251192709 1995003.25062519 2011841.520485984
2048 3328107.902374975 3635.190804366879 3321404.831470695 3334432.550559183
4096 4961401.734904914 13854.49777588071 4930948.957822781 4978158.82638034
8192 6588515.437052812 20319.5662339675 6547696.04615794 6606649.408298032
16384 7881968.662191706 31360.15773013293 7820393.373547417 7917172.118102869
32768 8754840.615059655 29447.04853145059 8682502.018919975 8777548.257127753
65536 9263472.166170064 36131.78410704295 9170231.593551194 9294187.097116677
131072 9531283.83947528 49198.71903175574 9382306.573660221 9568323.725088736
262144 9687895.637903173 52295.55255094546 9530883.644980505 9725877.152068608
524288 9757372.095047677 49245.14318462541 9632080.557997739 9813015.855291899
1048576 9781295.568384247 55285.53179462382 9646491.542227492 9828572.251514258
