16 0.0003901947056874633 7.938881915670453e-07 0.0003885761834681034 0.0003920046729035676
32 0.0003913020627805963 9.628260341321349e-07 0.0003895761910825968 0.0003929906524717808
64 0.0003929255690309219 8.876835396199991e-07 0.0003910523373633623 0.0003942705225199461
128 0.0003957898734370247 6.69555192494947e-07 0.0003946357173845172 0.0003968700766563416
256 0.0004024964582640678 4.711211858941693e-07 0.0004017167957499623 0.000403763260692358
512 0.0004160053940722719 5.094623453729375e-07 0.0004151425091549754 0.000416769995354116
1024 0.0004434213697095402 4.683636624924109e-07 0.0004425756633281708 0.000444193254224956
2048 0.0004977418429916725 5.580377146183789e-07 0.0004965821281075478 0.0004987362772226334
4096 0.0006069629453122616 6.483175467141369e-07 0.0006058232393115759 0.0006082607433199883
8192 0.0008261426846729591 6.40547978818926e-07 0.0008252148982137442 0.0008276698645204306
16384 0.00126776602701284 1.191028241180178e-06 0.00126544525846839 0.00127038499340415
32768 0.002161048701964319 1.698351562553974e-06 0.002157688140869141 0.002164565958082676
65536 0.003983296221122146 1.200639781721365e-05 0.003955436870455742 0.003996975719928741
131072 0.007553882780484855 1.583908365794023e-05 0.00752289779484272 0.007579023018479347
262144 0.0145018978510052 5.343621521792717e-05 0.01439368724822998 0.01461556181311607
524288 0.02841939544305205 9.769222404244581e-05 0.02818790823221207 0.02857993543148041
1048576 0.05624555982649326 0.0003433026318282597 0.05575156211853027 0.05689731240272522


16 41005.32842343104 83.37844490169066 40815.83997835651 41175.96672342985
32 81778.71951986795 201.2301316337207 81426.8731297567 82140.54331984435
64 162881.5014260338 368.4599212243532 162325.0949397625 163660.9575882212
128 323404.7965664628 547.2328725274249 322523.6860345054 324349.7594397467
256 636031.25729243 743.544742604538 634034.9034258858 637264.865966272
512 1230755.002394272 1507.006607969509 1228495.346851853 1233311.426098422
1024 2309318.271642956 2439.376105722301 2305302.906471894 2313728.667996599
2048 4114587.597016912 4613.675349438143 4106378.648461105 4124191.919279971
4096 6748359.866817075 7207.651068431112 6733954.221085108 6761047.999172941
8192 9915968.229377037 7683.673797537372 9897666.148261443 9927111.129152371
16384 12923531.00336775 12139.76619002398 12896877.78513275 12947221.4545496
32768 15163017.35440904 11915.31417008636 15138369.8323636 15186624.69303867
65536 16452846.11937619 49731.3985878778 16396396.82403885 16568587.02246182
131072 17351677.85856979 36405.46222206936 17294049.59985176 17423073.33882107
262144 18076760.64635751 66599.83457986802 17935950.96459109 18212428.50974384
524288 18448451.00888439 63596.66542137272 18344618.07154763 18599748.3630539
1048576 18643473.08327501 113660.7874174293 18429271.18557143 18808011.1149295
