16 0.0004675557393056806 9.851005793133802e-07 0.0004661052371375263 0.0004693305236287415
32 0.0004705594619736075 1.014244520044403e-06 0.0004692475777119398 0.0004725765902549028
64 0.0004771739113493823 1.077624587891146e-06 0.0004754995461553335 0.0004788392689079046
128 0.0004897838880424388 9.265798230452826e-07 0.0004884472582489252 0.0004918496124446392
256 0.000515325868036598 1.203678239285875e-06 0.0005138095002621412 0.0005175196565687656
512 0.0005662732583004981 1.001489456684488e-06 0.000564945163205266 0.0005684481002390385
1024 0.0006688614230370149 1.076797203620592e-06 0.0006672891322523355 0.0006707031279802322
2048 0.0008734801522223279 1.265195912457023e-06 0.0008709512185305357 0.0008756855968385935
4096 0.001281534641748294 1.287458990064213e-06 0.001279464922845364 0.001283334102481604
8192 0.002099122910294682 1.382628436238989e-06 0.002096797339618206 0.00210139062255621
16384 0.003733002056833357 1.00213113163292e-06 0.003731801174581051 0.003734730184078217
32768 0.007000433979555964 4.446126031360371e-06 0.006998054683208466 0.007016688585281372
65536 0.01353106508031487 1.825280674193449e-06 0.01352720335125923 0.01353424787521362
131072 0.02659375639632344 4.882242893255931e-06 0.02658803761005402 0.02660924941301346
262144 0.0527212293818593 1.16880719226847e-05 0.0527070015668869 0.05274705588817596
524288 0.104979082942009 2.124096073977188e-05 0.1049566268920898 0.1050418615341187
1048576 0.2095734179019928 4.472776918896047e-05 0.2095257043838501 0.2097045183181763


16 34220.6612090864 72.06174827760005 34091.11318030662 34327.01185307457
32 68004.45382142006 146.3971870085097 67713.89158895817 68194.27850013124
64 134123.6486284568 302.9093120532024 133656.5402122631 134595.291451851
128 261340.6280415573 493.751845843129 260242.1487409573 262054.9052908552
256 496775.5834047531 1159.769612330382 494667.2010437615 498239.13312111
512 904159.7708977187 1597.08094406066 900697.8821544105 906282.6506826309
1024 1530963.593062562 2464.073843085854 1526755.962930563 1534567.177115023
2048 2344648.616488982 3398.002829585663 2338738.934834265 2351452.017548554
4096 3196171.016106674 3213.021321177709 3191686.398794748 3201338.252314904
8192 3902583.927762549 2570.651524476974 3898370.875013683 3906910.718177292
16384 4388961.178536225 1178.115953261997 4386930.030406949 4390373.236280291
32768 4680854.42449719 2966.863078573841 4670009.164826857 4682444.119595896
65536 4843373.432103289 653.3761221299825 4842234.35275051 4844756.029626724
131072 4928675.820991803 904.4816823040888 4925805.98443706 4929735.767728731
262144 4972266.677960769 1102.119209768733 4969831.881342281 4973608.670706315
524288 4994214.136976752 1010.165833850429 4991229.138010906 4995282.48501204
1048576 5003382.849117598 1067.477936879318 5000254.684112421 5004522.013580795
