16 0.00116874870218453 1.321576991790298e-06 0.001166443340480328 0.001171191630419344
32 0.001173246462712996 2.151835622254632e-06 0.001170259667560458 0.001179016078822315
64 0.001182045947643928 1.745654876415073e-06 0.001179525163024664 0.001186501933261752
128 0.001200177037389949 1.942439357377323e-06 0.001197757665067911 0.001204339787364006
256 0.001234151335665956 2.089727271574636e-06 0.001230423804372549 0.001238669734448195
512 0.001306880381889641 4.20802612554798e-06 0.001299786847084761 0.001313966698944569
1024 0.001446379319531843 2.066773580307617e-06 0.001441001892089844 0.001448800787329674
2048 0.001730073156068102 5.398849429130643e-06 0.001721447333693504 0.001737619284540415
4096 0.002296006889082491 1.129835424650195e-05 0.002279144711792469 0.002317824400961399
8192 0.003426973707973957 1.930123227830935e-05 0.003403070382773876 0.003449300304055214
16384 0.005699618486687541 3.758084833646088e-05 0.005645828321576118 0.005757061764597893
32768 0.01022733724676073 6.978563005371811e-05 0.01012378185987473 0.01031240448355675
65536 0.01927661430090666 0.00014098397398109 0.01907771825790405 0.01945343613624573
131072 0.03737986367195845 0.0002743768690511766 0.03697200119495392 0.03773930668830872
262144 0.07352853007614613 0.0006013984443259491 0.07251560688018799 0.07434773445129395
524288 0.1457578726112843 0.001386478952923963 0.143327534198761 0.1475837230682373
1048576 0.290491133928299 0.002465236578842292 0.2865239977836609 0.2932834625244141


16 13689.87118157169 15.47771102630559 13661.29981160403 13716.91143901717
32 27274.83247741871 49.92974408538827 27141.27531828394 27344.35859582148
64 54143.52193363143 79.85882501668009 53940.07224586719 54259.12223515808
128 106651.1940646725 172.4990154250545 106282.2978556239 106866.3584738926
256 207430.5479430855 351.0780012308122 206673.3309779652 208058.3934496833
512 391776.4596386332 1259.614642536922 389659.7991495973 393910.7409405966
1024 707976.0815355001 1013.139600531241 706791.4436237736 710616.6935804103
2048 1183775.784905595 3696.259323730446 1178624.119921458 1189696.57677871
4096 1784007.249475325 8773.9943406232 1767174.423697084 1797165.392266223
8192 2390518.390868363 13466.46300071765 2374974.423180542 2407237.899476713
16384 2874695.677911929 18978.06916406864 2845896.165427775 2901965.675680723
32768 3204102.041482254 21890.43657540504 3177532.461245965 3236735.091050794
65536 3399937.81258009 24890.82400026313 3368864.99336192 3435211.64921533
131072 3506664.16001431 25768.1523023405 3473089.77036944 3545169.202739537
262144 3565425.185764232 29217.7785552205 3525917.796079362 3615001.118767723
524288 3597284.754239697 34292.40932182534 3552478.478657084 3657971.253959745
1048576 3609910.884141236 30766.83362051708 3575298.760368094 3659644.595604604
