16 0.0002360168045925093 1.004423746288791e-06 0.0002344504464417696 0.0002390361041761935
32 0.0002377039436396444 1.042563543918067e-06 0.0002357582561671734 0.0002412046305835247
64 0.0002411157329333946 1.260183667094318e-06 0.0002388868015259504 0.0002449513413012028
128 0.0002480930052115582 1.093245633608296e-06 0.0002465094439685345 0.0002515977248549461
256 0.0002619481674628332 1.501628682362255e-06 0.0002574138343334198 0.000265871174633503
512 0.0002890959731303155 1.867571140714069e-06 0.0002852268517017365 0.0002941172569990158
1024 0.0003447807393968105 2.421242869540643e-06 0.0003398731350898743 0.0003507025539875031
2048 0.0004562598187476397 3.574386275164852e-06 0.0004484355449676514 0.0004654750227928162
4096 0.0006782652344554663 5.156044868039234e-06 0.0006676316261291504 0.0006899982690811157
8192 0.001128086820244789 1.374122990977194e-05 0.001103013753890991 0.001163899898529053
16384 0.002045669592916965 2.071955960204045e-05 0.001998007297515869 0.002085268497467041
32768 0.003880033269524574 4.683568463638955e-05 0.003728032112121582 0.003959417343139648
65536 0.007531819865107536 7.514672043231895e-05 0.007283449172973633 0.007689118385314941
131072 0.01476246118545532 0.0001496103172582224 0.01449549198150635 0.01510393619537354
262144 0.02909115888178349 0.0003457853075327249 0.02829444408416748 0.02988803386688232
524288 0.05746280401945114 0.0006592679238044114 0.05545699596405029 0.05909442901611328
1048576 0.1144480928778648 0.001218502711960652 0.1116540431976318 0.1173344850540161
