16 0.0007483136869268492 1.469237288743186e-06 0.0007459143525920808 0.0007506525726057589
32 0.0007487375332857482 1.728297105921325e-06 0.0007462772773578763 0.0007525819819420576
64 0.0007499467610614374 1.619778755482254e-06 0.0007473153527826071 0.0007522460073232651
128 0.0007511317817261443 2.777886380571149e-06 0.0007483838126063347 0.0007597275543957949
256 0.0007539101497968659 1.95380105810303e-06 0.0007505819667130709 0.0007570302113890648
512 0.0007595813513034955 1.722509544891677e-06 0.0007570546586066484 0.0007633720524609089
1024 0.0007708743214607239 1.543098169150318e-06 0.0007685674354434013 0.0007733320817351341
2048 0.0007954418833833188 8.030960067452776e-06 0.0007901240605860949 0.0008248095400631428
4096 0.0008415995980612934 9.563411215234446e-06 0.0008353779558092356 0.0008765067905187607
8192 0.0009302259859396145 1.92674712909198e-06 0.0009269609581679106 0.0009343721903860569
16384 0.001119055901654065 2.660825849921336e-05 0.001108275260776281 0.001218201126903296
32768 0.001472697273129597 4.840916203807295e-06 0.001466833986341953 0.001479398459196091
65536 0.002195846172980964 9.965444477669765e-06 0.002182167954742908 0.002209288999438286
131072 0.003644942946266383 1.779627653768189e-05 0.003625042736530304 0.003666680306196213
262144 0.006540634669363499 4.114056358823368e-05 0.006489530205726624 0.006584726274013519
524288 0.01233153021894395 8.152657534271157e-05 0.01223601773381233 0.01241676509380341
1048576 0.02399734361097217 0.0001597708358190142 0.02378056198358536 0.02419800311326981


16 21381.48492057631 41.97223077707302 21314.78740485602 21450.18385073218
32 42738.8214079004 98.57386431596861 42520.28452424965 42879.50467056019
64 85339.76438042866 184.3131091442619 85078.55060305701 85639.88383444533
128 170411.681018505 625.7455083031382 168481.4500400704 171035.23331728
256 339565.1493240148 880.3890102706483 338163.5186398558 341068.6791757982
512 674058.7617708052 1526.5361179286 670708.3372379796 676305.1969620408
1024 1328366.785818646 2657.630546578727 1324140.074083619 1332348.929680106
2048 2574907.924400703 25184.67989196616 2482997.468534635 2591998.01924883
4096 4867491.14966623 53383.24020968612 4673095.570173258 4903169.842484268
8192 8806497.607347954 18224.60920862286 8767384.22257119 8837481.155831046
16384 14648092.68331175 322104.6980113917 13449339.06082375 14783330.98270548
32768 22250555.02125782 73089.38790998328 22149543.14458745 22339269.68226179
65536 29846018.37433692 135425.8727081436 29663842.08524217 30032518.7424545
131072 35960762.90302228 175562.6058572239 35746776.11748844 36157366.83023359
262144 40080777.9705757 252169.2020596444 39810918.34212542 40394911.75627375
524288 42517796.16968682 281146.2455831227 42224202.20075245 42847927.43894213
1048576 43697319.70470581 291056.999733772 43333162.45525142 44093827.58589912
