16 0.0003210948725609342 9.262833815325572e-07 0.0003193939919583499 0.0003223229432478547
32 0.0003219345944671659 9.499277997118337e-07 0.0003201371291652322 0.0003234453033655882
64 0.0003232204071537126 1.051814580543637e-06 0.0003207714762538671 0.0003248006105422974
128 0.0003258258802816272 1.016486217227756e-06 0.0003235898911952972 0.0003277086652815342
256 0.0003312041226308793 1.121013900765492e-06 0.0003271568566560745 0.0003332188352942467
512 0.0003418127307668328 1.257276994698952e-06 0.0003393050283193588 0.0003441087901592255
1024 0.0003633905434980989 1.46931654440461e-06 0.0003591887652873993 0.0003669522702693939
2048 0.0004064821405336261 1.728900723634021e-06 0.0004029050469398499 0.0004111230373382568
4096 0.0004921823274344206 2.236224392765173e-06 0.0004861354827880859 0.0004965662956237793
8192 0.0006606318056583405 3.153715369257835e-06 0.0006524920463562012 0.0006680190563201904
16384 0.0009985407814383507 8.961117109544677e-06 0.0009750127792358398 0.001027524471282959
32768 0.001665687188506126 2.292092085434718e-05 0.001628518104553223 0.00176846981048584
65536 0.00305391289293766 6.849616850697744e-05 0.002960443496704102 0.003297924995422363
131072 0.005783464759588242 0.0001767763698098337 0.005526423454284668 0.006237983703613281
262144 0.01146990060806274 0.0004414531694376446 0.01078701019287109 0.01272594928741455
524288 0.02287575602531433 0.0008086004217979319 0.02138054370880127 0.02486395835876465
1048576 0.04705419205129147 0.001751698522960033 0.04379558563232422 0.05125343799591064
