16 0.0002749148989096284 1.553559571825707e-06 0.0002738754847086966 0.0002805212279781699
32 0.0002752510772552341 6.246356906330849e-07 0.0002743168734014034 0.0002763936063274741
64 0.0002761409705271944 5.585005279871687e-07 0.0002753925509750843 0.0002775478642433882
128 0.0002777887566480786 4.847805340135537e-07 0.0002769092097878456 0.0002789292484521866
256 0.000281599146546796 5.946293856324926e-07 0.0002805497497320175 0.0002828857395797968
512 0.0002886330039473251 7.251108359497458e-07 0.0002876118524000049 0.0002901065163314342
1024 0.0003034177861991338 4.959652335758848e-07 0.0003024912439286709 0.0003043212927877903
2048 0.0003329435057821684 4.746765361146489e-07 0.0003318969393149018 0.0003338373498991132
4096 0.0003917126086889766 6.369693962790174e-07 0.0003907573409378529 0.0003928799415007234
8192 0.000509114790474996 4.420049308510306e-07 0.0005082665011286736 0.0005100059788674116
16384 0.0007448196993209422 5.982447686313716e-07 0.0007437237072736025 0.0007457667961716652
32768 0.001215578900882974 6.446215029507084e-07 0.00121446093544364 0.001216907985508442
65536 0.002191187930293381 9.05349839216877e-07 0.002189792692661285 0.002192921936511993
131072 0.004071266041137278 5.96791706863746e-07 0.004069866612553596 0.00407230481505394
262144 0.007846216438338161 2.461899920808542e-06 0.007842015475034714 0.007849875837564468
524288 0.01538225938566029 4.670399328236397e-06 0.01537460833787918 0.01539050042629242
1048576 0.03053267952054739 8.738056626097473e-06 0.03051756322383881 0.03054468333721161


16 58201.54128835085 323.2808863871475 57036.68173463548 58420.70902044464
32 116258.0531029637 263.5888181046998 115776.9183780831 116653.414728794
64 231766.5682113397 468.0773523586763 230590.8574525254 232395.5378364257
128 460783.1026699144 803.5003134351816 458897.7337811938 462245.3695132328
256 909097.4616466867 1918.203442062904 904959.0141244542 912494.130700642
512 1773889.404422869 4453.542259149231 1764869.00906101 1780176.984110935
1024 3374893.011381269 5519.049052688486 3364864.780309858 3385221.954528591
2048 6151205.439530199 8772.473804912093 6134723.992443964 6170590.19654553
4096 10456671.70054736 16997.21715756647 10425576.79161245 10482208.70315381
8192 16090685.13232807 13972.08679432963 16062556.79235813 16117528.85899144
16384 21997283.27040921 17671.86889308879 21969334.2263372 22029686.34691192
32768 26956710.59686374 14294.70626553899 26927261.87207084 26981518.33762354
65536 29908895.34466965 12356.35659089381 29885240.74151035 29927947.16122337
131072 32194408.64737676 4719.567612612261 32186195.76694528 32205478.08513071
262144 33410246.35938124 10482.48649019732 33394668.32654181 33428141.1245034
524288 34083942.55796897 10348.89412256514 34065688.93005783 34100901.20528702
1048576 34342746.75488363 9829.454396986714 34329247.69341293 34359755.14522419
