16 1.026160222683536e-06 7.010579472425977e-09 1.012319362114766e-06 1.04205518036693e-06
32 1.460798967192756e-06 5.344157606810139e-09 1.453372949322684e-06 1.469203829707055e-06
64 2.330014528151292e-06 6.884074694228683e-09 2.31857339105801e-06 2.343193297615898e-06
128 4.085440190038092e-06 2.091101693735837e-08 4.057991238148873e-06 4.124435586838615e-06
256 7.572125277910402e-06 3.097185128200557e-08 7.541046607606461e-06 7.655853053734063e-06
512 1.450986892936879e-05 5.496874941350756e-08 1.4402832199778e-05 1.459738250098042e-05
1024 2.840072992560394e-05 1.091932033955483e-07 2.821618714676788e-05 2.867254531224717e-05
2048 5.627953492082227e-05 2.106996639249525e-07 5.591772820423557e-05 5.662157603580908e-05
4096 0.0001122736457705997 3.903954025146142e-07 0.0001115389343055995 0.0001130042846710921
8192 0.0002250317411469638 1.003485846023365e-06 0.0002233505803133085 0.0002273342402361322
16384 0.0004494034677193781 1.829052891104457e-06 0.0004461235577082334 0.0004527987879328066
32768 0.0008983156712574214 4.550489751732956e-06 0.0008873271425500207 0.0009042354222401627
65536 0.001797815414263937 6.845151162262605e-06 0.001786001930213388 0.001808910285035381
131072 0.003607174920233547 2.169501727477291e-05 0.003575711156372563 0.003650046849543287
262144 0.007199158079060908 4.145780980963747e-05 0.007146851280595001 0.007276586017724185
524288 0.01440743102830311 6.101632341365585e-05 0.01428820429646294 0.01449521848553559
1048576 0.02905150439823956 6.596744087290219e-05 0.02894637547433376 0.02916178481245879


16 15592788.61488676 106425.5925057321 15354273.26829858 15805288.922436
32 21906095.27511842 80108.33836970785 21780504.07504075 22017748.44847151
64 27467864.69418565 81160.83914483401 27313154.26052019 27603180.57941464
128 31331540.70110221 159947.7174039274 31034549.4080348 31542699.94392338
256 33808736.59143193 137380.4378731653 33438468.34614186 33947542.47265616
512 35286803.64413266 133814.0593813697 35074781.3839647 35548563.84481739
1024 36055909.48310599 138202.9223065141 35713606.47785286 36291225.1281016
2048 36390259.99472019 136223.2773570506 36169957.52122454 36625236.14192308
4096 36482706.44050726 126941.6839095657 36246413.23930088 36722602.96819398
8192 36404430.34728073 161940.9818339842 36035046.86091705 36677764.56415983
16384 36457784.37560131 148551.3991620973 36183842.44091951 36725251.82074156
32768 36478035.41577794 185389.6124605707 36238350.31680157 36928882.74084639
65536 36453625.98019625 138795.909802241 36229546.89470305 36694249.25658949
131072 36337698.79168774 218094.2057381817 35909676.0679662 36656204.67313363
262144 36414274.92904677 208961.7840559559 36025685.58407392 36679649.49988095
524288 36390722.83849204 154353.077023544 36169720.41664454 36693764.24928275
1048576 36093864.69361521 81962.14097420266 35957195.5812532 36224777.12036015
