16 2.01479720995934e-06 2.895249201818556e-08 1.95239258005131e-06 2.111816399974487e-06
32 2.572280885182465e-06 3.722778483373919e-08 2.501953133560164e-06 2.670410140126478e-06
64 3.654953014020634e-06 5.918575601547313e-08 3.538085934451374e-06 3.900390652233909e-06
128 5.823883046929268e-06 1.097318040396384e-07 5.60546868655365e-06 6.080078037484782e-06
256 1.013659669979461e-05 1.74849393114267e-07 9.707031040306902e-06 1.059375017575803e-05
512 1.868811044403174e-05 3.972729883871212e-07 1.7976562048716e-05 1.991406224988168e-05
1024 3.58671874778338e-05 9.070920035129896e-07 3.428124909987673e-05 3.862499943352304e-05
2048 7.007861307783969e-05 1.593998037799823e-06 6.724999911966734e-05 7.315625043702312e-05
4096 0.0001392119135061876 4.177628737691369e-06 0.0001321250019827858 0.0001501250008004718
8192 0.0002767656242212979 7.541995528473975e-06 0.0002636249992065132 0.0003034999972442165
16384 0.0005555039051614585 1.504131212421571e-05 0.0005275000003166497 0.0005930000043008476
32768 0.001111734376536333 3.242647149735475e-05 0.001049500016961247 0.001182499981950969
65536 0.002216070315625984 4.094943368584491e-05 0.002123500045854598 0.002311000018380582
131072 0.004409226564348501 7.718992779804265e-05 0.004257499997038394 0.004581999965012074
262144 0.008765320314523706 0.0001237008819524546 0.00849999999627471 0.009067000006325543
524288 0.01747163281197572 0.0001890459177488727 0.01710399996954948 0.0180759999784641
1048576 0.03497552343378629 0.0003938885828939879 0.03415000002132729 0.03639899997506291
