16 8.184380304254724e-06 2.291354920217479e-08 8.148421004605666e-06 8.235032627368355e-06
32 1.145721653239562e-05 2.228193929185446e-08 1.141548092142841e-05 1.148364373904087e-05
64 1.802242658666131e-05 5.245438857289004e-08 1.795470893739548e-05 1.813366584713094e-05
128 3.107978850547255e-05 1.549941091294615e-07 3.084338322167923e-05 3.137293038690814e-05
256 5.705483004581069e-05 2.099931036480264e-07 5.671191547662602e-05 5.750678042915069e-05
512 0.0001094329538808836 4.16614837918436e-07 0.0001083897769262876 0.0001099946289286891
1024 0.000213933805435218 6.908469727339744e-07 0.0002128112992352271 0.0002149147769898718
2048 0.000422374864399444 1.786653421651164e-06 0.000418569837790983 0.0004247822350293973
4096 0.0008408956877730134 4.516517180801944e-06 0.0008337655917785014 0.0008503260895622589
8192 0.001668727511429324 9.425963534004693e-06 0.001654056841744023 0.001687884938291973
16384 0.003355869583231197 1.684342190997314e-05 0.003329765552280151 0.003384273793471948
32768 0.006719302708177111 3.685066550355886e-05 0.006625625444939942 0.006785858486182406
65536 0.01340116482901976 8.901621159772276e-05 0.0132606729712279 0.01353143892265507
131072 0.02701396037218728 0.0002056572918231344 0.02649868505977793 0.02736656012348249
262144 0.0540084912167913 0.0001533730242711844 0.05368481610639719 0.0542549971214612
524288 0.1072763919310091 0.0008231375340081732 0.1061166365834652 0.1086878778442042
1048576 0.2113589331238472 0.001865946046473567 0.2081320116412826 0.2154552492138464


16 1954957.720924616 5468.322582324658 1942918.83517565 1963570.609687012
32 2793009.413439517 5439.478012921782 2786571.991188633 2803210.852022156
64 3551159.281708138 10319.14527271184 3529347.046511608 3564524.505696826
128 4118528.130609188 20530.93723471697 4079950.403785492 4149998.69113033
256 4486968.828274018 16477.75147774012 4451648.972339814 4514042.557873242
512 4678727.58988933 17872.67725521435 4654772.73742099 4723692.718255105
1024 4786574.107276438 15461.30814626036 4764679.350309437 4811774.580014852
2048 4848854.914025667 20559.62978700988 4821293.903353249 4892851.359783571
4096 4871128.140876254 26132.31207537794 4816975.570052882 4912651.757747453
8192 4909276.370638737 27673.51689609514 4853411.399173785 4952671.391487628
16384 4882307.370248111 24495.70699191718 4841215.870773727 4920466.544192757
32768 4876834.576788071 26856.14247464452 4828865.804779647 4945646.304987743
65536 4890523.52762041 32496.78883747905 4843239.53827823 4942132.284100174
131072 4852274.588274771 37104.82932374356 4789494.894812548 4946358.647771274
262144 4853792.019693242 13795.90862451511 4831702.403617046 4883019.427326722
524288 4887533.374008168 37510.46672599776 4823794.616282112 4940676.757952328
1048576 4961476.512715623 43666.63270007773 4866792.541959625 5038033.273839828
