16 2.07808444363522e-06 4.606058785516041e-08 1.946300151267621e-06 2.137351579722946e-06
32 2.477864325584056e-06 3.405371202909777e-08 2.421120111506525e-06 2.538406279839478e-06
64 3.365710417618795e-06 2.573156930811605e-08 3.327629184202152e-06 3.416016066015715e-06
128 5.13478415542501e-06 4.491795541930828e-08 5.072121199489743e-06 5.209083379753565e-06
256 8.630141085430587e-06 4.519704105204568e-08 8.544614985339649e-06 8.697952099012696e-06
512 1.55887300448132e-05 6.211316257476178e-08 1.548761140668375e-05 1.569503782405945e-05
1024 2.948365779098516e-05 4.649568717616345e-08 2.939397951351452e-05 2.955255319392336e-05
2048 5.731477486436987e-05 6.143552611049436e-08 5.723211530295202e-05 5.749822283007688e-05
4096 0.0001134426267297428 1.632135393019982e-07 0.0001131787248453975 0.0001137474287418172
8192 0.0002277404389410265 3.459848994058543e-07 0.0002272746782523427 0.0002284326345716181
16384 0.000454245704805345 4.285723031094597e-07 0.000453626925491335 0.0004551386411435487
32768 0.0009085338490706363 1.112141755098964e-06 0.0009073242069916887 0.0009117050174154429
65536 0.001815120387121283 2.693882691355688e-06 0.001808369305081214 0.001820578179604126
131072 0.003629727983366138 2.818093380896402e-06 0.003625879111496033 0.003636003579231328
262144 0.007264080398272199 5.076239792313821e-06 0.007258367664690013 0.007275031923200004
524288 0.01458668107306949 6.547953927660782e-06 0.01457856307206384 0.01460315512667876
1048576 0.02916763116581933 2.692756443467404e-05 0.02912968458622345 0.02924387757229852


16 7703058.926232443 176258.3316499975 7485899.910801759 8220725.867785209
32 12916626.3636896 176922.2989897587 12606335.02767082 13217022.91758182
64 19016340.56790894 144908.0763920695 18735274.88254664 19232912.2198587
128 24929805.36961624 217757.3280186552 24572461.3465595 25235990.02580554
256 29664240.73251745 155356.8521110858 29432215.43253366 29960390.30889395
512 32844728.7238828 130678.4324094208 32621775.47703248 33058680.680679
1024 34731185.56068094 54823.70292260365 34650136.42917853 34837065.85320282
2048 35732535.05741806 38234.585647948 35618492.17587829 35784104.59161142
4096 36106427.21391112 51923.67589281016 36009605.18674282 36190547.34531733
8192 35970852.36697723 54590.92826480171 35861776.12214881 36044490.58290794
16384 36068615.49830185 34019.02667673407 35997822.46313944 36117785.51781085
32768 36066951.12931434 44055.58601665395 35941449.67293558 36114984.86152498
65536 36105668.7180296 53605.39408108978 35997355.52924753 36240385.08940338
131072 36110715.35648718 28020.3953611241 36048369.35493594 36149026.4759323
262144 36087722.81979408 25205.75855327135 36033381.40194621 36116109.31136202
524288 35942932.89770817 16128.74266809694 35902378.31837924 35962940.75131906
1048576 35950017.01382657 33142.3394421618 35856257.34506807 35996819.56377626
