16 0.0003744120000543916 1.400349822540711e-05 0.0003566782291386517 0.0004070776184335045
32 0.0003718944127832913 2.07151799770353e-05 0.0003573944732124801 0.000437278375443384
64 0.0003769772311379427 1.944612480724017e-05 0.0003588447538618311 0.0004230702954259868
128 0.0003893231780622841 3.52218634470178e-05 0.0003610493678252169 0.0004889340542604259
256 0.0003852415283915889 2.020019722216508e-05 0.0003660757407146775 0.0004276602083450598
512 0.0003979788876442569 2.179399206982688e-05 0.0003733891443289394 0.0004620615727048971
1024 0.0004110870684996826 2.507629529946244e-05 0.0003940497720122949 0.0004710186033776154
2048 0.0004519059963392635 2.115753837779663e-05 0.0004300732194906232 0.0005205819433058423
4096 0.0005220105797008046 1.908863988090169e-05 0.0005056201359820989 0.0005764989704175605
8192 0.0006709350476370446 2.23450297193387e-05 0.0006581981916724544 0.0007293202052096603
16384 0.0009834135532500454 2.141359186464353e-05 0.0009546592135620813 0.001028193380989251
32768 0.001575330812329412 2.337766838785276e-05 0.001557390847438 0.001641484544506966
65536 0.00277531753687299 2.731428134223354e-05 0.002741375327786955 0.002866496292881493
131072 0.005178650938319151 3.33281925561189e-05 0.005112436856506974 0.005243258500740922
262144 0.01001780562285148 5.20851645830809e-05 0.009938718827470439 0.01018254606060509
524288 0.0196432578884469 0.0001520755084406915 0.01923681491825846 0.01990234428740223
1048576 0.03907173313700696 9.888797282405054e-05 0.03888986793026561 0.03932362506020581


16 42788.71893920151 1571.377312068443 39304.54359434053 44858.35885929644
32 86272.49165783102 4349.042986669681 73179.92792932692 89536.91900259237
64 170178.9296377744 8435.332570216704 151275.0970510912 178350.1063098792
128 331034.6069099901 26763.72759181637 261793.9963163663 354522.1551584726
256 666173.2528150727 33695.15988397328 598606.0779202658 699308.8356530255
512 1289843.752143626 65282.11814756904 1108077.430033328 1371223.582089335
1024 2498876.347303153 138648.2978866143 2174011.796258204 2598656.496540366
2048 4540436.168117594 194550.0669637257 3934058.847670785 4761979.837818412
4096 7855970.167144044 274077.2562007048 7104956.314203391 8100943.195318107
8192 12221829.60381866 384560.9803058259 11232377.68744528 12446099.22003047
16384 16667633.99799445 357609.8815715116 15934745.64506196 17162145.15844565
32768 20804895.11744657 300819.2418876945 19962417.62351905 21040318.84732422
65536 23615970.76473894 227216.7213065918 22862754.14440573 23906248.56644698
131072 25311051.91748863 163320.1622269728 24998195.29811057 25637871.66059079
262144 26168463.63975988 134803.8849971837 25744445.29293121 26376035.43783116
524288 26691994.27796723 208522.4352290253 26343027.3554188 27254407.87509872
1048576 26837362.97890374 67788.04443494957 26665293.40554423 26962704.0616396
