16 1.152172302898435e-05 8.415972767525667e-08 1.144374202866061e-05 1.179826421449093e-05
32 1.199739566171143e-05 2.91201810491753e-08 1.194999714293488e-05 1.205877634546937e-05
64 1.288047966618855e-05 4.267246151983637e-08 1.281420936294353e-05 1.296124118610464e-05
128 1.462866926127404e-05 7.892143129656158e-08 1.452122326384142e-05 1.480923295460457e-05
256 1.817854936447816e-05 5.231199443009115e-08 1.809549145548317e-05 1.829788182305947e-05
512 2.518106252225039e-05 1.509213235621858e-07 2.489358680435316e-05 2.540322880761892e-05
1024 3.933808191591837e-05 2.850490824684321e-07 3.867456684503168e-05 3.965710885722729e-05
2048 6.765609357284319e-05 5.554537628585343e-07 6.656837256002746e-05 6.806614781851295e-05
4096 0.0001244916204843349 7.70651417041314e-07 0.0001227038762863231 0.0001250898251896615
8192 0.0002406065497631005 1.371097262730319e-06 0.0002388745222958732 0.0002428342386053828
16384 0.0004698626921637583 4.354814870355432e-06 0.0004628954538929975 0.0004760258312330734
32768 0.0009312877334153313 7.95152390238344e-06 0.0009166641234514827 0.0009414365705424643
65536 0.001847248129848822 1.253664061727361e-05 0.001822076260623362 0.001873599502914658
131072 0.003700503940052613 2.900039665991701e-05 0.003661667520646006 0.003749555002286797
262144 0.007366683664372431 6.615636186744146e-05 0.007213883129224996 0.007467336667104973
524288 0.014772441156083 0.0001316025039060447 0.01446788910470787 0.01495254543624469
1048576 0.02961501811432754 0.0001644216777654152 0.02929265333295916 0.02989700302714482


16 1388749.486122622 9974.275153938397 1356131.690994714 1398144.065108104
32 2667260.252958971 6468.402152717045 2653668.919900218 2677824.908010054
64 4968810.131034515 16444.30325431885 4937798.70932519 4994455.62244963
128 8750179.142915471 46989.88000379271 8643256.567869812 8814684.38810706
256 14082641.04244853 40482.98479298766 13990690.42392558 14147170.33962781
512 20333425.75788018 122027.5562944507 20154918.25379463 20567546.33327754
1024 26032046.84170431 190068.3553673287 25821347.78625905 26477348.90226826
2048 30272668.76384452 250628.6129962418 30088378.22673102 30765360.80483617
4096 32903005.9338369 205581.3379743926 32744469.77433724 33381178.5248104
8192 34048320.17531156 193592.5495151704 33734946.30348396 34294155.44724052
16384 34872573.69086379 323663.5090294399 34418300.279125 35394601.22627886
32768 35188104.27920822 301821.7690782591 34806381.0407522 35747008.26800095
65536 35479169.86311992 240814.3607127046 34978660.00607343 35967759.09784318
131072 35422077.35271574 277217.1798248634 34956681.50488822 35795713.08999561
262144 35587776.89103326 320792.462270015 35105421.34182777 36338819.92598385
524288 35493608.04286011 318036.2571117903 35063461.4176885 36238043.86428399
1048576 35407924.35099571 196709.5297471155 35072946.912035 35796552.40108193
