16 0.0003640612945572386 2.882087182842453e-07 0.0003626848144619998 0.0003644001464806479
32 0.0003647098388661618 2.148665402911154e-07 0.000363753418014312 0.000365389648436576
64 0.0003658052825894487 4.840390316944847e-07 0.0003622890625365471 0.0003662187499458014
128 0.0003652868347181482 3.890207492987965e-07 0.0003628085937634751 0.0003667343751203589
256 0.0003691196899424654 5.895118178712999e-07 0.0003664218747871928 0.0003695507812153664
512 0.000376871582034255 9.008405160447218e-07 0.0003751796875803848 0.0003793671876337612
1024 0.0003920302735025416 9.350491845411462e-07 0.0003909843744622776 0.000394171875086613
2048 0.0004263105469135553 1.365030468265692e-06 0.0004230000013194513 0.0004285625000193249
4096 0.0004910820307486574 1.376256038238609e-06 0.0004879375046584755 0.0004935000033583492
8192 0.0006189355467540736 2.350172827057303e-06 0.0006147499952930957 0.0006238749920157716
16384 0.0008799023457868316 4.908812421500053e-06 0.0008697500161360949 0.0008885000133886933
32768 0.001399687501361768 9.338220926122851e-06 0.001379999972414225 0.001416000013705343
65536 0.002429546872917854 1.729086399861667e-05 0.002399499993771315 0.002459999988786876
131072 0.004497484378589434 3.774212241305108e-05 0.004442500008735806 0.004625500005204231
262144 0.00863707031840022 6.398381032215353e-05 0.008529999991878867 0.008839500020258129
524288 0.01691382031822286 8.111203136957609e-05 0.01671699999133125 0.01707599998917431
1048576 0.03350472655529302 0.0001121920118799607 0.03327449999051169 0.03376099996967241
