16 3.835739512431102e-06 4.1267986141868e-08 3.813167626542935e-06 3.987876882050045e-06
32 6.404081446365062e-06 7.281345855639559e-09 6.393418156669384e-06 6.414840982849057e-06
64 9.762283527448012e-06 1.565263400408453e-08 9.733748031592881e-06 9.78897247350119e-06
128 1.534229266453302e-05 1.273919106759633e-08 1.532314998087259e-05 1.537362998149661e-05
256 2.652009972736735e-05 1.035300521803855e-08 2.650552477234669e-05 2.65399809116218e-05
512 4.892478255635879e-05 1.32901759483476e-08 4.889776966621184e-05 4.894628238361065e-05
1024 9.369237377132578e-05 1.622597070072292e-08 9.365832791274897e-05 9.372020383580093e-05
2048 0.000183079283013754 4.377220794017657e-08 0.0001830212443962864 0.000183165519956674
4096 0.0003614673211878028 1.078076836221236e-07 0.0003612602573639379 0.0003616376684476563
8192 0.000717416622229905 2.10822776239305e-07 0.0007170868470893765 0.0007178123989888263
16384 0.001429003307407584 4.599244342918625e-07 0.001428284946314307 0.001429894570492252
32768 0.002850215816124546 7.884082755087513e-07 0.002848734578947187 0.002851335532341182
65536 0.005689915878633656 6.550545795540787e-06 0.005681000831827987 0.005700882528799411
131072 0.01135543366785896 1.142337391268951e-05 0.01133684311207617 0.01137549877785204
262144 0.02300152697398516 3.669145386329605e-05 0.02295171662262874 0.02307215681867092
524288 0.04670295682217329 0.0001112861661645486 0.04650225712975953 0.04689000368671259
1048576 0.09412777543548145 0.0002717375533328322 0.09344036458060145 0.0945630148780765


16 4171731.920887226 43346.23847942523 4012159.972144098 4195986.530627766
32 4996819.457787134 5681.069721948026 4988432.306514896 5005147.358712764
64 6555858.997527095 10514.95328351011 6537969.145714569 6575062.328742724
128 8342956.65483963 6923.400632837744 8325945.151148964 8353373.827168594
256 9653057.085049726 3767.742500975905 9645824.571331857 9658363.763734486
512 10465044.68022017 2842.990461043322 10460447.14871828 10470825.22362548
1024 10929385.04572564 1892.923603514997 10926139.27509229 10933357.6930174
2048 11186411.02382686 2674.193127150237 11181143.70261627 11189957.7929083
4096 11331592.37780082 3379.804184679408 11326253.75443393 11338086.36988718
8192 11418749.45375576 3355.503662701985 11412452.62904343 11423999.80316326
16384 11465334.96883642 3689.888866743146 11458187.43430831 11471100.38671132
32768 11496674.09934764 3180.470818553531 11492158.54406821 11502651.12171669
65536 11517935.02847545 13256.11832084786 11495763.97495103 11535995.49446156
131072 11542678.87654147 11609.60361619251 11522307.94971343 11561596.00201049
262144 11396835.75069761 18167.74565444365 11361919.99994827 11421542.20140314
524288 11226072.73284378 26743.15221909544 11181231.79309047 11274463.48543966
1048576 11140008.41537745 32229.30071187946 11088648.15014588 11221874.02314233
