16 2.0245845178124e-06 2.624100821549833e-08 1.983334186661523e-06 2.078704710584134e-06
32 2.462147108417412e-06 3.465912490104486e-08 2.359534846618772e-06 2.509559635655023e-06
64 3.374944412826153e-06 2.624493237370277e-08 3.292606379545759e-06 3.410491444810759e-06
128 5.1810915238093e-06 4.562495374248446e-08 5.119078196003102e-06 5.27349766343832e-06
256 8.763924824961578e-06 7.885293457455679e-08 8.607908966951072e-06 8.904280548449606e-06
512 1.583396942805848e-05 1.290025539042426e-07 1.569198502693325e-05 1.604040880920365e-05
1024 3.028195533261169e-05 4.577559946149213e-07 2.97859514830634e-05 3.107775410171598e-05
2048 5.876428440387826e-05 6.712933916379822e-07 5.799425707664341e-05 6.039837899152189e-05
4096 0.0001159096045739716 8.933061515809921e-07 0.0001147462171502411 0.0001174776698462665
8192 0.0002320034436706919 1.872737466611357e-06 0.0002300041378475726 0.0002359621576033533
16384 0.0004614156059687957 2.060083100463901e-06 0.000458269496448338 0.0004665327724069357
32768 0.0009258828940801322 7.846461364359894e-06 0.000915006035938859 0.0009407657198607922
65536 0.001852516288636252 1.207635255520225e-05 0.001835835631936789 0.00188148207962513
131072 0.003714283287990838 3.828143975390353e-05 0.003664589487016201 0.00377995241433382
262144 0.007406620890833437 7.861080861114451e-05 0.00731525756418705 0.007638437673449516
524288 0.01472370675764978 6.7439215336405e-05 0.01462548226118088 0.01487593725323677
1048576 0.02950197830796242 0.0001477346083834213 0.02927109599113464 0.02988362312316895


16 7904097.053294773 102142.8350448225 7697100.94874604 8067223.4198374
32 12999259.84776784 187464.4928384486 12751241.11232672 13561995.08808111
64 18964365.40685945 149540.9459278852 18765623.96817601 19437488.91382191
128 24707005.75501766 216453.4446016533 24272315.67531292 25004501.80658315
256 29212878.68872171 263426.0558359048 28750217.22496987 29740091.46505593
512 32337547.96600776 262497.4112463917 31919385.9763864 32628121.88013298
1024 33822701.64166737 506934.842084047 32949613.94727874 34378623.10969844
2048 34855318.36431953 393844.2306230388 33908194.79257013 35313841.46008503
4096 35339844.99470385 271607.2089559538 34866200.57548045 35696165.86694939
8192 35311961.37630212 282881.6200325197 34717431.3169765 35616750.53615326
16384 35508779.76547004 157993.9877790122 35118647.53996097 35751888.63098815
32768 35393460.25609185 299006.5209755336 34831201.12502481 35811785.61994707
65536 35378150.38475171 229643.9545389144 34832114.91073969 35698184.98993843
131072 35292138.82225563 362278.7674887732 34675568.79895277 35767171.32011478
262144 35396879.50406291 370033.3360271364 34319059.89246828 35835238.5681354
524288 35609121.49617739 162326.5053923205 35244031.42302332 35847570.05870304
1048576 35543397.29040134 177156.858954187 35088650.25094742 35822915.55866521
