16 7.851629675315053e-07 4.531253691642797e-09 7.797175385348964e-07 7.977923814905807e-07
32 1.187119806900228e-06 5.445962532820219e-09 1.17745594252483e-06 1.196424818772357e-06
64 1.860215036231239e-06 4.257896742213464e-09 1.851154138421407e-06 1.871578206191771e-06
128 3.238717170006566e-06 4.630525768189213e-09 3.228942659916356e-06 3.246455889893696e-06
256 5.996995469104149e-06 2.017222061283062e-08 5.964866431895643e-06 6.031890734448098e-06
512 1.151181891145825e-05 4.624703061822735e-08 1.144500856753439e-05 1.163279739557765e-05
1024 2.250912984891329e-05 9.469338910938133e-08 2.233618579339236e-05 2.261486952193081e-05
2048 4.46058775196434e-05 1.258281949884828e-07 4.437829193193465e-05 4.478461050894111e-05
4096 8.798711860436015e-05 1.546752473458215e-07 8.768128463998437e-05 8.822241215966642e-05
8192 0.0001772288815118372 7.996415231425979e-07 0.0001756767742335796 0.000178447226062417
16384 0.0003672801904031076 4.157022220381341e-07 0.0003661063965409994 0.0003677754430100322
32768 0.0007384362106677145 3.754580100045407e-07 0.0007375781424343586 0.0007389395032078028
65536 0.001480150007409975 5.381831173020052e-07 0.00147909764200449 0.001481281127780676
131072 0.002962918020784855 1.3375068463522e-06 0.002960030920803547 0.002964230254292488
262144 0.005926880403421819 2.312570055536355e-06 0.005922062322497368 0.005929438397288322
524288 0.01187000679783523 3.787462107544769e-06 0.0118650496006012 0.01188318431377411
1048576 0.02376071037724614 4.853529531447631e-06 0.02374806255102158 0.0237654373049736


16 20378566.18499945 116644.763732313 20055343.1835309 20520251.51321374
32 26956531.15302933 123798.2879785139 26746352.54794779 27177237.67343863
64 34404793.34553897 78637.30914296139 34195739.07639436 34573025.91483643
128 39521896.66453678 56510.57206845401 39427611.01374192 39641459.598826
256 42688495.52727004 143525.4359273467 42441087.09363472 42917976.94431236
512 44476700.42218013 178085.3582945074 44013488.9819918 44735658.95375305
1024 45493407.46503463 191675.2160061032 45279942.87152416 45844890.86327919
2048 45913574.63759457 129588.9243186561 45729994.67286029 46148689.16408785
4096 46552403.83003577 81906.70648743508 46428111.62980887 46714644.02943002
8192 46223597.39906818 208717.9703516721 45907129.97205467 46631093.01579005
16384 44609048.17641902 50569.42972018782 44548923.29380751 44752017.8691147
32768 44374866.06310982 22570.21197548812 44344631.53986377 44426479.19561447
65536 44276598.85454534 16098.89664994013 44242783.33862869 44308095.7868237
131072 44237479.44902138 19980.34414648599 44217887.53090123 44280618.51611281
262144 44229682.32658813 17264.96086067305 44210595.07421224 44265660.46158264
524288 44169144.88169908 14081.64553893944 44120160.569443 44187594.46007159
1048576 44130668.83863825 9017.008183934944 44121889.55515476 44154170.37693852
