16 2.941085028851376e-06 5.532719127684654e-09 2.931437848019414e-06 2.955436684715096e-06
32 4.244973979439237e-06 1.486367863222351e-08 4.220191840431653e-06 4.26998121838551e-06
64 6.873405936858035e-06 1.786346381167423e-08 6.846457836218178e-06 6.907814167789184e-06
128 1.207598097607843e-05 3.668573421913044e-08 1.201005579787306e-05 1.215333759319037e-05
256 2.247608063044026e-05 8.114031431667494e-08 2.235552528873086e-05 2.26439515245147e-05
512 4.340644591138698e-05 1.63812649689648e-07 4.303197783883661e-05 4.362054460216314e-05
1024 8.499083742208313e-05 3.198017056334337e-07 8.455541683360934e-05 8.564515155740082e-05
2048 0.0001687358198978473 7.784489448159129e-07 0.0001668068580329418 0.0001699955901131034
4096 0.0003356694578542374 1.240875341012554e-06 0.0003324736608192325 0.0003373379586264491
8192 0.0006718011718476191 2.47788991937677e-06 0.0006663380190730095 0.0006758975796401501
16384 0.001341187773505226 6.264681853890815e-06 0.001332529354840517 0.001352189108729362
32768 0.002687277446966618 1.129903147258257e-05 0.002663465216755867 0.002702374942600727
65536 0.005360258975997567 2.136028483246212e-05 0.005328336730599403 0.005421087145805359
131072 0.01072739087976515 4.672823846640792e-05 0.01064414158463478 0.01080889254808426
262144 0.02151937736198306 6.655824505748312e-05 0.021403469145298 0.02163140475749969
524288 0.0431488286703825 0.0001966299119121618 0.04286012053489685 0.04365912079811096
1048576 0.08644862100481987 0.0003056511389190442 0.08596262335777283 0.08685514330863953


16 5440187.154919746 10217.17304328823 5413751.57273667 5458072.396387385
32 7538413.059028872 26357.52568170671 7494178.162240084 7582593.685297242
64 9311308.750832044 24174.42536796817 9264869.96399368 9347899.531555735
128 10599644.64310447 32188.98142442454 10532086.27000698 10657735.66369844
256 11390025.16504962 41068.18955936423 11305447.2724361 11451307.75026102
512 11795640.94253512 44607.91326013189 11737588.43842151 11898128.45501879
1024 12048516.98732213 45189.83910461246 11956310.2099679 12110400.94586793
2048 12137559.33776346 56217.46184448924 12047371.33850002 12277672.65777257
4096 12202637.21799391 45232.70839819152 12142126.0052614 12319772.91045324
8192 12194239.85453985 45038.43653159956 12120179.51649042 12294060.62015864
16384 12216286.96767604 56991.99879078878 12116648.3994209 12295413.93627378
32768 12193956.42808727 51365.23352402955 12125630.49021782 12302770.01323555
65536 12226456.10460434 48493.70351001187 12089088.08092292 12299522.96814162
131072 12218659.05676475 53226.92275170341 12126311.68428359 12314003.80742843
262144 12181874.25422073 37646.26220431783 12118676.66195436 12247734.15096537
524288 12150924.56199232 55127.88191030083 12008670.59198052 12232536.76043965
1048576 12129612.71250655 42898.0962239748 12072698.97965499 12198045.60449337
