16 7.117252062016632e-05 2.554450393342306e-08 7.115563494153321e-05 7.126599666662514e-05
32 7.143555558286607e-05 4.102642324064572e-09 7.142795948311687e-05 7.14415218681097e-05
64 7.197229206212796e-05 3.727031195083191e-09 7.196594378910959e-05 7.197816739790142e-05
128 7.303650454559829e-05 3.718724307804215e-09 7.302942685782909e-05 7.304322207346559e-05
256 7.523667773057241e-05 8.602913541035689e-09 7.522339001297951e-05 7.525098044425249e-05
512 7.95257328718435e-05 5.719248266865181e-09 7.951294537633657e-05 7.953762542456388e-05
1024 8.810274812276475e-05 8.2977116707574e-09 8.809301652945578e-05 8.812133455649018e-05
2048 0.0001052649568009656 1.209850059382263e-08 0.0001052561274264008 0.0001053055457305163
4096 0.0001399517823301721 1.839333495041994e-08 0.0001399272587150335 0.0001399914617650211
8192 0.0002107148757204413 1.992085798039218e-08 0.0002106775064021349 0.0002107500331476331
16384 0.0003519185047480278 2.836317725500949e-08 0.0003518729936331511 0.0003519677557051182
32768 0.0006330856558633968 1.656214752883819e-08 0.0006330565083771944 0.0006331182084977627
65536 0.001195159100461751 2.260248768759598e-08 0.001195132732391357 0.001195203047245741
131072 0.002319637569598854 6.05286834916641e-08 0.002319581806659698 0.002319800667464733
262144 0.004570963676087558 1.015052599889258e-07 0.004570811986923218 0.004571195691823959
524288 0.009080835850909352 3.701914491169011e-07 0.009080216288566589 0.009081654250621796
1048576 0.01812062272801995 1.130094407012996e-06 0.01811881363391876 0.01812244206666946


16 224805.8912427651 80.5918186217752 224510.9975076378 224859.2119674963
32 447956.2010521845 25.72725081648113 447918.7895671672 448003.8381547734
64 889231.0961230849 46.04825796613459 889158.5089434491 889309.5349037157
128 1752548.278528106 89.23446528683617 1752387.098576509 1752718.123465292
256 3402595.7931665 389.0612882823446 3401949.030945187 3403196.797642704
512 6438167.672188178 463.0119824553931 6437204.99910571 6439203.045198394
1024 11622793.04940685 1094.587779087649 11620341.48885438 11624076.91712548
2048 19455667.75111777 2235.459474119887 19448168.52515027 19457299.54231921
4096 29267223.31165356 3846.093384504311 29258927.28283123 29272352.20366633
8192 38877179.60410867 3675.399067943285 38870693.76763229 38884075.19103324
16384 46556233.55612794 3752.188899895824 46549718.6444734 46562254.83755458
32768 51759188.85152431 1354.071117416893 51756527.54917693 51761571.93928701
65536 54834540.43620969 1037.003096039202 54832524.18994662 54835750.2257244
131072 56505379.03054088 1474.401820977746 56501406.27955166 56506737.38847329
262144 57349832.26678508 1273.510984113367 57346921.39058294 57351735.47938006
524288 57735654.45127357 2353.633535283127 57730451.47188944 57739593.78700709
1048576 57866444.19245327 3608.870856489872 57860634.68391635 57872221.72411145
