16 9.352407455409661e-05 1.130883795322156e-06 9.08896484475008e-05 9.592919923306908e-05
32 9.698528290069675e-05 1.733580007118894e-06 9.404345706798267e-05 0.0001021938476810647
64 0.000102681259159354 2.321340648779237e-06 9.913378903547709e-05 0.0001136416016151998
128 0.0001145067443779624 2.963622983599343e-06 0.0001096777343718713 0.0001282734374399297
256 0.0001365026855353335 3.871314344145387e-06 0.000130761718537542 0.000151707030909165
512 0.0001802084961042283 5.898518542393332e-06 0.000171273437445052 0.00019874218833138
1024 0.0002683413085264874 1.028135635480337e-05 0.0002543437494750833 0.0002854843751265435
2048 0.0004439697265183895 2.044237102052784e-05 0.0004201562514936086 0.0004842812522838358
4096 0.0007983535157336519 4.422978304012365e-05 0.0007520625003962778 0.0009086874997592531
8192 0.001506777344047805 8.805230927672274e-05 0.001414999991538934 0.001720875006867573
16384 0.002932203123691579 0.0001796789023327125 0.00273799998103641 0.003349749982589856
32768 0.005779578127658169 0.0003699399147135793 0.005379000038374215 0.006613999954424798
65536 0.01136769530421589 0.0007261128191475981 0.01067800004966557 0.01313000003574416
131072 0.0225736250040427 0.001410155485263434 0.0212850000243634 0.02620250004110858
262144 0.04524034375026531 0.00273706742916654 0.04252000001724809 0.05230400001164526
524288 0.09056048437832942 0.005376077993590133 0.08505699998931959 0.1043915000045672
1048576 0.1829160937541019 0.008225658821628252 0.1699589999625459 0.2087760000140406
