16 7.144467309039282e-06 3.019512638834304e-08 7.094092937975915e-06 7.203598725524785e-06
32 9.804219119113888e-06 6.067093173934838e-08 9.641816992811414e-06 9.891250250859684e-06
64 1.407883829773748e-05 1.224443372985073e-08 1.405477729576887e-05 1.410203719309777e-05
128 2.520734881295006e-05 1.159452591445481e-08 2.518765267467415e-05 2.523303478696448e-05
256 4.329137420944207e-05 1.529611096599147e-08 4.325696262696965e-05 4.331409001423481e-05
512 7.857846812697744e-05 1.696936608571828e-08 7.854188227440773e-05 7.859923965725102e-05
1024 0.0001490828110561893 2.255227446789668e-08 0.0001490512844384284 0.0001491381900393662
2048 0.00029010589829781 3.433492426393785e-08 0.0002900258508589104 0.0002901694325032622
4096 0.0005723046103369711 1.201414886111754e-07 0.0005721649499719206 0.0005726446261178353
8192 0.001137592644568031 2.821772240849371e-07 0.001137013822926747 0.001137972754122529
16384 0.002269548081301309 5.150845988933076e-07 0.002268515695504902 0.002270609075821994
32768 0.004529397295357285 1.288402585026906e-06 0.004527312427853758 0.004531765319370606
65536 0.009051020044353209 5.715919175780783e-06 0.009041563400387531 0.009059517131390749
131072 0.01809460765412041 7.053836678363415e-06 0.01807609447132563 0.01810569080771529
262144 0.03618223135254084 1.601414500564521e-05 0.03616200107353507 0.03621499540895456
524288 0.07239277325788862 2.805957240279466e-05 0.0723485070921015 0.07243100999039598
1048576 0.1447722304583294 4.632680504445645e-05 0.1446562751661986 0.1448607429338153


16 2239532.619378878 9452.826702222592 2221112.059352583 2255397.573712238
32 3264018.879332521 20329.92817595546 3235182.528843486 3318876.517139667
64 4545832.833305509 3954.008652964053 4538351.383112557 4553611.818471639
128 5077885.276019786 2335.334560424319 5072715.235431192 5081855.052285292
256 5913418.888698873 2089.792952330038 5910316.941112413 5918122.412052812
512 6515780.144266573 1407.313628485307 6514057.92514898 6518814.996197657
1024 6868665.909310027 1038.925777464534 6866115.243384051 6870118.589437611
2048 7059491.168264261 835.5266343314444 7057945.360860763 7061439.502495574
4096 7157028.084682925 1502.008821649616 7152778.203417822 7158774.755778058
8192 7201172.152185143 1786.46677992567 7198766.376719368 7204837.650006105
16384 7219058.686677627 1638.360349161757 7215685.066381913 7222343.681582252
32768 7234517.16616654 2057.866667440541 7230736.300473516 7237848.176414494
65536 7240733.551010633 4573.15014783534 7233939.62940047 7248303.982162096
131072 7243706.035794594 2824.67410593622 7239270.867485869 7251123.864611429
262144 7245104.525972627 3205.971480559687 7238548.480809194 7249156.357993929
524288 7242270.882294453 2807.518362559987 7238446.627618725 7246701.01806756
1048576 7242936.696939719 2318.242280542677 7238510.439498977 7248741.879985982
