16 2.419345854764998e-06 4.12959096559826e-08 2.324951168475309e-06 2.524658214042574e-06
32 3.707931520047225e-06 5.885083921086119e-08 3.596191390897729e-06 3.937499968742486e-06
64 5.99145507962362e-06 1.220469393692424e-07 5.781250024483597e-06 6.403320298886683e-06
128 1.040231322235741e-05 2.44788324211978e-07 1.003906231744622e-05 1.140820313594304e-05
256 1.922247314922743e-05 6.063141366576126e-07 1.843749987529009e-05 2.125390619767131e-05
512 3.701049811866142e-05 1.189428798824125e-06 3.526562522893073e-05 4.070312479598215e-05
1024 7.19987792763277e-05 2.514085334294789e-06 6.878125168441329e-05 7.915625064924825e-05
2048 0.0001424726562504475 4.548939584139628e-06 0.0001365312491543591 0.0001588437517057173
4096 0.0002820957028006887 9.263269383630421e-06 0.0002695625007618219 0.000318437501846347
8192 0.0005647421878620662 1.955476651609745e-05 0.0005394999898271635 0.000633250005193986
16384 0.001124617189361743 3.417241357554191e-05 0.001084249990526587 0.001266999985091388
32768 0.002257859373457904 7.209338536018642e-05 0.002146500046364963 0.002536999993026257
65536 0.004477289059650502 0.0001400190967739129 0.00427149998722598 0.004946000000927597
131072 0.008883632815013698 0.0002506845726256498 0.008610000018961728 0.01005799998529255
262144 0.01775499999985186 0.0005843945374282276 0.01719100004993379 0.01996599999256432
524288 0.03564443749837665 0.0009921077519490543 0.03433250001398847 0.03995499998563901
1048576 0.07144958593744377 0.001516162434964635 0.06930200004717335 0.07799800002248958
