16 2.598085886873491e-06 1.123454030552668e-08 2.582229792658097e-06 2.621497983135157e-06
32 4.83875162077263e-06 1.009021738336288e-08 4.826194426321706e-06 4.861579681936234e-06
64 9.33639347988624e-06 1.630567031701144e-08 9.305021503536182e-06 9.364122139032816e-06
128 1.835714573594771e-05 1.189683617405259e-08 1.833184656518938e-05 1.837576311913836e-05
256 3.652184659097557e-05 1.344313373196648e-08 3.649957503171208e-05 3.654504070738085e-05
512 7.264589420152845e-05 1.905306819646485e-08 7.261937406610741e-05 7.267651268705322e-05
1024 0.0001447676697061695 1.64732257409118e-08 0.000144747083254515 0.0001447936993201893
2048 0.0002890829450166166 2.662871418069545e-07 0.000288986849398043 0.0002900800861880271
4096 0.0005775056697316927 2.256225457385176e-08 0.0005774482823426297 0.0005775370959781867
8192 0.001154812397786031 1.248781841469754e-07 0.001154642444362253 0.001155007860916157
16384 0.002312223024745208 1.624758060809191e-07 0.002312027294010477 0.002312577847533248
32768 0.004631001911207022 1.772186188853082e-07 0.004630780465049611 0.004631311866432952
65536 0.009261948344146731 2.047967021677977e-07 0.009261687227990478 0.009262248444429133
131072 0.01852394140610159 4.196723514559442e-07 0.01852331275949837 0.01852475109262741
262144 0.03705049193786181 3.853021378519659e-06 0.03704837176337605 0.03706462351692608
524288 0.07410817508662149 4.27982769890058e-06 0.07410373518359847 0.07411937223514542
1048576 0.1482528097021714 8.766042243545329e-06 0.148243489995366 0.1482724813686218


16 6158487.615896739 26562.06305323695 6103380.625479232 6196195.259419538
32 6613302.900782368 13756.44816610693 6582222.671141178 6630482.97960695
64 6854914.921657434 11969.99262298956 6834596.884765785 6878006.673673792
128 6972764.298495346 4519.736689175368 6965697.107114317 6982384.428367469
256 7009504.075343257 2580.232268101431 7005054.449106052 7013780.291348007
512 7047886.720165616 1848.451715998237 7044917.003718713 7050460.109087587
1024 7073402.607836347 804.8622568232023 7072130.933926756 7074408.526764279
2048 7084477.514948322 6504.959153227724 7060119.248146205 7086827.667992387
4096 7092571.069933156 277.1058855425303 7092185.122866469 7093275.926604338
8192 7093792.987943226 767.0788679543268 7092592.420541683 7094837.055400915
16384 7085821.696478848 497.8795408511677 7084734.473901616 7086421.532498464
32768 7075790.654650288 270.7692691040024 7075317.090498161 7076129.012660708
65536 7075833.031551743 156.4577914096687 7075603.768695844 7076032.518344872
131072 7075815.950265183 160.3060544249637 7075506.674535821 7076056.086824373
262144 7075317.73387985 735.5408153766997 7072620.065337728 7075722.562769705
524288 7074631.118987446 408.5354563438127 7073562.338556838 7075054.971264684
1048576 7072891.269604243 418.1939995060146 7071952.868942173 7073335.901851596
