16 1.037307739260029e-06 5.268634127523108e-09 1.028564440730406e-06 1.05615234247125e-06
32 1.664024352088234e-06 7.02719491701914e-09 1.650878914460918e-06 1.682128925040161e-06
64 2.851028447992121e-06 7.856794747688085e-09 2.837890633600182e-06 2.867187390620529e-06
128 5.197662353850774e-06 8.532502533894643e-09 5.179687377676601e-06 5.2128905281279e-06
256 9.895080545163637e-06 7.992320865879196e-09 9.874999705061782e-06 9.910156222758815e-06
512 1.927233883236568e-05 3.02053755716492e-08 1.924218759086216e-05 1.947656255651964e-05
1024 3.812133797964634e-05 3.059096562199929e-08 3.807812390732579e-05 3.829687557299621e-05
2048 7.561767580455125e-05 3.966287098532757e-08 7.553124669357203e-05 7.568750152131543e-05
4096 0.0001506464843714639 1.003581390142018e-07 0.0001504999963799492 0.00015093749971129
8192 0.0003009667957485362 2.774976093457038e-07 0.0003005000035045668 0.0003020000003743917
16384 0.0006043554717507504 6.940868317627644e-07 0.0006034999969415367 0.0006072500254958868
32768 0.001215890622916049 6.634920161541907e-07 0.001214499992784113 0.001216999953612685
65536 0.00243117187255848 6.913187360842688e-07 0.002430499996989965 0.002433499961625785
131072 0.004862382813371369 1.910167856839208e-06 0.004860999993979931 0.004876499995589256
262144 0.00972602344063489 2.184777951622905e-06 0.009724000003188848 0.009740500012412667
524288 0.01946116406634246 3.760756016001168e-06 0.01945700001670048 0.01948650000849739
1048576 0.03894839843360387 1.987344170492085e-05 0.03894099994795397 0.03909849998308346
