16 1.332191466918431e-06 1.562331863972766e-08 1.296874984291208e-06 1.371337901900915e-06
32 1.779640199650601e-06 2.086776030248364e-08 1.735839873617806e-06 1.843749998897692e-06
64 2.718872060825106e-06 2.239005426029153e-08 2.667968715286406e-06 2.780273462121841e-06
128 4.483825691181664e-06 2.392957661237273e-08 4.427734438650077e-06 4.53515622211853e-06
256 7.925170891098787e-06 3.393430234822008e-08 7.863281552999979e-06 8.019530923775164e-06
512 1.486987308396692e-05 4.751592029525581e-08 1.477343721489888e-05 1.503125076851575e-05
1024 2.870654282105534e-05 7.181716567674378e-08 2.862499968614429e-05 2.896874866564758e-05
2048 5.637988272155781e-05 3.271474826504513e-07 5.612499808194116e-05 5.853124821442179e-05
4096 0.0001119433593430585 7.091832129227924e-07 0.0001114999977289699 0.0001168749950011261
8192 0.0002229453123163694 1.377949722333943e-06 0.0002222499897470698 0.0002324999950360507
16384 0.0004449726566235768 2.912791022307866e-06 0.00044299999717623 0.0004642499843612313
32768 0.0008887343738024356 3.873975776074924e-06 0.0008859999943524599 0.0009075000416487455
65536 0.001776085940036864 7.034245595209103e-06 0.00177199998870492 0.00180899997940287
131072 0.003551289069946506 1.215012007480409e-05 0.00354399997740984 0.003613499982748181
262144 0.00711039062935015 2.604612159879267e-05 0.007090500032063574 0.007230499992147088
524288 0.01423460156274814 5.0251843317756e-05 0.01419300003908575 0.01443849998759106
1048576 0.02848300781715807 7.004383753762212e-05 0.02840350003680214 0.02870450000045821
