16 7.950134052678304e-07 5.79894149239693e-09 7.866686981827797e-07 8.108873192913535e-07
32 1.355790615914509e-06 1.329588243631478e-08 1.340879222100355e-06 1.399824165471131e-06
64 2.380176299887626e-06 1.769717419943199e-08 2.366142670684468e-06 2.433681933311505e-06
128 4.423695781075043e-06 1.204322172459887e-08 4.411536997039889e-06 4.455238230782754e-06
256 8.707670298813142e-06 2.369390317335323e-08 8.678146960150457e-06 8.758956749232993e-06
512 1.699588958214981e-05 4.728868394112392e-08 1.69537020831001e-05 1.713754093657371e-05
1024 3.347630312822147e-05 1.148144832178809e-07 3.341027579750744e-05 3.379693865923628e-05
2048 6.634271895400445e-05 2.40448766547748e-08 6.631750476060461e-05 6.639879022429795e-05
4096 0.0001321658203146114 2.497452271475964e-08 0.000132144048848204 0.0001322312183731356
8192 0.0002639323971891372 5.466400408166932e-08 0.0002638676824062713 0.0002640424272044584
16384 0.0005288727184691311 4.172403197784037e-08 0.0005288134840384373 0.0005289842926003985
32768 0.001066233886504619 1.795331050911233e-06 0.001065519506937562 0.001072957104724992
65536 0.00213135452474944 1.263098696994444e-07 0.002131047014700016 0.002131597619154491
131072 0.00426726129819599 1.934542174277046e-05 0.004262141436811362 0.004339805295785482
262144 0.008524710973460969 1.892115959146125e-07 0.008524407165168668 0.008525108092726441
524288 0.01705585657532538 7.529568663650373e-07 0.01705490496897255 0.01705740566467284
1048576 0.03414031265492667 2.050247530975493e-06 0.03413775173976319 0.03414362129115034


16 20126442.17540884 145566.1192712897 19731471.46262275 20338930.52686641
32 23604544.72052279 226271.770981608 22860013.98556364 23864938.37220861
64 26890137.43360148 196967.5991825993 26297602.46151615 27048242.18460434
128 28935282.20677638 78457.45536330267 28730225.71848224 29014830.90494019
256 29399571.08901563 79771.92928520335 29227225.03709331 29499385.20003602
512 30125148.50388176 83405.79644582828 29875931.55254417 30199893.65687717
1024 30589136.77749037 104193.3533543329 30298602.19958572 30649253.12817667
2048 30870007.80775388 11183.43300649914 30843935.45547695 30881740.91279439
4096 30991372.25745459 5854.797692805725 30976043.70884443 30996477.22089356
8192 31038252.28216761 6427.50739530049 31025316.97929217 31045863.31033505
16384 30979098.60621493 2443.794809689835 30972564.26926968 30982568.51334206
32768 30732550.33867243 51445.92184433002 30539897.49981545 30753073.76978895
65536 30748521.40025426 1822.285944231256 30745014.63648435 30752958.3101316
131072 30716301.83777711 137076.0055863392 30202276.61533296 30752616.24777496
262144 30751071.90580133 682.5340972244855 30749639.43549986 30752167.85410473
524288 30739470.55326401 1357.009275728807 30736678.85414952 30741185.65619806
1048576 30713719.99851579 1844.435766364456 30710743.62788166 30716023.94889506
