16 2.282691955013405e-06 3.485195742898319e-08 2.199462898033744e-06 2.387207047149786e-06
32 2.830345155580005e-06 4.619258570893907e-08 2.736328156061063e-06 2.926269530689751e-06
64 4.018997183052875e-06 6.05573581217375e-08 3.869140641654667e-06 4.122070322409854e-06
128 6.231048580218612e-06 1.159218223572557e-07 6.031249995430699e-06 6.458984444179805e-06
256 1.06440429803456e-05 2.160993421365048e-07 1.032421869240352e-05 1.09726561277057e-05
512 1.956323237095603e-05 4.667880913998708e-07 1.874218742159428e-05 2.017968745349208e-05
1024 3.734936512955755e-05 9.320458421801655e-07 3.612500040617306e-05 3.851562360068783e-05
2048 7.302001938569447e-05 1.92465155272774e-06 6.984374704188667e-05 7.518750135204755e-05
4096 0.0001456064459262052 3.772841896239291e-06 0.0001381249967380427 0.0001489999995101243
8192 0.000286683593685666 8.297930320323094e-06 0.0002762499934760854 0.0002968750050058588
16384 0.0005710742193514307 1.748001605868929e-05 0.0005537499964702874 0.0005935000081080943
32768 0.001138484372859239 3.461385012913324e-05 0.001105999981518835 0.001186000008601695
65536 0.002277515621244675 5.922877141371848e-05 0.00221199996303767 0.00236599997151643
131072 0.004543789061244752 0.0001201340133856624 0.004421499965246767 0.004729999986011535
262144 0.008955109376984183 0.0001427814243060104 0.008843499992508441 0.009153000020887703
524288 0.01771014843507146 7.603626362084938e-05 0.01769649999914691 0.01830799999879673
1048576 0.03543360155890696 8.731370661400873e-05 0.03541050001513213 0.03605399996740744
