16 7.915233108413133e-05 1.305709283396628e-08 7.913355604216576e-05 7.917213017094582e-05
32 7.948861886664105e-05 1.90121407368016e-08 7.946544184278537e-05 7.952941074051978e-05
64 8.012853148731125e-05 1.874021680626665e-08 8.009852167845111e-05 8.015052191012728e-05
128 8.133757084394233e-05 1.164985000113683e-08 8.131958318813304e-05 8.135692543476125e-05
256 8.397486174427371e-05 1.71813622475092e-08 8.393468877443411e-05 8.39987653478147e-05
512 8.888709384713422e-05 1.445918340169975e-08 8.885975159955706e-05 8.890747849932268e-05
1024 9.868059374529281e-05 2.293574276854319e-08 9.86512570193554e-05 9.87210555507545e-05
2048 0.0001181067468207786 2.504836992129216e-08 0.000118075565893605 0.0001181496702145068
4096 0.0001575221230023516 2.137347818094602e-08 0.0001574892750966228 0.0001575585703221805
8192 0.0002381034872822596 1.585698603065023e-08 0.0002380690919778772 0.0002381318510344954
16384 0.0003966096107532735 3.116021040143247e-08 0.0003965604909126341 0.0003966777497339535
32768 0.0007135724985687375 2.357078576858919e-08 0.0007135284263313224 0.0007136053816338972
65536 0.00134752758199852 3.842953746411406e-08 0.001347462976582392 0.001347593820355542
131072 0.002615624787495108 5.436182926979485e-08 0.002615546994093165 0.002615714855892293
262144 0.005153840816603861 1.364976708185368e-07 0.00515366407307738 0.005154062176188745
524288 0.0102360163892854 6.71126256485897e-07 0.01023446819090168 0.0102375327678601
1048576 0.02042260796611117 1.348295572439928e-06 0.02042090920804185 0.02042584343143972


16 202141.8723748222 33.34509700254429 202091.3162934145 202189.8269234168
32 402573.3768201754 96.27059139052196 402366.869087038 402690.7704522537
64 798716.787818315 186.8149989378681 798497.6076857385 799015.9950382444
128 1573688.532046688 225.3897646354509 1573314.125576698 1574036.597111814
256 3048531.485861412 623.8249739853186 3047663.842914568 3049990.45970104
512 5760116.463952598 937.0213001544404 5758795.645114382 5761888.715459252
1024 10376914.17321919 2411.710113431607 10372660.56655503 10379999.51484745
2048 17340246.3574719 3677.231446798044 17333945.97108693 17344824.76963441
4096 26002697.22515736 3528.068112243825 25996681.68874836 26008120.21953255
8192 34405208.12007896 2291.328480881518 34401109.99184784 34410178.70879791
16384 41310143.90622149 3245.445550963238 41303047.65263121 41315260.53514379
32768 45921052.30967336 1516.874949107744 45918936.21229871 45923888.65077168
65536 48634255.00558081 1386.980971374442 48631864.44614992 48636586.78490803
131072 50111162.99238061 1041.480728514244 50109437.46591511 50112653.41284525
262144 50863813.90124612 1347.110472668848 50861629.3398786 50865558.22864632
524288 51219926.0116218 3358.24930030089 51212339.13369824 51227673.9954193
1048576 51343883.50520492 3389.549200860369 51335750.39481692 51348154.44882669
