16 1.88688049322927e-05 7.586929388389023e-08 1.880200196069381e-05 1.919799802863054e-05
32 1.929058074345846e-05 6.912259368763926e-08 1.92304686947864e-05 1.963867191534518e-05
64 2.018457031383036e-05 5.820987504460219e-08 2.008691410537722e-05 2.046582028469857e-05
128 2.191296386655495e-05 1.008156311264106e-07 2.170898437725555e-05 2.214648429799126e-05
256 2.542779542125118e-05 1.866921835879465e-07 2.504687472537626e-05 2.583984360171598e-05
512 3.225317388455551e-05 4.01538311725988e-07 3.153906254738104e-05 3.320312498544808e-05
1024 4.570800777514705e-05 9.193931935512299e-07 4.442187491804361e-05 4.787500074598938e-05
2048 7.332714892527292e-05 2.156541183674281e-06 7.034374721115455e-05 8.08750010037329e-05
4096 0.000128502929555907 4.107064967317048e-06 0.0001220000049215741 0.0001366249998682179
8192 0.0002382636712354724 7.47615643266002e-06 0.0002256250008940697 0.0002531249920139089
16384 0.0004603671882250637 1.584216465644982e-05 0.0004314999969210476 0.0004975000047124922
32768 0.0009009062468976481 3.135572583670155e-05 0.0008449999731965363 0.0009655000176280737
65536 0.001781437498721061 6.712659690157987e-05 0.001669000019319355 0.002024499990511686
131072 0.003542851567544858 0.0001178167026224828 0.003322999982628971 0.004023000015877187
262144 0.007079640632582596 0.0001348367777420348 0.006671000039204955 0.00729550002142787
524288 0.01420456249616109 0.0002222482441041394 0.01352749997749925 0.01451050001196563
1048576 0.02802824218179012 0.0005090055741493965 0.02685500000370666 0.0290720000048168
