16 8.054637908649909e-06 4.686200421130959e-08 7.913330080100422e-06 8.164550791889269e-06
32 8.685913091888153e-06 9.671369850864363e-08 8.540527346667659e-06 9.304687523581379e-06
64 9.92855834169859e-06 1.977898366572896e-07 9.734374998515705e-06 1.081445304862427e-05
128 1.228088380145209e-05 1.167723079194485e-07 1.212695315189194e-05 1.299023438150471e-05
256 1.707250975613306e-05 1.543486639324003e-07 1.689453119979589e-05 1.804687508411007e-05
512 2.670727536724371e-05 1.850450112467422e-07 2.650781243573874e-05 2.766406305454439e-05
1024 4.585180676031086e-05 1.878300730602045e-07 4.560937486530747e-05 4.67343743366655e-05
2048 8.412597668439048e-05 2.541794096367945e-07 8.378124766750261e-05 8.496874943375587e-05
4096 0.00016066601563125 3.588143075376164e-07 0.0001600624964339659 0.0001618125024833716
8192 0.0003144101569887425 8.868177437121262e-07 0.0003132499987259507 0.0003180000057909638
16384 0.0006224609423952643 1.676293118843247e-06 0.0006202500080689788 0.0006292499892879277
32768 0.001237773432876565 3.502757256146576e-06 0.001233499962836504 0.001252500049304217
65536 0.002468609376592212 7.46869962633775e-06 0.002462000004015863 0.002503499970771372
131072 0.004927710938318342 9.591164258057427e-06 0.004917000012937933 0.004973499977495521
262144 0.009853999994447804 3.438553423354852e-05 0.009829999995417893 0.009998499997891486
524288 0.01970622656608612 5.303113554829504e-05 0.01966049999464303 0.01999350002733991
1048576 0.03943462499410089 9.979220699670464e-05 0.03934350004419684 0.03983949997927994
